Skewness: 1.5294288399188236, Average LID: LPCA: 72.81382978723404  |||  MLE: 53691.875990602864  |||  MLENB: 53691.875990602864  |||  TLE: 39817.879721796904
LPCA: -0.38535209315229746  |||  MLE: -0.04828944730952608  |||  MLENB: -0.04828944730952608  |||  TLE: -0.048289993205944244
node;in_degree;local_intrinsic_dimensionality_LPCA;local_intrinsic_dimensionality_MLE;local_intrinsic_dimensionality_MLENB;local_intrinsic_dimensionality_TLE
0;132;69;19.82446868932867;19.82446868932867;18.95617978354211
1;56;71;11.378045715150806;11.378045715150806;10.387148165154093
2;177;73;12.85918324932036;12.85918324932036;11.728231533226595
3;59;75;26.073506469059286;26.073506469059286;22.29785729481699
4;96;70;21.302691076086276;21.302691076086276;19.67675098637989
5;80;67;16.79593721450033;16.79593721450033;15.904734774829178
6;57;73;21.86345480305514;21.86345480305514;19.972239632443515
7;50;78;15.033855641217713;15.033855641217713;13.197324596605645
8;111;79;35.69375888760376;35.69375888760376;30.051095236036108
9;95;71;23.546963060171407;23.546963060171407;20.644270148140034
10;66;73;29.119801643662072;29.119801643662072;25.06649754347269
11;38;79;22.21919508437986;22.21919508437986;18.84600499830534
12;56;55;21.987045922394007;21.987045922394007;19.271771598177796
13;4;79;165.03032166981765;165.03032166981765;146.528451879046
14;152;75;38.81674829634897;38.81674829634897;32.87619727099434
15;30;79;27.735543046040664;27.735543046040664;23.017202544516067
16;50;77;37.31265589764069;37.31265589764069;30.783771096310275
17;52;76;12.539564106480572;12.539564106480572;11.102996118754477
18;18;79;40.42552861016114;40.42552861016114;34.071272482939705
19;170;79;42.30835104938725;42.30835104938725;37.67926588526797
20;28;79;29.950930341381163;29.950930341381163;25.63930945084929
21;42;78;37.97324568131565;37.97324568131565;31.365842224499872
22;104;72;40.721510655292995;40.721510655292995;34.5005025892197
23;44;77;13.175868958532426;13.175868958532426;12.267738134709589
24;85;71;30.84711602247142;30.84711602247142;26.283245117685816
25;94;76;28.139806634144726;28.139806634144726;24.304390671699906
26;91;65;29.679533996844047;29.679533996844047;25.996440660957937
27;45;79;19.86378990145096;19.86378990145096;17.01493650243274
28;78;70;25.016550394473658;25.016550394473658;22.32947124347176
29;218;73;19.355307623629283;19.355307623629283;17.13126953229371
30;65;72;40.35533898897852;40.35533898897852;33.903045674450574
31;78;76;32.735104224497825;32.735104224497825;28.441259941958133
32;92;73;28.798539812247775;28.798539812247775;24.477208528633255
33;9;79;115.81118630691667;115.81118630691667;99.25949275257706
34;19;78;33.04808154700234;33.04808154700234;27.034907315195674
35;43;73;58.81213475043637;58.81213475043637;46.08803487891973
36;33;78;21.00311174321205;21.00311174321205;18.11917573984378
37;95;73;20.456069420251122;20.456069420251122;18.39679046725399
38;28;79;34.17527882844629;34.17527882844629;28.777826622977397
39;108;66;37.26556073988487;37.26556073988487;31.614380020882546
40;48;74;28.01370113852387;28.01370113852387;24.102129913049723
41;148;79;48.85821031234137;48.85821031234137;40.89103647416604
42;89;75;35.8999031131076;35.8999031131076;29.849495425916643
43;21;76;29.715415411548513;29.715415411548513;24.608859753165557
44;23;79;31.397365866693473;31.397365866693473;26.29912947915
45;82;76;31.179266586438185;31.179266586438185;25.653008840950054
46;105;74;34.923723489023054;34.923723489023054;29.86934862229922
47;20;79;42.18068123193995;42.18068123193995;35.25921818565426
48;14;79;41.979523984773024;41.979523984773024;35.99542282988815
49;77;79;32.258640309695785;32.258640309695785;28.051594232044486
50;62;72;19.214582593672404;19.214582593672404;16.869930230399227
51;71;71;33.91142528296415;33.91142528296415;28.649489587164748
52;141;62;25.29761147643399;25.29761147643399;21.341665899916464
53;80;72;42.25670054088622;42.25670054088622;35.49892052026625
54;37;79;15.295217339223392;15.295217339223392;14.172774374371663
55;46;77;17.907647547966008;17.907647547966008;15.218827510321736
56;13;79;26.135532746422516;26.135532746422516;30.8707234099047
57;9;79;34.04031032459528;34.04031032459528;39.48939687005344
58;16;78;32.67764058514565;32.67764058514565;33.53091421278314
59;45;77;26.208726871627043;26.208726871627043;23.600122744956774
60;33;79;23.7186225421169;23.7186225421169;19.88555171182463
61;16;79;32.91640845275184;32.91640845275184;26.547028093444727
62;62;75;23.387329565817925;23.387329565817925;20.62046820101345
63;133;75;27.32964027238056;27.32964027238056;23.41138055211398
64;149;79;55.33688189394831;55.33688189394831;45.90955628374496
65;33;76;21.006954670683513;21.006954670683513;19.764346582287875
66;42;77;55.66343286251758;55.66343286251758;45.49228233666878
67;156;79;116.55030641216344;116.55030641216344;178.70364403956276
68;41;76;61.269126835856504;61.269126835856504;49.3966666531328
69;40;66;35.735267731291145;35.735267731291145;29.967415174952237
70;10;79;49.24662940283252;49.24662940283252;40.307875623768
71;24;78;25.52096088015787;25.52096088015787;23.794890144474877
72;155;74;18.04357753719965;18.04357753719965;16.719474523555366
73;71;58;32.539768619460645;32.539768619460645;27.708576333412058
74;67;79;39.72692503853198;39.72692503853198;34.56045776579741
75;22;79;29.820405208537323;29.820405208537323;24.844616232367077
76;104;76;32.81989156776626;32.81989156776626;28.254135685611416
77;69;74;35.21268901176907;35.21268901176907;30.17194473807247
78;19;73;35.36988175049886;35.36988175049886;28.554603816727173
79;57;79;38.573271084190445;38.573271084190445;33.278967597774056
80;32;76;21.746574498316473;21.746574498316473;18.20554009818655
81;67;79;34.984517799053265;34.984517799053265;30.354603084214915
82;12;79;54.13667995004936;54.13667995004936;48.54769556166046
83;84;78;34.17427672309612;34.17427672309612;28.903777299624497
84;48;79;18.22782744684319;18.22782744684319;15.684138124389621
85;42;79;21.059624031670488;21.059624031670488;18.14125319439532
86;51;79;17.14836820646045;17.14836820646045;14.812878185690975
87;64;79;30.647270585753354;30.647270585753354;26.887215419048786
88;5;79;174.92824150038396;174.92824150038396;146.76469149123344
89;12;79;54.51712684274598;54.51712684274598;43.93638119772753
90;21;79;41.120009544348505;41.120009544348505;35.68972370156373
91;63;79;11.913688451088637;11.913688451088637;10.69209480237472
92;98;79;28.645668509993772;28.645668509993772;25.226402123430844
93;141;79;36.78706492332325;36.78706492332325;31.885611828784448
94;123;77;41.63953630564937;41.63953630564937;34.12098848148663
95;2;79;522.3274662229518;522.3274662229518;438.57651411499006
96;23;78;55.85921093935268;55.85921093935268;44.899045010579236
97;58;77;20.999085747849083;20.999085747849083;18.661817689030936
98;42;79;18.634002645105554;18.634002645105554;16.04540745957947
99;112;75;34.94290281881664;34.94290281881664;30.26450702207474
100;66;75;19.81575553412694;19.81575553412694;17.422576030914833
101;65;79;27.711229349632852;27.711229349632852;23.404273360386654
102;61;79;14.932653699370885;14.932653699370885;12.784485364036355
103;26;79;27.749082907736792;27.749082907736792;23.957903382725394
104;39;79;22.14427739090653;22.14427739090653;18.047411235449097
105;42;79;30.761414946440457;30.761414946440457;25.629725858606303
106;37;76;45.56519720859691;45.56519720859691;37.897338081764524
107;31;79;22.387996848203652;22.387996848203652;19.145800483033163
108;37;78;26.37004743846869;26.37004743846869;22.432084857237403
109;17;79;46.638350395074475;46.638350395074475;38.38896558075121
110;58;70;39.76052516321117;39.76052516321117;33.309155454666026
111;93;71;34.769056584322485;34.769056584322485;28.925983232814353
112;79;79;22.43470128694021;22.43470128694021;19.877666266184175
113;45;79;15.882632390188967;15.882632390188967;14.221825072107828
114;27;79;31.318722541431402;31.318722541431402;26.5134813511604
115;22;74;27.273717589543946;27.273717589543946;22.415880263652816
116;51;79;47.69735323684677;47.69735323684677;39.712580364123646
117;127;76;23.73746391916665;23.73746391916665;21.2336868419903
118;8;79;43.3793109985833;43.3793109985833;43.39874378429142
119;164;78;22.53354328186018;22.53354328186018;19.245796684778536
120;181;75;30.1604020703529;30.1604020703529;26.488802835596235
121;19;78;30.236978671952322;30.236978671952322;27.239796953795306
122;217;64;23.731948318041734;23.731948318041734;20.28112979492158
123;21;79;66.9007722508836;66.9007722508836;55.0756736022522
124;71;77;31.667597209084757;31.667597209084757;27.505619666725742
125;32;75;12.864797298410904;12.864797298410904;12.408392370274203
126;17;79;63.13330337804935;63.13330337804935;53.656474992961485
127;6;79;92.4792485187019;92.4792485187019;75.88249227703713
128;14;78;47.42696369195633;47.42696369195633;37.86558282056328
129;24;79;40.94709413225942;40.94709413225942;33.69393583110997
130;119;78;29.43254584199948;29.43254584199948;24.864014082982276
131;34;78;37.47329417040403;37.47329417040403;30.53040773100626
132;52;73;9.484953647512238;9.484953647512238;9.302470181296142
133;29;78;15.016834310430049;15.016834310430049;15.152603316414162
134;16;77;59.93956270488543;59.93956270488543;47.46543365976014
135;32;77;14.994427778947472;14.994427778947472;14.40300077819823
136;123;65;23.935701443532825;23.935701443532825;20.831080542612185
137;7;79;74.92959695595094;74.92959695595094;69.54296666596007
138;141;74;24.3001804138268;24.3001804138268;21.802446140260145
139;38;77;12.544555114308748;12.544555114308748;12.088326902324862
140;11;79;88.5901994891863;88.5901994891863;73.65025753175455
141;51;71;16.492701665851612;16.492701665851612;15.290932672384574
142;61;75;35.07914255189449;35.07914255189449;29.284622742659007
143;38;79;17.41474508628851;17.41474508628851;15.750749717981567
144;60;67;42.69237766933547;42.69237766933547;35.15208791705438
145;117;67;17.277324478696364;17.277324478696364;16.236045361660747
146;25;79;44.61073098685291;44.61073098685291;36.90879007315104
147;47;79;41.387398457692804;41.387398457692804;34.272568210686444
148;74;79;24.923359526703365;24.923359526703365;22.44077551786023
149;101;79;29.059433509057353;29.059433509057353;25.62592363134059
150;14;79;44.63816272667085;44.63816272667085;39.773543797429596
151;83;63;35.804568463589796;35.804568463589796;27.779804158973096
152;49;78;36.48288158332165;36.48288158332165;31.10684133210691
153;47;79;26.95522275330836;26.95522275330836;23.358661426794264
154;63;78;37.8302690369092;37.8302690369092;32.10505841372945
155;36;79;25.55913527799737;25.55913527799737;21.834610189757054
156;27;79;25.562558709956964;25.562558709956964;20.591034312258696
157;52;79;16.3756641828834;16.3756641828834;14.28133584054915
158;16;79;69.65630885800893;69.65630885800893;57.47611516269949
159;79;79;29.93560076970565;29.93560076970565;25.979237781697844
160;51;74;30.35634413712931;30.35634413712931;25.68886039883373
161;78;74;24.853008294503926;24.853008294503926;21.353405008797992
162;61;74;43.50843097826088;43.50843097826088;35.24855648958117
163;71;69;30.670621382876032;30.670621382876032;26.28398650131883
164;33;77;19.004394289889348;19.004394289889348;15.885686358702916
165;13;79;58.74659249270339;58.74659249270339;48.24824162988085
166;25;78;34.09243785623732;34.09243785623732;29.552495033129546
167;31;79;28.756439024672478;28.756439024672478;24.114971276217403
168;22;79;35.34877820842115;35.34877820842115;30.690859643513225
169;39;79;16.82620070021064;16.82620070021064;15.128058888118925
170;21;79;40.02418763371201;40.02418763371201;34.82836900301429
171;56;79;41.23198365343554;41.23198365343554;33.71121676696873
172;45;79;20.313450311435343;20.313450311435343;17.40015754763768
173;78;73;30.452098472979646;30.452098472979646;26.17028558126563
174;35;79;20.41615447755144;20.41615447755144;18.190252353424757
175;38;79;20.07777692389244;20.07777692389244;18.24559082549472
176;43;76;37.05837099679835;37.05837099679835;31.099159483753244
177;27;79;32.92923703642382;32.92923703642382;27.59107328642963
178;53;77;39.36191573050858;39.36191573050858;33.19002447382804
179;55;77;47.363320341531505;47.363320341531505;39.05843141591114
180;12;79;42.03604091239688;42.03604091239688;33.50651583292512
181;33;79;26.405602160971025;26.405602160971025;22.890122607851186
182;54;79;17.110652078655413;17.110652078655413;14.526225652510009
183;45;75;53.92781822575667;53.92781822575667;43.28278844745083
184;49;79;51.54727366823492;51.54727366823492;42.630292842536385
185;22;79;42.763111985675046;42.763111985675046;35.04319839994045
186;33;79;22.717664119110406;22.717664119110406;19.365829057274116
187;36;79;23.501704954161127;23.501704954161127;20.655689429134696
188;178;75;40.95746094860296;40.95746094860296;34.13594417630328
189;48;77;38.965666293439284;38.965666293439284;33.06822350732498
190;26;79;37.38420751457036;37.38420751457036;30.931704597325403
191;26;79;27.203007819526583;27.203007819526583;24.036555898939536
192;167;74;38.14576445690573;38.14576445690573;32.582538033068644
193;62;76;51.262490574927;51.262490574927;42.206942549017064
194;54;79;17.030210718319996;17.030210718319996;14.6426661071471
195;157;77;20.843154489334378;20.843154489334378;18.579009189946753
196;248;79;34.68686843131154;34.68686843131154;29.61567332472058
197;151;77;25.47896360868659;25.47896360868659;22.19364415478774
198;20;79;56.089323408712346;56.089323408712346;46.45679376337549
199;62;72;34.81368043217298;34.81368043217298;28.309760575002713
200;20;79;42.40071111899429;42.40071111899429;36.5636272625711
201;185;79;48.2956445278034;48.2956445278034;39.63897076022466
202;79;77;27.862045275528804;27.862045275528804;24.144334771664404
203;28;79;70.36397925192769;70.36397925192769;56.38302234602698
204;32;75;47.88740794227538;47.88740794227538;38.67519095140858
205;314;78;29.07304224709037;29.07304224709037;24.96135619668942
206;133;77;29.837387814586155;29.837387814586155;25.969379432466642
207;64;79;29.617209170000265;29.617209170000265;25.388840899279888
208;64;79;23.477029062734047;23.477029062734047;20.420197662745295
209;38;65;34.86960558610596;34.86960558610596;29.617850976301035
210;15;79;50.81326689539094;50.81326689539094;43.06602952460638
211;95;74;28.916167324320252;28.916167324320252;24.913374178346313
212;10;79;87.3456105836567;87.3456105836567;71.61942975189312
213;25;72;60.01794237188581;60.01794237188581;48.116862964983916
214;10;78;66.46493186369699;66.46493186369699;51.00498475164937
215;39;78;18.317921397145163;18.317921397145163;15.866459335722125
216;47;77;63.810398614824;63.810398614824;52.310357842256785
217;52;68;40.290410955132806;40.290410955132806;33.01595622281685
218;32;79;26.570831974387005;26.570831974387005;23.186405428746408
219;141;79;44.51317301638097;44.51317301638097;50.97065931862244
220;46;79;16.459557222102223;16.459557222102223;14.600627163193433
221;19;79;45.40595153654074;45.40595153654074;39.00169635631114
222;34;79;26.70984251074604;26.70984251074604;22.525549522718762
223;272;78;32.243430575769004;32.243430575769004;27.74304465324143
224;26;79;28.815731652777902;28.815731652777902;24.952780771111364
225;52;78;30.55217433763258;30.55217433763258;26.11147461757954
226;41;79;23.43543683736266;23.43543683736266;19.453031905306208
227;59;77;55.35985581760799;55.35985581760799;45.35038468995379
228;105;77;35.50467049576014;35.50467049576014;30.460243892695576
229;103;77;48.61119797514091;48.61119797514091;40.74140219320596
230;61;76;10.460491705888714;10.460491705888714;9.730565110299596
231;236;78;22.042800783636118;22.042800783636118;20.28595017433645
232;61;76;53.05651055716301;53.05651055716301;43.604859019424715
233;40;79;42.5281573307346;42.5281573307346;35.84224339406641
234;6;79;166.77465262981292;166.77465262981292;142.54585856706285
235;84;79;25.793564751314904;25.793564751314904;23.248736572080343
236;40;78;19.40975030312011;19.40975030312011;16.823528310133007
237;5;79;147.6076522553021;147.6076522553021;127.76926691689542
238;32;72;63.251251795858515;63.251251795858515;50.45079030260436
239;21;79;36.08018238070848;36.08018238070848;29.79728178581789
240;10;79;73.67675387010945;73.67675387010945;63.84823068089994
241;53;66;39.307886674691005;39.307886674691005;32.9184647705404
242;164;73;15.08035295187992;15.08035295187992;13.624336930660895
243;51;78;27.303376046243194;27.303376046243194;24.19457264685133
244;61;76;42.63538544919626;42.63538544919626;35.53297186041999
245;86;78;41.11061266923445;41.11061266923445;34.420930455250605
246;78;74;39.570141226360505;39.570141226360505;33.729331733049264
247;128;77;25.22986489955018;25.22986489955018;20.677900684130815
248;19;79;44.712131149621726;44.712131149621726;38.10540025341384
249;90;79;28.325724569463237;28.325724569463237;24.26572137470848
250;60;71;47.66093597326196;47.66093597326196;39.6138986256692
251;179;79;13.43873181414969;13.43873181414969;11.909351681638219
252;41;78;56.30135458227352;56.30135458227352;45.765850203777724
253;41;79;21.6638071104698;21.6638071104698;18.054837387593498
254;63;71;52.49899506466195;52.49899506466195;42.92412892069917
255;14;79;64.16576116322224;64.16576116322224;53.02340406736635
256;43;66;39.138539670696815;39.138539670696815;32.184172960972624
257;39;79;20.75123702788229;20.75123702788229;17.980687921490553
258;23;79;30.669993850473134;30.669993850473134;25.37486492395727
259;116;70;27.141693671403434;27.141693671403434;24.10539383060376
260;43;79;55.32231037129461;55.32231037129461;44.25946736255833
261;23;73;27.741332123759463;27.741332123759463;24.042961106939657
262;40;78;41.41456008494464;41.41456008494464;35.079495076269225
263;48;79;29.304053159468943;29.304053159468943;25.162581171946982
264;86;71;21.461793902754685;21.461793902754685;18.864899731996957
265;82;77;34.17450063966778;34.17450063966778;29.313924113748648
266;80;71;22.071675940798535;22.071675940798535;19.414697655108974
267;78;72;13.971088991015867;13.971088991015867;12.437297504549258
268;89;73;25.50839524676536;25.50839524676536;21.725664232794976
269;84;73;29.89310246865842;29.89310246865842;24.81295186806251
270;18;79;33.980363717332494;33.980363717332494;30.80803606140558
271;84;73;25.031003741295365;25.031003741295365;21.550394683014396
272;17;79;39.71591708772135;39.71591708772135;34.014530906742365
273;95;68;24.402859102435883;24.402859102435883;21.07052356089729
274;14;79;37.37173325729493;37.37173325729493;34.1507414899747
275;231;78;29.051423422602213;29.051423422602213;25.24458245141386
276;112;77;29.880803315251942;29.880803315251942;26.231179546530036
277;134;71;33.55825410674516;33.55825410674516;27.91193087758961
278;138;68;14.954111685080553;14.954111685080553;13.542844274804196
279;92;60;15.584570552672954;15.584570552672954;13.774357207765444
280;92;66;28.659479823887107;28.659479823887107;24.026591829415853
281;145;72;18.85446928239707;18.85446928239707;16.80547574035771
282;125;57;32.31863340620489;32.31863340620489;27.106321984956043
283;68;55;20.024179234954044;20.024179234954044;17.741168340187535
284;64;74;20.191919984283505;20.191919984283505;18.080932710247687
285;199;56;19.28471850440753;19.28471850440753;17.527385877076846
286;86;56;28.090692041164665;28.090692041164665;23.288760823650293
287;150;56;20.201113269296183;20.201113269296183;17.71214170496777
288;58;69;14.268158889524587;14.268158889524587;12.31266454438651
289;252;57;24.80000420534351;24.80000420534351;21.555592082880086
290;95;69;16.52560818340206;16.52560818340206;14.654559734827865
291;118;74;24.548382366556943;24.548382366556943;21.610067054966738
292;87;76;29.293824462159694;29.293824462159694;24.877871820255738
293;195;55;9.10439725200664;9.10439725200664;9.068074013423253
294;148;57;8.62894067118384;8.62894067118384;8.832687013808359
295;174;56;13.478479268282387;13.478479268282387;12.480278816745042
296;95;67;14.095462590204011;14.095462590204011;12.769911580813174
297;37;77;35.95263501540655;35.95263501540655;31.211925413498737
298;93;79;34.672890657428084;34.672890657428084;29.853342613800596
299;60;75;43.33129877785076;43.33129877785076;36.17150874930539
300;30;60;30.421909236663417;30.421909236663417;23.916629735801198
301;140;59;22.641858956939267;22.641858956939267;19.56933858091503
302;137;76;23.41129291663193;23.41129291663193;20.609918008741143
303;159;57;24.25911803572101;24.25911803572101;21.267024839181847
304;32;76;22.647809316363897;22.647809316363897;18.737723430484643
305;72;74;16.91695518173062;16.91695518173062;15.798107906550841
306;39;78;16.59038132077621;16.59038132077621;14.997087161491317
307;159;74;22.844257928358424;22.844257928358424;20.927652574724274
308;75;75;22.683796228482244;22.683796228482244;20.05530702276945
309;38;79;14.079446612185293;14.079446612185293;13.458714633938044
310;100;71;21.18090185175256;21.18090185175256;19.259755968024006
311;17;79;43.126967767134204;43.126967767134204;37.70015108113616
312;26;75;23.962364879588655;23.962364879588655;19.643052515349265
313;89;75;15.877071382272998;15.877071382272998;14.91442410590278
314;280;75;29.1635666798455;29.1635666798455;25.12261383207033
315;45;75;39.95018644697444;39.95018644697444;32.95672377012721
316;69;69;21.848615434739422;21.848615434739422;19.49466004365913
317;82;79;27.86648025096765;27.86648025096765;23.96277955194788
318;37;78;16.213973816820285;16.213973816820285;14.636045499040273
319;108;79;31.72651870021632;31.72651870021632;28.252914446719373
320;53;68;24.38330007521436;24.38330007521436;21.572059096029456
321;89;74;34.40586764783895;34.40586764783895;29.16196575289411
322;84;71;19.07915556545277;19.07915556545277;17.37826760107701
323;158;74;19.811670300384822;19.811670300384822;17.82045932850862
324;86;77;24.314154019979632;24.314154019979632;21.08428127627182
325;61;79;38.836539793156284;38.836539793156284;32.82907424355776
326;216;76;24.040223936469385;24.040223936469385;21.620182068027717
327;34;78;48.941934148374706;48.941934148374706;39.50215396008863
328;211;75;26.73273093601572;26.73273093601572;24.083212349868948
329;55;77;40.00815311936078;40.00815311936078;33.69743238702263
330;68;78;25.44388299351107;25.44388299351107;22.43081852064796
331;274;76;25.738562630756398;25.738562630756398;22.645043537125694
332;157;79;32.0930694494034;32.0930694494034;27.64327847102104
333;298;72;24.667231922271363;24.667231922271363;21.82457046039445
334;124;76;30.544821028647686;30.544821028647686;26.18425281439896
335;25;79;30.1632755239727;30.1632755239727;26.33717724650024
336;214;58;20.46271978437661;20.46271978437661;18.33471330915972
337;35;77;20.218744273492984;20.218744273492984;17.729582444720027
338;87;73;21.444721970691564;21.444721970691564;19.073121939120828
339;244;76;26.381279713606805;26.381279713606805;23.255722164075713
340;60;79;40.59546502257843;40.59546502257843;33.643906965934285
341;141;69;18.926552285995616;18.926552285995616;17.1080964553641
342;195;56;13.390595138642885;13.390595138642885;12.45508235532958
343;163;67;16.64638273107551;16.64638273107551;15.511781905408313
344;153;68;14.193184551880574;14.193184551880574;13.357727319436218
345;98;73;21.033989064472582;21.033989064472582;18.4922592751393
346;96;70;31.174998525953143;31.174998525953143;26.268666657276043
347;82;76;37.08462425864717;37.08462425864717;31.499695020933558
348;60;79;44.849222435672914;44.849222435672914;36.39929168958782
349;23;78;23.85986058193374;23.85986058193374;19.60394817413324
350;97;68;27.441735301126762;27.441735301126762;23.359116887728845
351;331;72;16.191680811433116;16.191680811433116;15.373820391049687
352;175;74;17.98683849464962;17.98683849464962;16.1713277473365
353;91;74;29.74670089435381;29.74670089435381;26.085721894256704
354;151;67;26.84592225704725;26.84592225704725;23.26498089265558
355;80;73;21.99644357466937;21.99644357466937;19.029406940129302
356;55;69;19.30864045658923;19.30864045658923;16.833947620987704
357;33;78;46.96832268618523;46.96832268618523;38.08448653091883
358;97;79;51.175960446648375;51.175960446648375;41.79259266245113
359;68;78;33.461132058098286;33.461132058098286;28.679132097216552
360;75;74;25.85588733659567;25.85588733659567;22.241998821350162
361;84;78;37.60104028578784;37.60104028578784;31.781878179101493
362;138;68;21.372511831515187;21.372511831515187;18.79009678579648
363;53;69;28.483839380710528;28.483839380710528;23.460185900029007
364;36;72;21.473822141448768;21.473822141448768;19.20171697121131
365;148;71;27.20198551532064;27.20198551532064;23.512132697022995
366;52;76;31.30734515534401;31.30734515534401;26.773054351968355
367;92;58;14.59209308960457;14.59209308960457;12.914373619358946
368;91;60;11.884148875890874;11.884148875890874;10.68927320810277
369;49;69;38.01993160714844;38.01993160714844;31.35009900065664
370;56;77;37.61029978093424;37.61029978093424;31.438617431446712
371;63;78;30.0848817192881;30.0848817192881;26.00508438430339
372;29;79;27.830414945767885;27.830414945767885;24.359100483213382
373;295;62;32.98565141651871;32.98565141651871;26.680881095588553
374;46;76;31.41516213912655;31.41516213912655;26.32832961670976
375;107;71;12.336549079354878;12.336549079354878;11.58355398451904
376;29;79;65.87318960848356;65.87318960848356;52.557215563282426
377;74;76;41.12146607501942;41.12146607501942;34.54534905852954
378;126;78;36.22695968128033;36.22695968128033;30.58280280531197
379;105;78;34.37929549907398;34.37929549907398;29.735010338921363
380;81;75;25.26497859266851;25.26497859266851;21.978338248281833
381;88;75;30.06676500230626;30.06676500230626;26.219591115301945
382;126;77;32.000623924954574;32.000623924954574;26.952021314349015
383;146;76;29.11087766288778;29.11087766288778;24.8579889442035
384;41;79;23.01204235137491;23.01204235137491;19.138110529524234
385;22;78;61.9745281545666;61.9745281545666;47.764986672230165
386;39;79;20.266426365129107;20.266426365129107;17.142281295309775
387;38;79;48.515070821396755;48.515070821396755;40.371086307933815
388;35;78;44.402227756388434;44.402227756388434;36.96329699891578
389;11;79;73.164700374295;73.164700374295;62.34679266113831
390;116;64;26.128729882112474;26.128729882112474;22.47712476992336
391;87;76;41.58355653265996;41.58355653265996;34.99758944735257
392;15;79;55.065620756178674;55.065620756178674;46.30912328204236
393;127;73;19.08762426006841;19.08762426006841;16.665439688585174
394;37;75;39.99342814543901;39.99342814543901;32.769238536020325
395;158;58;22.675517279138578;22.675517279138578;19.190211928221192
396;50;79;14.99229854369852;14.99229854369852;12.970096119672656
397;90;72;26.282127333537314;26.282127333537314;22.874255564941006
398;5;79;100.40818160489451;100.40818160489451;85.71514214237345
399;107;73;16.184897942639285;16.184897942639285;14.515676386256679
400;83;71;16.137845691436098;16.137845691436098;14.503603891166751
401;355;79;27.791581765175145;27.791581765175145;23.512540788979837
402;109;61;13.281456457223584;13.281456457223584;12.014348047292863
403;128;56;12.377212060868535;12.377212060868535;11.3599917293144
404;59;79;16.369722322841227;16.369722322841227;13.895036340917784
405;264;79;44.18924438770556;44.18924438770556;36.62419240845784
406;109;75;25.222760884970537;25.222760884970537;22.076442098460475
407;62;77;48.86840924995628;48.86840924995628;40.3665303887639
408;22;77;50.11121222322953;50.11121222322953;39.95048814858597
409;157;79;22.312220485531494;22.312220485531494;19.81775751915565
410;14;79;54.44841200273326;54.44841200273326;47.69052650815368
411;131;62;24.345513660697755;24.345513660697755;21.290243607806755
412;86;70;42.982960041385425;42.982960041385425;35.26229105972919
413;32;79;20.69613302948282;20.69613302948282;18.29150522962817
414;29;75;31.153198927105745;31.153198927105745;27.204420333233205
415;57;75;33.04381029878213;33.04381029878213;27.347985882237452
416;25;79;23.154615945677445;23.154615945677445;21.74866299490845
417;32;62;36.490185411612515;36.490185411612515;30.935558061498458
418;149;79;10.642386533983423;10.642386533983423;9.636475026719983
419;106;71;14.53316827322204;14.53316827322204;13.270515590166035
420;56;73;33.38238386996721;33.38238386996721;28.138739858290254
421;52;66;26.11490825809671;26.11490825809671;21.8689488985344
422;49;69;37.71724328368385;37.71724328368385;30.731373535261604
423;98;64;23.735104113685004;23.735104113685004;19.84428047596184
424;50;68;35.79646407099889;35.79646407099889;28.44305274586795
425;159;55;12.044687301716019;12.044687301716019;11.0834510650369
426;70;65;26.26676379441603;26.26676379441603;22.78839383544544
427;279;57;18.096903475202428;18.096903475202428;16.384913627678095
428;103;56;11.573311189629761;11.573311189629761;10.758855872073088
429;98;60;11.811287459752105;11.811287459752105;11.027207794302848
430;109;57;11.296227600277419;11.296227600277419;10.747304858350773
431;139;62;15.178923896247628;15.178923896247628;13.453797928869594
432;162;56;8.769034283363677;8.769034283363677;8.88839816110589
433;87;64;12.143216271044261;12.143216271044261;11.488952832164621
434;84;63;11.91085989824735;11.91085989824735;11.16219521620412
435;107;56;10.17370016201444;10.17370016201444;9.683093006933923
436;130;65;19.814543507057934;19.814543507057934;17.4134917773369
437;93;64;39.052371198734406;39.052371198734406;31.789836715949562
438;129;58;14.584415107293443;14.584415107293443;13.020415939067917
439;154;55;7.553429328114418;7.553429328114418;7.92571583318621
440;62;66;10.188383811668135;10.188383811668135;9.26908318957325
441;138;55;7.042670237388432;7.042670237388432;7.648357337151104
442;63;60;21.41897947315636;21.41897947315636;19.7797081450252
443;60;58;15.533316877745788;15.533316877745788;13.280334255286158
444;59;61;18.46605466581585;18.46605466581585;18.463114192956276
445;59;60;19.052278826174604;19.052278826174604;18.527949582449562
446;68;66;28.005987893587243;28.005987893587243;23.97868451956067
447;66;60;20.469211021176086;20.469211021176086;20.159894141415712
448;118;55;7.917077018307178;7.917077018307178;8.516360245558115
449;117;56;9.470127553584408;9.470127553584408;9.85154123904098
450;175;58;15.912155835590232;15.912155835590232;14.502564804759361
451;92;55;15.136312329635478;15.136312329635478;13.842319839312658
452;94;62;15.774259142518419;15.774259142518419;14.648124059530856
453;80;69;19.593871133571025;19.593871133571025;17.458149681434822
454;100;63;18.94217805568106;18.94217805568106;16.454616429696095
455;101;63;16.396937808215693;16.396937808215693;15.094130070746488
456;74;59;14.692677582536763;14.692677582536763;13.882720099057938
457;162;64;18.037773307844052;18.037773307844052;16.391874951764667
458;76;69;16.80839077191431;16.80839077191431;15.456107569355357
459;130;63;17.37115153908338;17.37115153908338;15.54839606528547
460;88;63;17.193122734797562;17.193122734797562;15.614538540419746
461;81;61;17.47542880428353;17.47542880428353;15.603464289357484
462;124;63;13.070640449777086;13.070640449777086;12.777424291128002
463;115;61;25.847496984331265;25.847496984331265;22.56933049928281
464;64;65;17.700160330875683;17.700160330875683;16.18255786142246
465;87;59;13.354133465117782;13.354133465117782;12.939415953468536
466;126;73;19.27569649924784;19.27569649924784;17.376084810788118
467;155;53;28.115060463919363;28.115060463919363;23.926216817454026
468;27;78;11.506197623859583;11.506197623859583;12.076819129924012
469;67;70;20.630806382151487;20.630806382151487;19.26375604655714
470;161;69;17.45582501672505;17.45582501672505;15.804437444714472
471;57;73;10.511191971951803;10.511191971951803;9.68826579106682
472;108;50;17.53343733964984;17.53343733964984;15.726083681636242
473;320;70;19.229570126941127;19.229570126941127;16.96077797986329
474;39;69;36.59425073263635;36.59425073263635;30.536022213428026
475;29;78;25.331693842863853;25.331693842863853;21.70492627917799
476;52;65;18.102326310722887;18.102326310722887;16.593897463846428
477;131;63;13.306926464543782;13.306926464543782;12.926162838250878
478;56;62;26.985678860001137;26.985678860001137;22.56324958853156
479;48;70;29.340578263955134;29.340578263955134;24.955670260662338
480;125;56;12.52305389915042;12.52305389915042;11.748475050375578
481;89;68;33.54126981117595;33.54126981117595;28.857976522973676
482;82;71;20.869906128934748;20.869906128934748;18.484381753526193
483;104;73;32.785842615667455;32.785842615667455;27.301268899611994
484;112;76;26.203673202851075;26.203673202851075;23.147652251964573
485;241;63;37.82332005160999;37.82332005160999;30.637933429290207
486;29;62;28.56913590364261;28.56913590364261;25.754957090707112
487;22;79;28.028821694362065;28.028821694362065;24.212715657849067
488;78;65;26.062505314521093;26.062505314521093;21.792930644321515
489;66;62;30.96245424444687;30.96245424444687;25.494151214131662
490;203;49;25.1854676511241;25.1854676511241;22.165998259747766
491;113;62;32.266896264650214;32.266896264650214;26.781702585204773
492;107;64;16.853527801934117;16.853527801934117;15.592455054224137
493;122;78;28.085667969318777;28.085667969318777;23.97864635946832
494;139;60;16.511880060072762;16.511880060072762;15.218464612086828
495;87;73;34.10552391786881;34.10552391786881;29.650395086242657
496;11;79;82.24079465613973;82.24079465613973;66.547650012557
497;191;63;24.33620842996442;24.33620842996442;21.372110681020505
498;25;79;34.98343043921652;34.98343043921652;31.074743880106357
499;28;77;39.822569831420964;39.822569831420964;33.25185737810414
500;55;67;37.03571091289544;37.03571091289544;29.971475058799182
501;63;78;44.18972164536234;44.18972164536234;36.51124539826419
502;56;66;27.2064198785548;27.2064198785548;23.20825560357595
503;204;76;19.390056809966843;19.390056809966843;17.419414327719974
504;289;79;33.47263641997061;33.47263641997061;28.683458355687065
505;112;79;47.20959355868715;47.20959355868715;39.5884030989937
506;31;79;23.52285188885186;23.52285188885186;20.04549454789142
507;78;76;40.13496222121591;40.13496222121591;32.94472451286613
508;49;76;29.446526474626133;29.446526474626133;25.15360173348841
509;57;71;30.174000100109428;30.174000100109428;25.743287668533032
510;26;74;37.239634923333746;37.239634923333746;31.24941706927304
511;59;70;31.259276809989164;31.259276809989164;25.58370974679483
512;73;72;28.828356230724673;28.828356230724673;23.82273581089639
513;107;60;11.476540428072271;11.476540428072271;10.575413984964415
514;82;69;35.66783636823866;35.66783636823866;30.54239018558276
515;15;79;47.02256025243663;47.02256025243663;38.34238742629699
516;86;73;40.22793308842944;40.22793308842944;32.158426917730445
517;52;73;37.45790761469574;37.45790761469574;30.98935870891281
518;40;79;30.376561449216883;30.376561449216883;25.2708277911728
519;55;68;28.077511195386;28.077511195386;23.02927257201339
520;65;74;18.152024003112967;18.152024003112967;16.797583558149803
521;59;76;43.002061853820926;43.002061853820926;34.98882965371471
522;80;58;21.936645484347896;21.936645484347896;18.342902170497
523;80;65;29.530057086962852;29.530057086962852;25.277957488428626
524;307;72;17.74937338411001;17.74937338411001;16.672505786534284
525;52;70;18.650530512552113;18.650530512552113;16.644789992250033
526;63;73;29.55661974320131;29.55661974320131;25.115462797181696
527;80;77;46.77222473788194;46.77222473788194;38.06327440805676
528;124;60;16.57930576171441;16.57930576171441;14.609306918711049
529;132;70;19.293760934039117;19.293760934039117;16.97297349743702
530;77;57;31.645063847577003;31.645063847577003;25.838695067542655
531;64;66;18.815616948836027;18.815616948836027;16.93885072187453
532;105;65;25.877227332187733;25.877227332187733;22.500922878673936
533;45;74;26.786720638288088;26.786720638288088;22.806104138963985
534;136;59;34.49879331235988;34.49879331235988;28.889631972517645
535;149;55;11.364401076861686;11.364401076861686;10.686753314981878
536;119;57;15.367794274521072;15.367794274521072;13.605974461922619
537;54;68;43.839513835059186;43.839513835059186;35.32225015115972
538;77;68;11.50089196025967;11.50089196025967;10.27934792639084
539;98;73;39.87353068810619;39.87353068810619;33.362280305907106
540;47;62;30.38297726572046;30.38297726572046;24.449381991732547
541;134;46;17.628014616055143;17.628014616055143;15.77705292528087
542;42;74;37.76564960594402;37.76564960594402;30.50971363729558
543;306;65;27.70493280385523;27.70493280385523;23.265134380431167
544;246;63;14.70141607141285;14.70141607141285;14.129428728057091
545;110;63;24.59686107934775;24.59686107934775;21.360596074683635
546;167;65;15.16679637962178;15.16679637962178;14.441367987646492
547;121;71;11.859022528671222;11.859022528671222;11.237815335507483
548;37;79;17.46021534399296;17.46021534399296;14.858968332175472
549;53;72;19.73470946731887;19.73470946731887;17.0883395546507
550;48;79;21.468995215114568;21.468995215114568;18.47866978425435
551;18;79;29.79478699537072;29.79478699537072;25.93886999450932
552;105;67;8.51768315405697;8.51768315405697;8.478893822662709
553;184;56;19.22576793329341;19.22576793329341;17.04296116284145
554;69;60;29.092401213370664;29.092401213370664;25.363590336611143
555;134;66;17.469766030842607;17.469766030842607;15.726358186462127
556;155;62;18.25281186860114;18.25281186860114;15.868966220771494
557;80;61;23.840513576342495;23.840513576342495;20.414401899739126
558;154;55;23.52688570357786;23.52688570357786;20.41290197419208
559;103;59;17.08362718769951;17.08362718769951;14.535362112257202
560;81;72;31.570194188599373;31.570194188599373;27.442893051958034
561;53;78;41.77208812276408;41.77208812276408;34.92189675318241
562;125;66;25.016415700231;25.016415700231;22.44333070117995
563;139;49;13.841889858162022;13.841889858162022;12.82241598208549
564;65;69;17.42623833860172;17.42623833860172;16.176768137491756
565;70;74;37.67291815019801;37.67291815019801;31.428938310349903
566;249;69;17.39996758123215;17.39996758123215;15.938010882268397
567;182;58;21.965684212312787;21.965684212312787;19.511573269763822
568;32;79;20.428527904660008;20.428527904660008;17.096527508356136
569;121;63;15.579311255453028;15.579311255453028;14.033810078633286
570;72;68;16.005184306655938;16.005184306655938;14.004084647613421
571;35;63;31.962613929286398;31.962613929286398;25.372570591080038
572;17;79;31.770349281707684;31.770349281707684;26.171830591177144
573;39;78;13.30220711444841;13.30220711444841;12.629381829424517
574;208;64;18.029087031970423;18.029087031970423;16.610039277783258
575;61;68;34.055898934866754;34.055898934866754;28.570175299581926
576;125;58;16.691829440767798;16.691829440767798;14.800199442232445
577;81;67;16.756930305366847;16.756930305366847;14.46231290015467
578;98;62;22.49770765851131;22.49770765851131;18.91020814595272
579;115;63;10.335875956680374;10.335875956680374;9.851800522575594
580;151;69;22.584958022639047;22.584958022639047;19.947445829062122
581;79;69;22.476799220626923;22.476799220626923;19.50116435911487
582;34;72;25.28503444904888;25.28503444904888;22.09814031325125
583;117;77;34.96332137164181;34.96332137164181;30.179052636067706
584;94;71;14.056613166555769;14.056613166555769;13.221104112033386
585;103;76;25.14177696367684;25.14177696367684;21.131555140827512
586;30;79;21.690462292000387;21.690462292000387;18.291347197084704
587;122;53;19.660694300581575;19.660694300581575;16.901203967460344
588;31;78;25.468368035377598;25.468368035377598;20.785440151281193
589;127;57;10.01591592393892;10.01591592393892;9.791782728054567
590;122;50;16.34331888663484;16.34331888663484;14.313675854581327
591;141;58;14.868913439281764;14.868913439281764;13.546801024433297
592;23;78;30.18104147995711;30.18104147995711;25.228047050665708
593;67;73;32.652779043537194;32.652779043537194;27.38859043720522
594;239;77;68.52324950352383;68.52324950352383;55.68624367525844
595;59;79;48.299475504506425;48.299475504506425;39.60563044539248
596;67;79;33.20044868009424;33.20044868009424;28.6756750764676
597;73;73;15.843984444184903;15.843984444184903;13.858227971443737
598;75;73;17.433990573559292;17.433990573559292;15.164087193926388
599;84;67;34.008078458164356;34.008078458164356;29.01771730047898
600;87;72;28.03913121034547;28.03913121034547;23.717458339649397
601;199;78;23.52649422115849;23.52649422115849;20.619935250848098
602;105;73;35.97252717168393;35.97252717168393;30.686127106991187
603;76;55;28.99716285309319;28.99716285309319;23.321741387547625
604;185;65;24.205653382443668;24.205653382443668;21.388118071712604
605;194;72;19.90639988444855;19.90639988444855;17.86861807343692
606;171;58;14.597235937021495;14.597235937021495;13.558924718118138
607;52;74;40.1363216237271;40.1363216237271;33.307013736840474
608;99;70;19.742128202116316;19.742128202116316;18.007430582893072
609;19;79;24.318197536150127;24.318197536150127;20.151114472188652
610;56;74;11.603432333655496;11.603432333655496;10.266582253472485
611;87;59;32.2137045493255;32.2137045493255;26.21672229015944
612;197;56;17.797684287567304;17.797684287567304;16.16593157056437
613;118;52;33.393961837401754;33.393961837401754;27.64469616652432
614;77;75;35.782892487403146;35.782892487403146;29.587313709168846
615;361;73;30.189833610228085;30.189833610228085;25.64687130364978
616;43;70;25.161356258281725;25.161356258281725;22.10129001465039
617;25;79;35.3477043103712;35.3477043103712;30.31121593436837
618;184;76;24.163199113113663;24.163199113113663;21.073233208190757
619;34;74;40.27330284633679;40.27330284633679;31.91839105604543
620;144;60;22.162324314342854;22.162324314342854;19.783273705765144
621;83;79;26.307359027017206;26.307359027017206;24.06475059273785
622;40;79;10.542686198763036;10.542686198763036;10.252461478258493
623;48;56;19.108544483930782;19.108544483930782;16.70303746735799
624;118;61;12.791947802385316;12.791947802385316;11.91264647468202
625;72;60;20.776412675492644;20.776412675492644;17.724554779386967
626;96;58;11.066188541180855;11.066188541180855;10.590004819062374
627;83;55;13.280932938200277;13.280932938200277;11.849054640145038
628;83;63;14.021155429380476;14.021155429380476;12.982088624565158
629;23;76;25.747482252552533;25.747482252552533;21.60248695747326
630;131;76;29.264845979420983;29.264845979420983;25.477516653491
631;86;77;33.13729636337615;33.13729636337615;28.804476181490582
632;34;79;33.98654384138491;33.98654384138491;28.661392234576404
633;104;79;44.0666071602792;44.0666071602792;36.91498213784129
634;104;72;36.22987048372631;36.22987048372631;29.922424817079676
635;38;62;20.259921875340513;20.259921875340513;17.915726565786606
636;84;75;31.38723416556839;31.38723416556839;27.344462334035388
637;59;74;36.16833839101662;36.16833839101662;30.157426804545793
638;52;79;38.28028578608782;38.28028578608782;32.493787400568706
639;151;74;20.67776680604638;20.67776680604638;18.823735024297193
640;62;74;19.613119080565387;19.613119080565387;17.427474996772567
641;117;76;29.58961686798133;29.58961686798133;25.688056329379762
642;78;78;30.20451417583436;30.20451417583436;26.150648170227818
643;59;68;42.7952889751008;42.7952889751008;35.941084033390794
644;39;78;22.53909008244814;22.53909008244814;19.04281875474797
645;28;79;24.229847758492024;24.229847758492024;20.30661413350727
646;2;79;158.09019756627544;158.09019756627544;161.43071264338576
647;31;78;23.321136755446567;23.321136755446567;19.524241391093792
648;35;79;25.207965730211278;25.207965730211278;21.314205895684808
649;20;75;77.85622296543272;77.85622296543272;60.98100673995016
650;93;79;30.540573803980525;30.540573803980525;25.957159196902985
651;46;60;30.203967469260512;30.203967469260512;26.02161295261845
652;91;75;32.857245928919916;32.857245928919916;27.749155969923024
653;284;79;32.868880213078434;32.868880213078434;28.215578803979945
654;133;78;26.77050364937707;26.77050364937707;23.078097740107033
655;4;79;117.36826001422666;117.36826001422666;111.17315233597475
656;4;79;160.77435328255095;160.77435328255095;142.71500568002708
657;3;79;161.63975211619024;161.63975211619024;149.16054829558337
658;51;78;35.088358213964625;35.088358213964625;29.654806505819195
659;8;79;86.9618439873448;86.9618439873448;76.11526760084728
660;15;79;49.861210253117825;49.861210253117825;40.07319597316828
661;87;74;29.945153687727554;29.945153687727554;25.354379698795327
662;24;79;30.122041568440725;30.122041568440725;25.212674743403408
663;158;62;29.43750782512557;29.43750782512557;25.033291932708117
664;50;59;40.101046061191234;40.101046061191234;33.40704402252745
665;36;79;44.59113006997277;44.59113006997277;38.586212016586224
666;24;78;58.670244395687774;58.670244395687774;47.381907637520726
667;26;79;30.87649575836475;30.87649575836475;26.080487513198733
668;62;75;34.541896894919496;34.541896894919496;29.460674659605186
669;30;79;21.381925721243242;21.381925721243242;19.53642448338837
670;7;79;99.19518630404717;99.19518630404717;88.33716922502278
671;26;79;25.714708963942766;25.714708963942766;21.963709553490613
672;153;70;27.383968807368667;27.383968807368667;23.992275808615513
673;34;63;53.67293607832086;53.67293607832086;41.83381954327361
674;23;79;36.32986900830125;36.32986900830125;31.453236953475635
675;24;79;24.48839754131072;24.48839754131072;22.86076026795609
676;58;77;24.467591499810887;24.467591499810887;21.226827496213946
677;8;79;71.33448789893187;71.33448789893187;64.78980971182153
678;55;79;40.312157877932556;40.312157877932556;33.81112148960945
679;51;79;18.97849391795442;18.97849391795442;16.05996205518975
680;36;79;18.47981047827535;18.47981047827535;15.915075597794923
681;18;76;75.87210534693997;75.87210534693997;60.563938203342296
682;35;79;34.3930321744778;34.3930321744778;29.53718117383705
683;139;77;24.241813423899572;24.241813423899572;21.224248740255234
684;90;77;13.768232996616552;13.768232996616552;12.515469938292272
685;38;79;20.456723487311404;20.456723487311404;17.199363000850845
686;21;78;26.222567245992604;26.222567245992604;25.423431604374493
687;16;79;43.657098340520086;43.657098340520086;35.760067148968155
688;21;79;31.557309455642432;31.557309455642432;27.862006470860642
689;77;78;44.41007800264013;44.41007800264013;36.72642840093787
690;92;79;28.09966391616296;28.09966391616296;23.474937029544662
691;47;77;48.182691126467176;48.182691126467176;38.690241095071435
692;41;79;17.290786661264622;17.290786661264622;15.434999303853884
693;51;73;35.8775541127803;35.8775541127803;29.885437897327996
694;42;78;33.7303936804243;33.7303936804243;27.802146455619564
695;125;72;32.71078369470409;32.71078369470409;27.371632375364054
696;4;79;306.46848657415455;306.46848657415455;252.19758745465842
697;52;78;15.076558275985557;15.076558275985557;13.174958052748249
698;34;79;21.24013793110019;21.24013793110019;18.610805728429593
699;26;79;24.469411739926684;24.469411739926684;20.82069991693816
700;28;67;50.01376010226929;50.01376010226929;40.22703277205386
701;99;69;80.21914419578101;80.21914419578101;60.99259397784184
702;29;72;18.632455076843808;18.632455076843808;15.911668370893592
703;41;78;40.783871152425114;40.783871152425114;33.686596288939505
704;35;79;48.83399286962157;48.83399286962157;40.14193986759642
705;80;71;23.205430633398397;23.205430633398397;19.70777434205786
706;42;79;21.928084002967147;21.928084002967147;18.534917256026755
707;128;77;28.324948158106174;28.324948158106174;24.92868458704389
708;73;78;35.18615502379212;35.18615502379212;29.06981774206636
709;5;79;161.3063577616283;161.3063577616283;134.19101489855734
710;19;78;31.23989287149685;31.23989287149685;25.072964148009987
711;8;79;99.00838489633762;99.00838489633762;81.53795768814216
712;0;79;40350621.44003703;40350621.44003703;29921030.296579137
713;24;79;28.78087591894456;28.78087591894456;23.90766184807232
714;146;77;29.87628523007356;29.87628523007356;25.813712779255223
715;29;74;49.50548261238391;49.50548261238391;40.12777576535644
716;10;79;64.41436230046804;64.41436230046804;60.423238223760215
717;29;78;43.13599412184495;43.13599412184495;34.56228302043968
718;7;79;101.29465941765899;101.29465941765899;90.31929657575222
719;10;79;73.20561817114522;73.20561817114522;69.96261258590712
720;109;76;14.733311837991327;14.733311837991327;13.303528991754357
721;15;79;29.76527951009725;29.76527951009725;10.639916153875888
722;202;78;23.08235371049523;23.08235371049523;20.364811833415267
723;44;76;31.511802220258996;31.511802220258996;26.11379804067095
724;0;79;858.5489545917117;858.5489545917117;677.9140770956298
725;78;67;33.08659635908875;33.08659635908875;27.890218826414024
726;15;79;54.57851560901198;54.57851560901198;44.41789278318461
727;27;79;24.354002762837975;24.354002762837975;20.142990815956665
728;104;76;35.85556695027161;35.85556695027161;30.02917908660741
729;22;79;30.775026721670063;30.775026721670063;25.525941892306534
730;166;77;25.107180479682096;25.107180479682096;21.92536656434772
731;216;70;14.782305575656816;14.782305575656816;13.587317470616826
732;61;79;44.97285636774036;44.97285636774036;36.660059609441134
733;31;79;26.18995848158213;26.18995848158213;22.41108134797137
734;82;67;25.754735829299573;25.754735829299573;22.041202540992263
735;64;78;48.714656198920544;48.714656198920544;41.182197212989344
736;129;69;31.338146791947512;31.338146791947512;26.62700580023708
737;45;77;39.56868967284111;39.56868967284111;33.46230578644563
738;239;79;41.0579436304239;41.0579436304239;35.09690875471892
739;41;79;19.499376585421142;19.499376585421142;16.583469659531275
740;108;75;71.3607177587067;71.3607177587067;56.28985193020241
741;31;79;20.333310728669517;20.333310728669517;17.5816004032971
742;100;76;33.76264882585031;33.76264882585031;28.46117381585
743;116;72;32.244552464960876;32.244552464960876;27.744902081891098
744;85;75;37.675969302272875;37.675969302272875;31.77547283083466
745;60;73;23.92883922207899;23.92883922207899;20.350227753289104
746;17;79;46.49728160723639;46.49728160723639;38.91270496337596
747;83;79;38.51982582943883;38.51982582943883;34.0917812593994
748;43;76;15.323703940012491;15.323703940012491;13.122142455907367
749;88;79;51.80197997773473;51.80197997773473;63.451476030621535
750;40;75;32.88595038478148;32.88595038478148;27.7718955908247
751;45;75;22.576001188142882;22.576001188142882;18.53392521245318
