Skewness: 1.5075669557404088, Average LID: LPCA: 88.34840425531915  |||  MLE: 67278.37903222903  |||  MLENB: 67278.37903222903  |||  TLE: 49334.9292560978
LPCA: -0.4101089764155332  |||  MLE: -0.047222641028131444  |||  MLENB: -0.047222641028131444  |||  TLE: -0.04722350859309718
node;in_degree;local_intrinsic_dimensionality_LPCA;local_intrinsic_dimensionality_MLE;local_intrinsic_dimensionality_MLENB;local_intrinsic_dimensionality_TLE
0;155;83;18.778383782960663;18.778383782960663;17.52679528806237
1;59;90;14.258555930024785;14.258555930024785;12.922229591090527
2;230;92;16.114672679528045;16.114672679528045;14.614891922688747
3;64;95;16.75528894033376;16.75528894033376;14.470791188929924
4;118;82;22.10048023087316;22.10048023087316;20.067880164149415
5;84;86;9.254948484546002;9.254948484546002;8.643608079014404
6;65;85;22.94507149659948;22.94507149659948;20.675158821152483
7;54;98;18.839879951791545;18.839879951791545;16.404041308791097
8;133;97;31.98960524449062;31.98960524449062;26.844077755162484
9;115;82;24.20208636012943;24.20208636012943;21.05355048090163
10;117;86;30.95189974732039;30.95189974732039;26.36894172411287
11;43;99;27.84430257096921;27.84430257096921;23.44159546274647
12;63;68;12.531091411984344;12.531091411984344;10.968104800723323
13;4;99;206.81014994065754;206.81014994065754;183.1437541423242
14;175;88;32.22854021269645;32.22854021269645;27.205789445510117
15;34;99;34.757199513392735;34.757199513392735;28.66021050746183
16;58;96;18.451614323422067;18.451614323422067;15.553445004729019
17;61;95;15.714120424044456;15.714120424044456;13.773576145387608
18;21;99;50.65981197642265;50.65981197642265;42.56874314811216
19;212;99;53.01929847017971;53.01929847017971;48.37495301331066
20;30;99;37.533444351857405;37.533444351857405;31.915169172255116
21;52;92;41.447146736969835;41.447146736969835;33.977510936277
22;127;86;40.22301357540912;40.22301357540912;33.77408165198045
23;46;95;16.51153198600899;16.51153198600899;15.287933889851432
24;95;83;33.03695237689422;33.03695237689422;27.939036504689717
25;114;90;31.02527958431118;31.02527958431118;26.584570136137938
26;123;70;29.93147974792869;29.93147974792869;25.869490819606284
27;47;98;24.89259747143855;24.89259747143855;21.202406082805673
28;90;84;23.84679025234135;23.84679025234135;21.011895699167205
29;270;92;12.676341468894693;12.676341468894693;11.303765868945307
30;75;79;40.4519113786913;40.4519113786913;33.66577331552645
31;93;94;35.744580755410944;35.744580755410944;30.832458241728542
32;126;80;32.34349044535536;32.34349044535536;27.28077191277377
33;9;99;145.13028625351728;145.13028625351728;123.92841609545458
34;21;96;41.41468447029407;41.41468447029407;33.841442816786746
35;72;86;55.73491366578518;55.73491366578518;43.70271279197883
36;37;96;26.32035522250624;26.32035522250624;22.622675529710452
37;112;83;23.102363688046758;23.102363688046758;20.584237349667312
38;31;99;42.82724815210357;42.82724815210357;35.83103240551659
39;119;78;38.49430745335589;38.49430745335589;32.39762235582049
40;60;92;14.838829778214079;14.838829778214079;12.849449804359677
41;234;98;44.34440398494981;44.34440398494981;36.55778224446086
42;123;88;35.03776089290062;35.03776089290062;29.021761096941578
43;21;94;37.23830538915573;37.23830538915573;30.76810997747398
44;66;99;39.346066086109545;39.346066086109545;32.75701468184647
45;101;87;31.334670998392887;31.334670998392887;25.76278026989164
46;132;88;34.35983492199002;34.35983492199002;29.13437640509334
47;25;99;52.85930427142134;52.85930427142134;43.975758527065544
48;15;99;52.607222951093675;52.607222951093675;44.95828648474173
49;82;99;14.711859591590722;14.711859591590722;12.810585014474022
50;69;90;14.026565134434314;14.026565134434314;12.395907086904558
51;98;78;38.042967890471026;38.042967890471026;31.835477428847035
52;167;71;25.318375801802652;25.318375801802652;21.457135981995023
53;113;88;41.503200004856886;41.503200004856886;34.72378046450073
54;37;99;19.16742426054577;19.16742426054577;17.65433750417604
55;51;96;22.44122476227691;22.44122476227691;18.940607824333224
56;13;99;32.75211340040203;32.75211340040203;38.62307307459708
57;9;99;42.65809438848363;42.65809438848363;49.406496541616484
58;18;98;40.95044456428186;40.95044456428186;41.913379177360085
59;54;97;15.552585411829012;15.552585411829012;13.686794029703817
60;41;99;29.723337109741433;29.723337109741433;24.79331829743088
61;20;99;41.249665018580025;41.249665018580025;33.16206288312856
62;70;93;13.791668147612814;13.791668147612814;12.172310212895058
63;178;86;29.521037753006844;29.521037753006844;25.153648097967906
64;233;99;69.34616828511327;69.34616828511327;57.29688031374137
65;39;95;17.04972822967182;17.04972822967182;15.406752146790573
66;53;96;54.082367712550436;54.082367712550436;43.961120317701976
67;220;99;146.05651123241375;146.05651123241375;120.04732068386019
68;57;95;61.87985677041244;61.87985677041244;49.135183992068065
69;100;80;34.39703987118886;34.39703987118886;28.421742709635325
70;11;99;61.714130517473656;61.714130517473656;50.2579490827734
71;25;98;31.981952830135672;31.981952830135672;29.719315807064266
72;176;90;17.876259301823023;17.876259301823023;16.438002047070228
73;87;71;28.049440406296185;28.049440406296185;23.675559344362416
74;80;92;38.78100033475694;38.78100033475694;33.30314887672663
75;31;98;37.36987488158475;37.36987488158475;30.91202886197265
76;124;93;36.69351274163926;36.69351274163926;31.325324772044574
77;87;90;37.10185420529201;37.10185420529201;31.53717830921629
78;23;90;44.32428219366314;44.32428219366314;35.68545669445192
79;114;99;36.563165468343726;36.563165468343726;31.0623339916017
80;40;96;27.25203639662444;27.25203639662444;22.71288466902391
81;76;99;15.348639745421776;15.348639745421776;13.296996694943106
82;13;99;67.8421260046068;67.8421260046068;60.6334506575942
83;102;95;34.94234975933282;34.94234975933282;29.310393794135432
84;52;99;22.842463811930863;22.842463811930863;19.500451071406896
85;43;99;26.39117441943517;26.39117441943517;22.566672453727126
86;54;99;21.489727246070693;21.489727246070693;18.43551907310302
87;71;99;28.03403764822463;28.03403764822463;24.178680531799436
88;47;99;219.2138722599662;219.2138722599662;194.16463614526597
89;14;99;68.3188802626993;68.3188802626993;54.89348406866083
90;22;99;51.53011166267003;51.53011166267003;45.903056087295255
91;63;99;14.929810189980389;14.929810189980389;13.305087501772867
92;102;99;28.452782004955303;28.452782004955303;24.85627711094073
93;197;99;46.10022346738417;46.10022346738417;39.75468237511862
94;186;96;38.635065881761555;38.635065881761555;31.677498970182675
95;2;99;654.5622677983825;654.5622677983825;548.0152726663479
96;33;98;30.53295151052712;30.53295151052712;24.522473955155835
97;59;96;15.609966701207465;15.609966701207465;13.800879051519846
98;49;99;23.35146675479605;23.35146675479605;19.94509400745499
99;132;89;35.88421859120906;35.88421859120906;30.77100763994067
100;71;93;21.438436607887787;21.438436607887787;18.738403285726275
101;71;99;16.964113109872656;16.964113109872656;14.535344303756036
102;66;99;18.713048878412888;18.713048878412888;15.91045682011533
103;30;99;34.774167188176484;34.774167188176484;29.853122451478164
104;50;99;27.750371932658254;27.750371932658254;22.51892591220052
105;47;99;23.805432871927696;23.805432871927696;19.870867227032768
106;47;92;46.151958346674114;46.151958346674114;37.93454793794523
107;34;99;28.055838879343714;28.055838879343714;23.807284654055398
108;39;98;33.046008815296204;33.046008815296204;27.958929737825382
109;23;99;58.4455277102832;58.4455277102832;47.83661519287511
110;68;84;38.09962236431239;38.09962236431239;31.734488319807088
111;121;80;36.22762894635051;36.22762894635051;30.116639002587156
112;84;99;22.382156191511626;22.382156191511626;19.73455804679046
113;45;99;19.90355198264187;19.90355198264187;17.721159742855345
114;29;99;39.24751305824948;39.24751305824948;33.06309412275339
115;27;92;34.178448395420034;34.178448395420034;28.04279166347756
116;118;99;23.704438728000152;23.704438728000152;19.792436707712096
117;141;92;22.687363851113524;22.687363851113524;20.096181913110744
118;8;99;54.36141504885756;54.36141504885756;54.29796379396538
119;220;98;28.238237783596933;28.238237783596933;23.950064133996904
120;246;86;33.35308729743166;33.35308729743166;28.95736371215938
121;19;98;37.89189576265691;37.89189576265691;34.039209947939746
122;287;77;19.22030286671766;19.22030286671766;16.50471361249052
123;21;99;83.8376054658925;83.8376054658925;68.69489233751287
124;87;93;33.17308203720782;33.17308203720782;28.447250399449523
125;32;92;16.121708006869316;16.121708006869316;9.840433055391673
126;17;99;79.11635685935235;79.11635685935235;70.21522766451612
127;8;99;115.89158644824121;115.89158644824121;94.91287758465637
128;21;98;50.69031334551981;50.69031334551981;40.11330055865446
129;26;98;51.31344707713522;51.31344707713522;41.9575744738189
130;151;92;29.596608369243604;29.596608369243604;24.93804269814184
131;72;96;26.36818097333642;26.36818097333642;21.630407350200294
132;57;92;11.886202247145453;11.886202247145453;11.56687598455158
133;29;98;18.81856065787845;18.81856065787845;18.93949538765443
134;17;96;75.1140753219895;75.1140753219895;59.68440888619296
135;32;97;18.790485444503794;18.790485444503794;17.972974241009084
136;159;68;26.59172941711144;26.59172941711144;22.947358920371244
137;7;99;93.89911517264738;93.89911517264738;86.92060635790239
138;157;88;24.922605389461946;24.922605389461946;22.159629831655067
139;39;96;15.720391852108431;15.720391852108431;15.080728326127657
140;13;99;111.01798146453432;111.01798146453432;91.92243478972262
141;59;89;13.270507804044435;13.270507804044435;12.139317396382008
142;79;88;35.352232955765146;35.352232955765146;29.286545352109474
143;39;99;21.823541310665348;21.823541310665348;19.6298675073001
144;71;82;46.27399924310968;46.27399924310968;37.85917600119851
145;134;83;18.16823606684467;18.16823606684467;16.873534334093684
146;66;99;55.90458693289162;55.90458693289162;46.00097891264511
147;51;99;24.222102047675875;24.222102047675875;20.181119806308516
148;79;99;12.896064709976649;12.896064709976649;11.554120576269515
149;115;97;32.100110104404976;32.100110104404976;28.057902520119153
150;17;99;55.93893242892972;55.93893242892972;49.67261396561901
151;126;73;29.055712556234;29.055712556234;23.05440938254355
152;56;97;38.77083939131014;38.77083939131014;32.728282726461046
153;49;98;20.44180093957659;20.44180093957659;17.521061700424394
154;71;97;42.09708717325216;42.09708717325216;35.44769837760681
155;40;99;32.02980243698405;32.02980243698405;27.16757673747645
156;75;99;32.03405347536861;32.03405347536861;25.738036508935753
157;60;98;20.521398279489674;20.521398279489674;17.750766062338798
158;17;99;87.29073945693663;87.29073945693663;81.23632992611422
159;84;99;13.692751065348142;13.692751065348142;11.992102070781081
160;72;87;34.157688236947614;34.157688236947614;28.74816999343909
161;93;90;26.142728765703595;26.142728765703595;22.316404333266508
162;79;91;45.05696432091985;45.05696432091985;36.381148589109934
163;83;85;27.93158667554781;27.93158667554781;23.74520094493635
164;41;95;23.81559278216914;23.81559278216914;19.72013208497208
165;17;99;73.61909149685776;73.61909149685776;60.29034576269853
166;36;95;35.00259592866229;35.00259592866229;29.777811048911612
167;34;99;36.03655017015918;36.03655017015918;29.988625565129
168;25;99;44.297814606875214;44.297814606875214;38.2513845069586
169;40;98;21.085998345833588;21.085998345833588;18.87199197874138
170;21;99;50.15686762030006;50.15686762030006;43.48826463768816
171;67;99;19.439928776916666;19.439928776916666;16.16149661117459
172;47;99;25.456095959899987;25.456095959899987;21.623424475985463
173;104;88;32.895047935637244;32.895047935637244;28.033805586843567
174;39;99;25.584801180729023;25.584801180729023;22.657599808737437
175;39;99;25.160758423612045;25.160758423612045;22.738234063520743
176;49;96;24.506878528463726;24.506878528463726;20.45027545282425
177;29;98;41.26575274184757;41.26575274184757;34.359822605958165
178;70;93;37.45125752239473;37.45125752239473;31.167080268422637
179;72;93;47.36822130500315;47.36822130500315;38.76336665163218
180;16;98;52.678076586421405;52.678076586421405;41.86488550475703
181;36;99;33.09056473336875;33.09056473336875;28.490920651460826
182;60;98;21.44243037700625;21.44243037700625;18.025580422795805
183;56;91;53.824641094963724;53.824641094963724;43.01752455418161
184;59;99;21.268651633880605;21.268651633880605;17.588395439398308
185;23;99;53.58921628584533;53.58921628584533;66.93767593534038
186;36;99;28.468964443296596;28.468964443296596;24.132538243346648
187;39;99;29.451503676733566;29.451503676733566;25.74274616507492
188;244;94;43.856110418324675;43.856110418324675;36.26439977601321
189;57;96;42.218214974970216;42.218214974970216;35.41635805041923
190;28;99;46.848563847372986;46.848563847372986;38.56725670444522
191;26;99;34.089832710808274;34.089832710808274;29.95354492130359
192;227;92;19.945436011059773;19.945436011059773;16.88270399408777
193;78;93;50.745638114920936;50.745638114920936;41.52512289358986
194;59;99;21.341624879444744;21.341624879444744;18.158785486628528
195;228;97;26.119902461317643;26.119902461317643;26.865284527979004
196;294;98;32.464972313732325;32.464972313732325;27.54907845157709
197;184;94;27.074113517032092;27.074113517032092;23.451332455043786
198;21;99;70.28910156266386;70.28910156266386;57.9212841575927
199;69;86;37.35675539737305;37.35675539737305;30.325058041904498
200;22;99;53.13503978359241;53.13503978359241;45.59971538588118
201;245;97;50.27867331173629;50.27867331173629;41.058371280823245
202;82;93;28.96690033280153;28.96690033280153;24.896604853052654
203;36;99;30.724901725640397;30.724901725640397;24.818143754691846
204;85;91;48.4299321361977;48.4299321361977;38.55448966329189
205;381;96;26.856549121100894;26.856549121100894;22.911603790596626
206;155;94;33.18784564384408;33.18784564384408;28.6549074366845
207;72;98;16.794776836451632;16.794776836451632;14.479859939509387
208;110;98;22.339369913026225;22.339369913026225;19.17854553867351
209;44;73;36.63989093813974;36.63989093813974;30.671799391131696
210;18;99;63.67738509675573;63.67738509675573;53.72214144833648
211;110;89;32.534722093833615;32.534722093833615;27.81578421123721
212;13;99;109.4583073774556;109.4583073774556;89.36833495447027
213;37;88;62.15540112626595;62.15540112626595;48.99067994226906
214;57;98;67.85837247996915;67.85837247996915;51.863277070118144
215;46;97;22.955369852118626;22.955369852118626;19.754311843462766
216;57;94;60.62164959924104;60.62164959924104;49.18948253732192
217;61;82;26.839795252638428;26.839795252638428;21.989279525922143
218;34;99;33.29762487929511;33.29762487929511;28.860125988977742
219;204;99;55.7823009544536;55.7823009544536;50.13109961206838
220;49;99;20.626533734026836;20.626533734026836;18.182307873029963
221;20;99;56.901096721255186;56.901096721255186;48.62551460750735
222;37;99;33.47182795650453;33.47182795650453;28.043899911000953
223;340;95;35.421480290695804;35.421480290695804;30.212503290029627
224;32;99;36.110853590190025;36.110853590190025;31.111905665513113
225;56;97;20.054006645272175;20.054006645272175;17.093503157608183
226;49;99;29.36838376283538;29.36838376283538;24.176411891679233
227;79;95;56.11934461765772;56.11934461765772;44.85789278466609
228;120;95;37.16861447112535;37.16861447112535;31.633089054354922
229;120;92;44.600480043885305;44.600480043885305;37.217749900047565
230;64;94;13.108705860218222;13.108705860218222;12.08165723970081
231;297;98;22.883406673186702;22.883406673186702;20.83145073378214
232;75;93;52.95075379441652;52.95075379441652;43.289870122934474
233;48;99;37.61862326408118;37.61862326408118;31.247776730023574
234;6;99;208.9960836753352;208.9960836753352;178.09559660433496
235;106;94;27.057457190278722;27.057457190278722;24.019150204639082
236;42;98;24.323611139353048;24.323611139353048;20.934179586955977
237;5;99;184.97667814272035;184.97667814272035;159.7175801360227
238;49;87;63.69477523106568;63.69477523106568;50.18100749005634
239;27;99;45.21440576822961;45.21440576822961;37.13311349507743
240;11;99;92.32901876857258;92.32901876857258;79.7017781839356
241;116;79;43.59336901690536;43.59336901690536;36.139462066414524
242;233;92;18.898163825773572;18.898163825773572;17.003696005696536
243;61;98;30.628309074925834;30.628309074925834;26.863765571380988
244;86;95;48.85057470121507;48.85057470121507;40.38659652756771
245;140;98;40.195255940768014;40.195255940768014;33.53641380423673
246;101;88;40.49121066949103;40.49121066949103;34.26086200644159
247;180;96;31.61710474626944;31.61710474626944;25.68162881283285
248;21;99;56.03162624121072;56.03162624121072;49.638826237794575
249;112;95;30.01510704064508;30.01510704064508;25.51085238214933
250;75;88;42.59351909063901;42.59351909063901;35.15685625101043
251;242;99;16.84093047825662;16.84093047825662;14.766175891350814
252;45;98;27.55078047103837;27.55078047103837;22.63637618388545
253;46;99;27.14826459978035;27.14826459978035;22.43080065595922
254;77;85;52.58058578166139;52.58058578166139;42.82267576306197
255;14;99;80.41019149520696;80.41019149520696;66.15208095702667
256;64;75;38.77398849723426;38.77398849723426;31.728864584429097
257;43;99;26.004714756460086;26.004714756460086;22.38636368439942
258;29;99;38.4345492556562;38.4345492556562;31.62685044266624
259;146;73;27.005960554543204;27.005960554543204;23.59874702942476
260;48;98;23.644035986044372;23.644035986044372;19.2980458460901
261;25;91;34.764441414110486;34.764441414110486;30.061441169206674
262;51;94;43.91485114255691;43.91485114255691;36.694946503378475
263;56;99;18.707889695820075;18.707889695820075;16.3000056799399
264;100;83;22.383131275093554;22.383131275093554;19.57934390033024
265;99;92;37.5083997961172;37.5083997961172;31.840820022148222
266;98;83;23.619907114271804;23.619907114271804;20.644936657417567
267;87;82;15.411936586735706;15.411936586735706;13.76481052957421
268;113;87;25.989769331552214;25.989769331552214;22.111754681918484
269;106;87;28.89259122411702;28.89259122411702;24.054610844259212
270;18;99;42.58296968560448;42.58296968560448;39.56928973592949
271;112;87;24.457463449876613;24.457463449876613;20.987728454106154
272;18;99;49.77055347545291;49.77055347545291;42.455049627386195
273;138;82;26.987118583169657;26.987118583169657;23.189890489121893
274;15;99;46.83291079522145;46.83291079522145;42.72831737875638
275;295;95;32.183651205101775;32.183651205101775;27.66137170961823
276;134;93;29.36047848576033;29.36047848576033;25.560910341546936
277;162;75;33.035196777219355;33.035196777219355;27.40783901510855
278;179;78;15.70472895081652;15.70472895081652;14.23930957106953
279;112;71;16.938357341932466;16.938357341932466;14.976440514146528
280;108;76;27.92011481139647;27.92011481139647;23.415822469253246
281;174;85;18.402160636804588;18.402160636804588;16.381529820495174
282;167;62;35.5089741563692;35.5089741563692;29.649423398705885
283;83;68;19.24201886477453;19.24201886477453;16.907417921852964
284;75;88;21.367239829186193;21.367239829186193;18.907002450674845
285;222;63;17.285684715544818;17.285684715544818;15.711830551200396
286;112;64;25.832326128283615;25.832326128283615;21.49179504370182
287;177;65;18.38008737693661;18.38008737693661;16.14249610329239
288;63;83;11.479981681148852;11.479981681148852;10.065765409558418
289;363;66;23.63256832961146;23.63256832961146;20.539816282060087
290;114;79;16.924641118028568;16.924641118028568;14.985227721994503
291;149;88;26.529001531319082;26.529001531319082;23.21152077655768
292;117;93;27.666897892329313;27.666897892329313;23.42591402133867
293;223;66;9.044991053106958;9.044991053106958;8.965382285599551
294;162;69;8.860591748564227;8.860591748564227;8.99453931138383
295;200;62;13.135990652890532;13.135990652890532;12.204807592764826
296;100;79;15.306088511607536;15.306088511607536;13.96951793337367
297;46;96;37.673787303518374;37.673787303518374;32.27985712481052
298;106;96;35.56608351056177;35.56608351056177;30.37922488363235
299;76;90;46.78829626706886;46.78829626706886;38.732660969387254
300;44;73;19.003897901978196;19.003897901978196;15.44030879919987
301;162;68;22.167879488339263;22.167879488339263;19.134531121738164
302;168;94;24.86928433351798;24.86928433351798;21.804958020488385
303;192;59;21.840590052393313;21.840590052393313;19.009619383875922
304;39;95;28.38138246585448;28.38138246585448;23.36789823896116
305;81;86;19.45722026341524;19.45722026341524;17.980776278605973
306;39;96;20.79047785768158;20.79047785768158;18.7047634818585
307;240;86;24.50097680137808;24.50097680137808;22.121697437389
308;85;90;24.12784722773197;24.12784722773197;21.167672132723283
309;40;97;17.643863476029672;17.643863476029672;16.78576197245512
310;126;87;21.773679759493685;21.773679759493685;19.57150949684008
311;17;99;54.04515981518923;54.04515981518923;47.16280033029714
312;28;93;30.02878636809211;30.02878636809211;24.57326399621748
313;101;93;17.678040418802375;17.678040418802375;16.444344708057997
314;347;89;23.93642464229536;23.93642464229536;20.631548236173582
315;56;91;40.2666922521678;40.2666922521678;33.096847320566
316;75;85;19.63303294024864;19.63303294024864;17.355865225355423
317;97;96;31.070375041591223;31.070375041591223;26.562775370347545
318;40;97;20.31877731474947;20.31877731474947;18.261879281173425
319;134;93;33.46116806446172;33.46116806446172;29.40931755148895
320;63;83;21.741903921078933;21.741903921078933;19.002268392200612
321;111;89;33.78928491924435;33.78928491924435;28.412243630891137
322;116;83;20.145433621250927;20.145433621250927;18.140367803151953
323;231;90;21.21454724537662;21.21454724537662;18.966464704922164
324;97;95;26.15547552175337;26.15547552175337;22.51454757746962
325;77;97;42.14563804645785;42.14563804645785;35.395612638854935
326;266;92;27.028496661289118;27.028496661289118;23.952963895646896
327;42;95;41.185373915292544;41.185373915292544;33.12787412536457
328;293;90;27.08096439422909;27.08096439422909;24.184350961974374
329;67;94;40.45523379472476;40.45523379472476;33.679457025647665
330;82;96;26.613821638459235;26.613821638459235;23.206482503327894
331;340;90;27.561606286282384;27.561606286282384;24.064549733662716
332;223;97;34.70134571477038;34.70134571477038;29.620106123579315
333;365;82;25.236863467745465;25.236863467745465;22.154826735418098
334;160;89;31.75433858424039;31.75433858424039;27.0871000789793
335;26;99;37.799532244162975;37.799532244162975;32.82702975549548
336;244;66;20.079791607308984;20.079791607308984;17.905480517809615
337;39;95;25.33741370982032;25.33741370982032;22.132585237721724
338;99;85;22.10530786701617;22.10530786701617;19.498180527676325
339;313;93;27.529883183617866;27.529883183617866;24.092167195651033
340;73;99;33.65853453395774;33.65853453395774;27.83312713438561
341;172;80;20.56893484156448;20.56893484156448;18.477707940493968
342;218;66;12.943038348347974;12.943038348347974;12.025735663702795
343;192;73;18.5753596584894;18.5753596584894;17.15792519056992
344;183;82;14.493613729193921;14.493613729193921;13.550375006895608
345;125;85;23.435424510451295;23.435424510451295;20.506952295567565
346;117;83;31.591878667602124;31.591878667602124;26.508344717728132
347;96;92;32.41751117193879;32.41751117193879;27.461647402039468
348;78;95;45.00593963035508;45.00593963035508;36.358206362087685
349;33;97;29.900270581445206;29.900270581445206;24.40711826581908
350;133;76;32.98325761004516;32.98325761004516;27.806527483988646
351;424;84;16.467554342714525;16.467554342714525;15.446414302878422
352;205;85;18.916538734769357;18.916538734769357;16.919640782612632
353;114;87;29.60872124703352;29.60872124703352;25.706839531711815
354;173;79;22.464563893082104;22.464563893082104;19.499191846034815
355;87;84;19.39626403196207;19.39626403196207;16.754845452813292
356;62;78;19.552725422232342;19.552725422232342;16.97304392488772
357;45;97;53.60518977605374;53.60518977605374;43.149372218160025
358;174;94;49.915751609629496;49.915751609629496;40.31950857897013
359;79;94;32.68351997571711;32.68351997571711;27.737000913368828
360;100;88;24.84086597199345;24.84086597199345;21.28495030463685
361;95;96;36.84440553396245;36.84440553396245;30.946011917392077
362;160;82;23.70384446197354;23.70384446197354;20.749175826276037
363;62;83;12.665210876543853;12.665210876543853;10.812560454396388
364;44;83;25.314959225108478;25.314959225108478;22.44225281328483
365;177;83;27.202034236223525;27.202034236223525;23.41737624095828
366;67;93;33.95772879233369;33.95772879233369;28.74851048639717
367;107;69;15.847045100470122;15.847045100470122;14.018741083647729
368;108;70;12.955438314827873;12.955438314827873;11.70462787581753
369;59;86;29.883878828484363;29.883878828484363;24.618845072991906
370;69;93;38.59902265103058;38.59902265103058;31.961968916397172
371;72;95;31.819141378365668;31.819141378365668;27.157001232425674
372;29;99;34.876089615582536;34.876089615582536;30.366474912437933
373;383;72;31.549606726706262;31.549606726706262;25.699165129071513
374;54;92;35.201212935935224;35.201212935935224;29.267257354783997
375;123;83;12.772467556572717;12.772467556572717;11.949648461184553
376;35;98;30.237603962556715;30.237603962556715;24.250834686315997
377;97;87;43.8232898959276;43.8232898959276;36.52398318900726
378;156;94;37.232789578547084;37.232789578547084;31.260029626890873
379;117;96;35.07500246663459;35.07500246663459;30.093061716273812
380;112;91;26.467240365403836;26.467240365403836;22.84871380758347
381;112;90;34.08405836395887;34.08405836395887;29.446051078062393
382;146;94;30.897477081211388;30.897477081211388;26.02639362076909
383;184;88;27.553557916920873;27.553557916920873;23.42145543082925
384;46;99;28.837819923343627;28.837819923343627;23.743469820285686
385;33;94;61.45403947742454;61.45403947742454;47.31781257393441
386;40;99;25.397124281885525;25.397124281885525;21.266249491054786
387;54;99;54.39333939669303;54.39333939669303;44.85898491096872
388;49;86;48.74051424889133;48.74051424889133;40.10546788553962
389;11;99;91.68732885479112;91.68732885479112;77.84725974094924
390;155;73;27.596617597643505;27.596617597643505;23.575902687870933
391;116;94;39.108571290238324;39.108571290238324;32.642190827566495
392;17;99;69.00623603422723;69.00623603422723;57.76372239401237
393;145;85;20.06106938293403;20.06106938293403;17.52005799946788
394;42;90;36.53952651486476;36.53952651486476;29.810746194992067
395;256;67;23.86360300132136;23.86360300132136;20.539168687272223
396;62;99;18.78779344995861;18.78779344995861;16.096938687851477
397;104;85;27.67272462432111;27.67272462432111;23.94039775103902
398;6;99;125.82797441625735;125.82797441625735;111.9902439575763
399;126;81;16.302176820315914;16.302176820315914;14.619499446135265
400;103;84;16.95558283674545;16.95558283674545;15.255667292098826
401;434;98;26.307338694467294;26.307338694467294;22.234504723178862
402;130;67;13.369066220567012;13.369066220567012;12.14244868099314
403;147;65;12.247917658299587;12.247917658299587;11.29344460174398
404;62;99;20.513938017599205;20.513938017599205;17.309387946346206
405;334;96;47.368654725836144;47.368654725836144;38.96820802988431
406;121;89;25.165505486910686;25.165505486910686;21.9042579252455
407;77;96;52.49024596205923;52.49024596205923;43.07397285091505
408;47;95;23.29968728492768;23.29968728492768;18.836724853980407
409;176;98;20.61268852862909;20.61268852862909;18.23203150249908
410;14;99;68.2327765606904;68.2327765606904;59.50099433715888
411;152;72;26.127313755419895;26.127313755419895;22.75068189788272
412;106;85;39.24529989149917;39.24529989149917;32.11131473236698
413;38;99;25.93566037871898;25.93566037871898;22.814758715330118
414;37;91;35.702297814168155;35.702297814168155;30.80214766158177
415;81;87;36.233063727892436;36.233063727892436;29.85449440838705
416;27;99;29.016544033190723;29.016544033190723;27.12317016487027
417;38;75;37.65310268783428;37.65310268783428;31.518867348873265
418;224;99;13.336642830046902;13.336642830046902;11.937905413472539
419;121;83;14.754519007173183;14.754519007173183;13.42819596479778
420;78;88;32.37522938119895;32.37522938119895;27.134918125617382
421;60;80;26.732434303089253;26.732434303089253;22.283061745767974
422;63;78;43.35730631743081;43.35730631743081;35.06171210750231
423;113;71;20.347348598207034;20.347348598207034;17.263320115716276
424;64;81;15.000078497526074;15.000078497526074;12.473506390164411
425;181;68;12.602498938254957;12.602498938254957;11.65202299246611
426;84;75;29.84580262193251;29.84580262193251;25.643196071122567
427;350;68;16.574143899344776;16.574143899344776;14.859513230136786
428;118;68;11.911549610027762;11.911549610027762;11.063862937323776
429;110;66;11.85661052901669;11.85661052901669;11.043998538323343
430;116;69;11.104868872863106;11.104868872863106;10.51898980903312
431;232;70;17.67818867160048;17.67818867160048;15.56463305286817
432;172;67;8.791256719144101;8.791256719144101;8.85703531507423
433;97;75;13.435050820295318;13.435050820295318;12.636703528478648
434;94;74;13.368855479157816;13.368855479157816;12.474004906311439
435;127;65;10.97269099935312;10.97269099935312;10.423983304351765
436;212;79;19.28344399743376;19.28344399743376;16.91448965288091
437;123;74;35.64082411968844;35.64082411968844;29.042504796107426
438;147;67;14.829488625991035;14.829488625991035;13.28089673129333
439;178;67;8.41097391450736;8.41097391450736;8.756336862277447
440;65;84;12.767719686524265;12.767719686524265;11.541902027336581
441;159;67;7.751046487120123;7.751046487120123;8.320301217048724
442;77;71;22.863357916726226;22.863357916726226;20.7251643480133
443;73;71;9.517929445250058;9.517929445250058;8.344022917364219
444;80;71;19.483398242469082;19.483398242469082;18.830809258982534
445;73;71;20.897530381217123;20.897530381217123;19.83345180417962
446;87;74;30.16130403215663;30.16130403215663;25.567185159875173
447;75;71;22.017837081438728;22.017837081438728;21.069079694235434
448;131;68;8.836721492445347;8.836721492445347;9.384887407580697
449;128;68;9.897793369936078;9.897793369936078;10.132819303759756
450;204;68;17.722164157352264;17.722164157352264;16.08640624964394
451;105;62;16.097030244765556;16.097030244765556;14.582084081465407
452;112;71;16.846355626208798;16.846355626208798;15.495257593331392
453;100;83;22.072072630102426;22.072072630102426;19.572221692503184
454;123;74;20.067671724592643;20.067671724592643;17.370328683399066
455;112;67;16.812620620666962;16.812620620666962;15.387944149735503
456;88;66;16.016227259624603;16.016227259624603;14.94108793977965
457;194;76;17.272200607728784;17.272200607728784;15.598179539416419
458;92;80;18.252527774391964;18.252527774391964;16.56578796342128
459;140;74;16.722200543188833;16.722200543188833;14.950461288122009
460;99;72;18.863127731515764;18.863127731515764;16.99765692247265
461;93;67;18.50640308380202;18.50640308380202;16.35748236148865
462;145;77;13.895102707879195;13.895102707879195;13.42687927346741
463;143;66;24.201213500656664;24.201213500656664;21.017616778603117
464;74;82;19.764225814642046;19.764225814642046;17.94926208522426
465;99;66;14.642284679893345;14.642284679893345;13.973686128607248
466;145;87;20.907269469787813;20.907269469787813;18.695825268849735
467;180;60;27.46605679664933;27.46605679664933;23.327565624858007
468;27;96;14.419156851410476;14.419156851410476;15.113346004474693
469;80;85;19.078100139557055;19.078100139557055;17.420790493745287
470;192;82;17.969550739044223;17.969550739044223;16.253677324623666
471;60;90;13.172241235724703;13.172241235724703;12.021638235892246
472;136;58;18.243121008790027;18.243121008790027;16.220466151162704
473;397;83;19.133953164300408;19.133953164300408;16.904005882087617
474;51;84;37.27797472614287;37.27797472614287;30.879546700955892
475;31;97;31.744780891690144;31.744780891690144;27.09219237740424
476;64;80;19.78517048675572;19.78517048675572;17.937629364178495
477;156;77;13.674601409032459;13.674601409032459;13.133908162958832
478;69;72;28.01082263462818;28.01082263462818;23.381787603720255
479;54;83;31.477018751678216;31.477018751678216;26.52709182595316
480;137;67;12.384743561432307;12.384743561432307;11.603657516534946
481;103;75;31.361018625315744;31.361018625315744;26.69238122477112
482;105;82;17.719459704349493;17.719459704349493;15.591043987832716
483;129;88;35.36868750057163;35.36868750057163;29.329545453576625
484;130;93;25.77653613555774;25.77653613555774;22.63102269176241
485;321;71;34.343768073309704;34.343768073309704;27.92683334052941
486;38;75;32.81294433536265;32.81294433536265;29.152686768800596
487;26;99;35.12472592078284;35.12472592078284;30.1578342286457
488;127;77;25.279181510265023;25.279181510265023;21.189543699195447
489;80;71;32.812980789837155;32.812980789837155;26.9452186339262
490;230;53;22.324355294717506;22.324355294717506;19.606387948862842
491;203;69;31.75845650264439;31.75845650264439;26.055484096395823
492;123;78;17.05621059068876;17.05621059068876;15.61202503307608
493;134;98;29.14823238428522;29.14823238428522;24.77324850404682
494;166;73;16.29666401292159;16.29666401292159;14.951645576981079
495;101;84;33.63355285989344;33.63355285989344;28.92492310918062
496;13;99;103.06114147654276;103.06114147654276;83.13409243433975
497;239;76;22.02428858473243;22.02428858473243;19.344518367917782
498;31;99;28.69815651427081;28.69815651427081;24.711610762856505
499;44;95;42.422171433021525;42.422171433021525;35.40729862696878
500;61;82;34.206596565300906;34.206596565300906;27.728933141637587
501;77;96;39.671414904405886;39.671414904405886;32.63744720521324
502;70;80;28.393439780360904;28.393439780360904;24.14208090024073
503;220;90;20.471882596591715;20.471882596591715;18.3844558017613
504;349;98;32.540540936536914;32.540540936536914;27.734738779756018
505;186;99;46.32791101550418;46.32791101550418;38.54320588250544
506;35;99;29.477996434419417;29.477996434419417;24.93230721778637
507;99;95;38.698727518629894;38.698727518629894;31.745702808599162
508;56;95;17.225244175459;17.225244175459;14.774325500670695
509;70;82;31.55816332068578;31.55816332068578;26.627394931720726
510;33;87;40.29183844916;40.29183844916;33.40200564250827
511;82;83;29.951689629727035;29.951689629727035;24.594971824445103
512;103;84;27.81295870627598;27.81295870627598;23.052018095061516
513;125;70;13.21828899956082;13.21828899956082;12.174897897960598
514;109;76;33.125470196907976;33.125470196907976;28.074056277257547
515;15;99;58.92696844237871;58.92696844237871;47.82125149994611
516;201;88;18.907658536101486;18.907658536101486;15.44746102096816
517;57;92;17.593223503071005;17.593223503071005;14.835023969811987
518;49;99;20.05145762945634;20.05145762945634;16.807924973763615
519;69;83;13.321267385291957;13.321267385291957;11.317051860498271
520;82;86;19.508213757983306;19.508213757983306;17.794683504369385
521;117;91;41.15179282052956;41.15179282052956;33.40872037594403
522;104;70;22.55267267615462;22.55267267615462;18.922073396200982
523;114;70;29.140096205032947;29.140096205032947;24.746650610758543
524;399;80;18.590393437047304;18.590393437047304;17.18979963853429
525;58;87;12.234241131328078;12.234241131328078;10.891600268853516
526;76;88;26.749851840144256;26.749851840144256;22.61467090834504
527;100;96;41.217536406944696;41.217536406944696;33.45617080234616
528;145;67;16.96881415547032;16.96881415547032;15.014107167046188
529;161;82;20.048163972320886;20.048163972320886;17.623006576290074
530;90;62;30.79451047140436;30.79451047140436;25.2142875983486
531;85;75;20.270613965969847;20.270613965969847;18.050467620335944
532;122;71;29.47465779851522;29.47465779851522;25.500968214328296
533;54;89;25.514862204373696;25.514862204373696;21.59823602916673
534;183;63;31.841201970864404;31.841201970864404;26.593974658301082
535;177;66;11.546511517633597;11.546511517633597;10.882014786968075
536;153;64;15.606752980175703;15.606752980175703;13.888591385854232
537;73;80;46.71215072214011;46.71215072214011;37.274844493612775
538;195;84;14.412508305984916;14.412508305984916;12.816169993363726
539;213;85;41.4037095407176;41.4037095407176;34.30781662453267
540;71;74;27.553717705318984;27.553717705318984;22.339178481079788
541;153;54;16.823209164843917;16.823209164843917;14.987496701647093
542;57;85;38.334405538001235;38.334405538001235;30.961489406749234
543;385;79;26.727132807484736;26.727132807484736;22.492133787302095
544;288;76;15.647456325686015;15.647456325686015;14.88845852163279
545;142;77;25.121107209591283;25.121107209591283;21.763094473819827
546;192;80;16.26146822934456;16.26146822934456;15.335207350634235
547;151;77;12.346811002656088;12.346811002656088;11.682114857840626
548;51;98;21.880519739129344;21.880519739129344;18.51874785437887
549;64;90;12.522987291266096;12.522987291266096;10.987931071539274
550;61;99;17.932748174265253;17.932748174265253;15.42689906530973
551;23;99;37.33777104483166;37.33777104483166;32.43078226543238
552;114;78;9.281737514967146;9.281737514967146;9.182876662398456
553;221;62;20.437411610331793;20.437411610331793;18.07123577106665
554;79;67;23.024943533400943;23.024943533400943;19.717081713496142
555;148;76;16.613757596476905;16.613757596476905;14.94126091543134
556;200;76;10.329236117618718;10.329236117618718;9.187107906178069
557;99;75;21.17802715589471;21.17802715589471;18.11794568327632
558;202;62;21.663023671624973;21.663023671624973;18.79725279261175
559;118;67;17.69647124192228;17.69647124192228;15.16866502633426
560;95;86;33.50480881231984;33.50480881231984;28.825876886012978
561;66;95;37.08657802149817;37.08657802149817;30.739012963768662
562;154;76;24.28561801785526;24.28561801785526;21.542804235633877
563;158;59;14.613212705814052;14.613212705814052;13.527302091259326
564;77;84;18.882653878935514;18.882653878935514;17.313909051177934
565;87;87;38.20193075969604;38.20193075969604;31.738803732876757
566;310;80;15.9866493205644;15.9866493205644;14.622013596667232
567;210;66;18.772376769250183;18.772376769250183;16.683564162897692
568;48;98;25.60026105738195;25.60026105738195;21.245445277680968
569;135;77;17.443224564508743;17.443224564508743;15.690863067314432
570;81;74;16.565734140893678;16.565734140893678;14.498743318260226
571;49;76;17.087396203957397;17.087396203957397;14.03465737132764
572;21;99;39.81347568214001;39.81347568214001;32.650779340004384
573;40;96;16.669854485194843;16.669854485194843;15.7500612507569
574;280;73;20.492262859630717;20.492262859630717;18.698426214033734
575;79;80;37.47326746773405;37.47326746773405;31.23146966057851
576;138;67;16.387320323110888;16.387320323110888;14.537615249834374
577;87;79;18.341755846672353;18.341755846672353;15.856130752076782
578;113;70;22.759452449249835;22.759452449249835;19.201882956718308
579;125;72;11.276607476687968;11.276607476687968;10.737705809882558
580;182;81;22.069341467617814;22.069341467617814;19.40753544681562
581;94;81;24.82988002634004;24.82988002634004;21.435355128971104
582;36;87;27.827779815795626;27.827779815795626;24.01530977037045
583;160;94;35.36944891560306;35.36944891560306;30.142156098517912
584;97;85;6.820623388885035;6.820623388885035;6.544001926945149
585;135;89;28.635905818810688;28.635905818810688;23.95066519611977
586;36;99;27.181712143647903;27.181712143647903;22.763258994987368
587;148;61;18.677666226258992;18.677666226258992;16.15280930880891
588;36;98;31.915985277690062;31.915985277690062;25.850839615771925
589;145;68;10.28760127799459;10.28760127799459;10.008187935998631
590;131;60;15.757526799193279;15.757526799193279;13.889436715660235
591;170;66;14.527640188790638;14.527640188790638;13.226117052702053
592;27;98;37.821799035726364;37.821799035726364;30.575332364426707
593;91;86;32.8357794859187;32.8357794859187;27.422005951142264
594;306;88;59.71484799534468;59.71484799534468;48.135014823090515
595;77;98;53.13063762520768;53.13063762520768;43.370658568676724
596;72;98;25.820924340526688;25.820924340526688;22.077757575787803
597;82;88;16.938666165829822;16.938666165829822;14.856223392952666
598;118;85;17.997309126647522;17.997309126647522;15.701522866748013
599;108;78;32.906739543841894;32.906739543841894;27.899187168516583
600;126;85;30.16407902001275;30.16407902001275;25.438300818536174
601;310;98;25.10273448106238;25.10273448106238;21.836254692159788
602;124;90;34.76398589552824;34.76398589552824;29.464396949342916
603;107;64;30.37976207251068;30.37976207251068;24.604967000635412
604;226;72;23.461736654542896;23.461736654542896;20.638400808391452
605;223;87;20.106545086454563;20.106545086454563;17.975338506249336
606;191;68;15.813504376638697;15.813504376638697;14.604844749338758
607;65;93;15.182620795400304;15.182620795400304;12.951168586573923
608;123;84;20.754031288373113;20.754031288373113;18.735790200992735
609;25;99;30.47470324150459;30.47470324150459;25.118990120551455
610;61;93;14.540991219582123;14.540991219582123;12.746657691548501
611;114;66;30.269342333808154;30.269342333808154;24.739405460756288
612;249;60;18.230520996145245;18.230520996145245;16.45209805483631
613;143;62;28.679532202072643;28.679532202072643;23.82297375036439
614;103;88;33.24233049580799;33.24233049580799;27.46380727565846
615;447;85;29.689600010405595;29.689600010405595;25.210319252191113
616;54;86;27.301699261581106;27.301699261581106;23.746461056423808
617;26;99;44.296469053101255;44.296469053101255;37.74764517390662
618;228;90;22.787181143283675;22.787181143283675;19.826494602865147
619;49;88;41.32375153812527;41.32375153812527;32.70108377815107
620;166;72;21.66489653955049;21.66489653955049;19.237317634094165
621;98;95;27.481145098331833;27.481145098331833;24.725702503835226
622;40;99;13.211720679462537;13.211720679462537;12.760967223010702
623;66;66;20.428361400588617;20.428361400588617;17.73292080310615
624;142;73;14.120646112799395;14.120646112799395;13.10816679085775
625;86;70;22.976401882929498;22.976401882929498;19.451878957678908
626;118;71;11.694299934043089;11.694299934043089;11.139824734114432
627;114;67;13.173249407016682;13.173249407016682;11.814878052166598
628;102;74;14.977726490261116;14.977726490261116;13.838520014290628
629;26;95;32.265832189907606;32.265832189907606;27.038828389835633
630;166;91;26.654404421564347;26.654404421564347;23.047204250588944
631;113;93;34.70625929396812;34.70625929396812;29.840774394459984
632;43;99;23.509727833109775;23.509727833109775;19.671644816284974
633;134;96;41.92021555115067;41.92021555115067;34.924863806748796
634;173;75;35.30369747366551;35.30369747366551;28.98961819444677
635;52;72;12.999562834652906;12.999562834652906;11.320404502845317
636;102;92;30.69541618381547;30.69541618381547;26.48861727205208
637;74;89;39.34484250557997;39.34484250557997;32.59322182954001
638;63;97;27.91419466067793;27.91419466067793;23.51594221590566
639;184;92;20.302231977227407;20.302231977227407;18.38544855946485
640;82;88;20.09517615601097;20.09517615601097;17.717636838520214
641;139;92;31.05588184078889;31.05588184078889;26.76342533052975
642;92;91;30.774515172335757;30.774515172335757;26.404528340359995
643;118;76;42.526934168877226;42.526934168877226;35.302022783479295
644;46;98;28.245183493891716;28.245183493891716;23.68818590441094
645;30;99;30.363951218203663;30.363951218203663;25.265719531100835
646;2;99;198.11303239318062;198.11303239318062;201.8338298394904
647;34;97;29.225222009990002;29.225222009990002;24.382971913150175
648;39;99;31.589729206214134;31.589729206214134;26.59632908235431
649;29;91;76.94986772008428;76.94986772008428;62.06404108961488
650;159;99;38.27236464043102;38.27236464043102;41.92899196991079
651;59;72;32.87757981587843;32.87757981587843;27.982221929873493
652;115;90;33.02742225753344;33.02742225753344;27.700775193088027
653;358;94;28.402418269466754;28.402418269466754;24.20838340808625
654;159;96;26.242946125503348;26.242946125503348;22.51240430864393
655;4;99;147.08174356213215;147.08174356213215;138.98141181220325
656;4;99;201.4767212021841;201.4767212021841;178.52289049066343
657;3;99;202.56120834813714;202.56120834813714;186.60499004337035
658;60;96;33.37698978352641;33.37698978352641;27.98448230518659
659;9;99;108.97739615208704;108.97739615208704;95.1167681755007
660;18;99;62.48430145643879;62.48430145643879;49.98053717858691
661;113;82;28.45465860823735;28.45465860823735;24.334105358117874
662;34;99;37.74786521360506;37.74786521360506;31.389676477288223
663;203;73;29.661505405320764;29.661505405320764;25.134458415621435
664;62;70;39.73580405752872;39.73580405752872;32.755089686532614
665;50;99;46.7415675222716;46.7415675222716;39.85161789805415
666;38;94;56.89004736154844;56.89004736154844;45.612572541409406
667;29;99;38.693330127571016;38.693330127571016;32.45733813007698
668;73;92;32.890144086885186;32.890144086885186;27.875022435471323
669;34;99;26.79507147345672;26.79507147345672;24.34297897774769
670;7;99;124.30789169747683;124.30789169747683;110.38197911607473
671;27;98;32.224761866206755;32.224761866206755;27.37471603675215
672;194;81;29.48650219993323;29.48650219993323;25.62779315333335
673;39;80;22.999587406666315;22.999587406666315;18.509439012828473
674;25;99;45.527304200276255;45.527304200276255;39.18986927502365
675;24;99;30.687982218545958;30.687982218545958;28.505529299468414
676;67;96;14.039410138926224;14.039410138926224;12.316345492148933
677;8;99;89.39378157982814;89.39378157982814;80.91457135421484
678;66;99;19.48395117581962;19.48395117581962;16.52773430088623
679;54;99;23.783154008958785;23.783154008958785;19.968426518767814
680;46;99;23.158238847188994;23.158238847188994;19.818166329822187
681;22;95;78.35577772858608;78.35577772858608;61.57311796607316
682;42;99;22.18367710147959;22.18367710147959;18.835968857523635
683;158;91;24.631946066217083;24.631946066217083;21.41789279043067
684;104;86;14.302103868662075;14.302103868662075;12.992189835345913
685;45;98;25.635595628923756;25.635595628923756;21.362925463227388
686;21;98;32.86118117143196;32.86118117143196;31.73157478737082
687;20;99;54.70952830014542;54.70952830014542;44.58182446521053
688;25;99;39.54648485872284;39.54648485872284;34.72395038603056
689;98;92;39.04332970298258;39.04332970298258;32.18447559815348
690;162;99;35.21350288228016;35.21350288228016;29.251647122688027
691;62;92;45.38531331413865;45.38531331413865;36.335393010089035
692;46;99;21.668195962930373;21.668195962930373;19.18609183713839
693;59;92;18.254930385659225;18.254930385659225;15.449169429753727
694;54;97;20.901772155466134;20.901772155466134;17.429738571962872
695;178;89;19.08792818320286;19.08792818320286;16.15088273471219
696;4;99;384.0554452005228;384.0554452005228;315.45075966682356
697;56;96;18.893405293039734;18.893405293039734;16.376374073926655
698;39;99;26.617340371323877;26.617340371323877;23.114194649391155
699;30;98;30.664199522186603;30.664199522186603;26.00927400500583
700;36;84;49.83185376866742;49.83185376866742;39.62903806586791
701;166;81;65.45908646705459;65.45908646705459;49.91171548870247
702;35;90;23.34953231148781;23.34953231148781;19.887269316538834
703;63;94;43.21582024625624;43.21582024625624;35.39121081458837
704;47;97;41.52215899145266;41.52215899145266;33.83237813934483
705;106;82;25.656853850737814;25.656853850737814;21.749564447969675
706;46;99;27.479491091770118;27.479491091770118;23.020953654489926
707;151;90;29.14607210006419;29.14607210006419;25.46690531609776
708;93;98;36.76593474139456;36.76593474139456;30.21288553163995
709;7;99;202.1434103595089;202.1434103595089;167.54584684047376
710;21;97;39.14872650985048;39.14872650985048;31.36739410420853
711;10;99;124.07365820211852;124.07365820211852;102.03921723609655
712;0;99;50565968.640046395;50565968.640046395;37076494.03904495
713;27;99;36.06717361994318;36.06717361994318;29.82292407499899
714;173;89;28.269158686614265;28.269158686614265;24.273660108770244
715;64;88;49.64761088287381;49.64761088287381;39.94306359324648
716;10;99;80.72173700226283;80.72173700226283;75.50169829177767
717;33;96;21.678925884155635;21.678925884155635;17.679771858811293
718;7;99;126.93887699174986;126.93887699174986;112.82000585453851
719;10;99;91.73860920161572;91.73860920161572;87.390295387736
720;174;96;18.463264202039763;18.463264202039763;16.576898146768603
721;15;99;37.300780450203156;37.300780450203156;35.94189316127762
722;230;90;24.209084915602503;24.209084915602503;21.255712921531288
723;49;95;18.32940244868604;18.32940244868604;15.41395762834376
724;0;99;1075.9031203111324;1075.9031203111324;849.0007577706992
725;101;83;32.78558218256619;32.78558218256619;27.528990898596703
726;17;99;68.39581140367649;68.39581140367649;55.52191588142878
727;37;99;30.519507105083825;30.519507105083825;24.971106410960786
728;129;90;37.756053917037505;37.756053917037505;31.523558354822296
729;33;99;38.56617272715616;38.56617272715616;31.777930153365027
730;206;92;24.535496237335526;24.535496237335526;21.3455722270628
731;299;79;15.890498805492522;15.890498805492522;14.510187577341702
732;79;93;47.54043751349989;47.54043751349989;38.48395185718555
733;33;99;32.82032771742571;32.82032771742571;27.875747109272783
734;91;79;27.250958665931876;27.250958665931876;23.213829308225762
735;86;95;44.707026569887674;44.707026569887674;37.3737682796441
736;162;84;30.420571608436614;30.420571608436614;25.876169012941308
737;51;97;37.7689317331119;37.7689317331119;31.653734532351297
738;306;99;39.69036935057887;39.69036935057887;33.45191114611022
739;48;99;24.435923520241165;24.435923520241165;20.632595560830307
740;202;93;76.83544236443117;76.83544236443117;60.32258260921708
741;32;99;25.48097716558965;25.48097716558965;21.883005967145426
742;122;95;38.54411624451791;38.54411624451791;32.270751532056764
743;134;88;32.72581925434497;32.72581925434497;27.939711217804735
744;100;90;37.16358836958134;37.16358836958134;31.18683645892608
745;70;88;18.768248664454244;18.768248664454244;16.06696005783916
746;18;99;58.26870981433099;58.26870981433099;48.48368108052129
747;159;99;48.271656881562805;48.271656881562805;43.82431405471729
748;48;95;19.203097105677312;19.203097105677312;16.299566743479524
749;149;99;64.9163649471512;64.9163649471512;57.07438161068989
750;52;91;37.59938355923015;37.59938355923015;31.53796271090938
751;57;88;24.434634881835983;24.434634881835983;20.224726483648496
