Skewness: 1.571290570821429, Average LID: LPCA: 56.058510638297875  |||  MLE: 66888.4412823611  |||  MLENB: 66888.4412823611  |||  TLE: 49062.81063726389
LPCA: -0.35197468517958996  |||  MLE: -0.049375203168868474  |||  MLENB: -0.049375203168868474  |||  TLE: -0.04937565674752194
node;in_degree;local_intrinsic_dimensionality_LPCA;local_intrinsic_dimensionality_MLE;local_intrinsic_dimensionality_MLENB;local_intrinsic_dimensionality_TLE
0;104;55;16.833614172231286;16.833614172231286;16.345569806870678
1;47;54;13.906192365487545;13.906192365487545;12.658547117735841
2;96;54;9.60370220399942;9.60370220399942;8.850980470301254
3;48;56;29.163023254119995;29.163023254119995;25.015159875586107
4;65;54;21.116017237743826;21.116017237743826;19.977737304874395
5;68;54;16.80673825106789;16.80673825106789;16.35878095382188
6;47;55;17.594118455083937;17.594118455083937;16.21025358092906
7;40;59;35.22605858867357;35.22605858867357;31.70010866361637
8;90;59;31.125451088139233;31.125451088139233;26.464102322275878
9;79;55;23.875543590334868;23.875543590334868;21.094586201384235
10;46;56;27.10857553126046;27.10857553126046;23.631486020498855
11;32;59;16.594117486488383;16.594117486488383;14.313570857424128
12;42;42;21.030628125293294;21.030628125293294;18.68988058997127
13;4;59;123.25070655514214;123.25070655514214;109.83121882811582
14;127;59;37.302176550545845;37.302176550545845;31.913319456354692
15;25;59;20.713924237564996;20.713924237564996;17.392539782794884
16;44;58;49.74578910797409;49.74578910797409;41.03368861704244
17;41;57;27.89542004477217;27.89542004477217;24.65564402241922
18;16;59;30.191217569614015;30.191217569614015;25.599370950153762
19;90;59;31.59737610017529;31.59737610017529;28.317110480499068
20;25;59;22.368416330904918;22.368416330904918;19.3528143968638
21;34;59;44.24759146418714;44.24759146418714;36.98554882874666
22;74;58;41.792775507939105;41.792775507939105;35.95113324190462
23;41;57;9.840210584378777;9.840210584378777;9.252226278796801
24;59;56;32.09206204847745;32.09206204847745;27.581820950026586
25;71;59;29.974035239013627;29.974035239013627;26.14312392285584
26;71;53;30.278050389920793;30.278050389920793;27.048117813949382
27;40;59;14.835001795052852;14.835001795052852;12.85832935471219
28;62;55;23.11771067780895;23.11771067780895;20.93546797278688
29;117;56;24.206093951061415;24.206093951061415;21.67476705554277
30;51;56;37.62489040724704;37.62489040724704;31.863978909890918
31;60;57;32.333939330702485;32.333939330702485;28.431938082500523
32;71;57;28.05759907180209;28.05759907180209;24.01968951234166
33;9;59;86.49189863427954;86.49189863427954;74.54906680666666
34;15;58;24.68148384419832;24.68148384419832;20.21860465981088
35;29;57;52.404285437146854;52.404285437146854;41.1821029748108
36;29;58;15.685871069580152;15.685871069580152;13.627416275578
37;76;56;19.608004242055536;19.608004242055536;17.751308165010652
38;20;59;25.523309504789005;25.523309504789005;21.669191372260364
39;83;54;36.09036348846504;36.09036348846504;31.080578047690285
40;35;57;28.32612170314593;28.32612170314593;24.65125758403417
41;105;59;51.87761696156954;51.87761696156954;43.346015611844535
42;61;58;38.3645780142055;38.3645780142055;32.17976145673325
43;19;56;22.19253104999966;22.19253104999966;18.426622892170034
44;19;59;23.448692926935475;23.448692926935475;19.872221879769288
45;63;58;37.726383048062104;37.726383048062104;30.856747723145144
46;79;57;36.533399546819815;36.533399546819815;31.613730536923587
47;17;59;31.502027755499455;31.502027755499455;26.52410290761645
48;13;59;31.351796393691245;31.351796393691245;27.03169182340658
49;72;59;32.4634444285366;32.4634444285366;29.543358422191552
50;56;54;22.89583164132816;22.89583164132816;20.241913320873437
51;50;57;32.957413610592354;32.957413610592354;28.183414847852966
52;104;50;26.896126359814094;26.896126359814094;22.568141022141916
53;62;57;44.62992341930287;44.62992341930287;37.9512713113919
54;36;59;11.423011517796017;11.423011517796017;10.68754704017138
55;37;58;32.49228969864347;32.49228969864347;27.10213216058146
56;13;59;19.518942177707956;19.518942177707956;23.117519932888598
57;9;59;25.42251024241926;25.42251024241926;29.5503513684925
58;16;58;24.404820183842954;24.404820183842954;25.1582825167534
59;37;58;24.182938330537375;24.182938330537375;22.194103835023856
60;30;59;17.713936676983465;17.713936676983465;15.008849494663007
61;10;59;41.27064343092902;41.27064343092902;33.297604800895705
62;53;57;20.457732486928744;20.457732486928744;18.156382554064443
63;98;58;32.124576811333455;32.124576811333455;27.823557868597376
64;102;59;41.32754470560696;41.32754470560696;34.54097784394082
65;25;57;17.598978313717463;17.598978313717463;16.901600706067356
66;31;58;51.1810421356139;51.1810421356139;42.06643481876807
67;95;59;87.04389972554192;87.04389972554192;70.1710992726874
68;30;58;74.04777773207589;74.04777773207589;59.54958588977608
69;30;51;31.15907394162101;31.15907394162101;26.573210658935597
70;6;59;36.779128288191366;36.779128288191366;30.313652851093504
71;22;58;19.059958125687523;19.059958125687523;17.896788548404274
72;133;57;16.018733965946115;16.018733965946115;14.98310395068158
73;55;45;28.607110178150826;28.607110178150826;24.605697095133007
74;56;59;34.7794279278653;34.7794279278653;30.585240258468566
75;19;59;22.270959669690725;22.270959669690725;18.79391680170004
76;77;59;32.875865271720066;32.875865271720066;28.778714177196292
77;51;56;32.75734798989557;32.75734798989557;28.737858899716215
78;14;55;26.415487189092236;26.415487189092236;21.318038082883632
79;43;59;32.008684310568555;32.008684310568555;27.971634943118787
80;29;57;16.241141070796484;16.241141070796484;13.750252089894682
81;51;59;34.62449092235152;34.62449092235152;30.521768120771885
82;12;59;40.431191355100154;40.431191355100154;36.531149162394826
83;60;59;33.548484534348745;33.548484534348745;28.754860980885432
84;43;59;33.534541880815866;33.534541880815866;28.67374108948312
85;36;59;15.728085724406775;15.728085724406775;13.727014143300892
86;49;59;12.807028093511539;12.807028093511539;11.236288189852711
87;40;59;29.49810813613081;29.49810813613081;26.421370345636234
88;5;59;130.64285968606154;130.64285968606154;110.13915292581575
89;10;59;40.715322578759654;40.715322578759654;32.972791430462244
90;19;59;30.709880545779264;30.709880545779264;26.919965502225406
91;60;59;23.646056853639237;23.646056853639237;20.919713725319514
92;87;59;26.199938495729207;26.199938495729207;23.3414969530098
93;87;59;27.47388393007686;27.47388393007686;24.03248733965354
94;94;58;40.959623876242034;40.959623876242034;33.80384207045289
95;2;59;390.09474374960456;390.09474374960456;329.436921229412
96;13;58;53.19193761188057;53.19193761188057;43.22687814528521
97;51;59;18.850238738288553;18.850238738288553;16.905851018602068
98;35;59;30.719862192602847;30.719862192602847;26.526959863256817
99;81;57;34.561674998885636;34.561674998885636;30.40199402348213
100;53;57;18.825423621195238;18.825423621195238;16.574796057814275
101;59;59;36.05505985370108;36.05505985370108;30.66737580971321
102;56;59;34.4610867924268;34.4610867924268;28.69849233494993
103;22;59;20.724019525215148;20.724019525215148;18.095963550122
104;27;59;58.850577268504935;58.850577268504935;46.671548828244404
105;29;59;37.53558145094957;37.53558145094957;31.455093842172946
106;31;59;41.668685709630296;41.668685709630296;35.18688485188014
107;25;59;28.358696930346046;28.358696930346046;24.514476748764082
108;35;59;19.694090484365713;19.694090484365713;16.901006372476655
109;13;59;34.83117307986575;34.83117307986575;28.91878248577331
110;48;54;42.30212982270325;42.30212982270325;36.331959174306554
111;62;55;33.408994554941046;33.408994554941046;27.848623175254264
112;76;59;26.560256948796145;26.560256948796145;23.73240914353009
113;41;59;11.861714766629879;11.861714766629879;10.742740371236549
114;24;59;23.38993671303392;23.38993671303392;19.95475769375315
115;20;55;20.369022642163088;20.369022642163088;16.87094066067236
116;35;59;44.850758360888456;44.850758360888456;37.70309036090052
117;109;58;19.90002484282487;19.90002484282487;17.971468190199378
118;8;59;32.397222257370906;32.397222257370906;32.57574842109833
119;105;58;16.828874585129107;16.828874585129107;14.581543761442541
120;120;58;26.207805582940598;26.207805582940598;23.303886765014457
121;19;58;22.582047362597304;22.582047362597304;20.499046797215073
122;139;52;22.280395577281922;22.280395577281922;19.196636170655676
123;16;59;49.9638678835713;49.9638678835713;41.48175240677273
124;51;58;29.878706714983885;29.878706714983885;26.411757541290246
125;32;57;9.607886589952447;9.607886589952447;9.310562502760032
126;14;59;47.15018859879635;47.15018859879635;40.39576532151875
127;5;59;69.0667805392837;69.0667805392837;57.00113701725686
128;13;59;49.2372882403864;49.2372882403864;39.959413295220514
129;19;59;30.580786560273953;30.580786560273953;25.42008659520674
130;90;59;30.992981222954;30.992981222954;26.218923605270223
131;25;58;54.1545617884572;54.1545617884572;44.167973984358
132;45;55;11.991185590644967;11.991185590644967;12.21232874278241
133;29;58;11.215104105257884;11.215104105257884;11.357677391721289
134;10;57;44.764989868205575;44.764989868205575;35.24606216837375
135;32;57;11.198370113391151;11.198370113391151;10.812778771897054
136;96;56;24.844657879235527;24.844657879235527;21.820115771205927
137;7;59;55.96012325912831;55.96012325912831;52.20034338692334
138;118;58;23.749288917121454;23.749288917121454;21.617155318378575
139;37;57;9.368719361834462;9.368719361834462;9.0932656186188
140;9;59;66.16230088432901;66.16230088432901;55.323085619681436
141;42;54;15.851539487092298;15.851539487092298;14.998024674942904
142;43;59;36.74740448467954;36.74740448467954;30.97509405140665
143;38;59;13.005950335291184;13.005950335291184;11.870806190385881
144;44;53;42.07651959432802;42.07651959432802;35.14675374539761
145;99;54;15.11638760727212;15.11638760727212;14.387271766018781
146;16;59;33.31688439742867;33.31688439742867;27.824104557322254
147;39;59;47.3346538469505;47.3346538469505;39.530912066076404
148;67;59;25.370269116358347;25.370269116358347;23.276560046858524
149;77;59;30.8410545882501;30.8410545882501;27.650298831723255
150;13;59;33.33736203637443;33.33736203637443;29.882338218130418
151;44;47;45.895994885162764;45.895994885162764;34.653941120710094
152;38;59;31.789004843096162;31.789004843096162;27.53430881594397
153;41;59;25.587933719866832;25.587933719866832;22.531645916473032
154;50;59;35.43507170456089;35.43507170456089;30.484302724975283
155;28;59;19.088471292760655;19.088471292760655;16.483330811567217
156;15;59;53.01818192710435;53.01818192710435;42.076724881429556
157;48;59;29.67078561922449;29.67078561922449;25.637403094842355
158;13;59;52.0218002863611;52.0218002863611;43.24550259271021
159;71;59;29.070591485336138;29.070591485336138;25.505887324317165
160;28;58;27.641320327108925;27.641320327108925;23.63488776828912
161;63;57;24.00302798747346;24.00302798747346;20.754044276731317
162;43;56;45.21324346444567;45.21324346444567;36.72569021813621
163;57;56;32.260174917192536;32.260174917192536;28.00441428140399
164;27;58;41.69008347238041;41.69008347238041;34.47052132804272
165;11;59;43.874037431259495;43.874037431259495;36.28086069206152
166;24;59;30.40498235866748;30.40498235866748;26.905773199135247
167;27;59;21.476367057696876;21.476367057696876;18.264658447318027
168;18;59;26.39972043413732;26.39972043413732;23.142835832466595
169;39;59;12.566404385691703;12.566404385691703;11.394293999991838
170;19;59;29.891481903658338;29.891481903658338;26.21915391677014
171;39;59;45.67046000093041;45.67046000093041;37.579827092795206
172;40;59;15.170826023878016;15.170826023878016;13.205282977762405
173;54;55;31.68743366431685;31.68743366431685;27.644943703478155
174;30;59;15.247520412311617;15.247520412311617;13.737279739048223
175;36;59;14.994797382619009;14.994797382619009;13.75266701387915
176;33;57;35.588910789954134;35.588910789954134;30.27293995518352
177;23;59;24.59272822754378;24.59272822754378;20.817266208649233
178;44;58;38.411426995491574;38.411426995491574;32.9350002832978
179;42;59;49.48249102872669;49.48249102872669;41.15849342460138
180;8;59;31.39408903268504;31.39408903268504;23.23780595444355
181;30;59;19.7206395885733;19.7206395885733;17.275037017632176
182;48;59;36.48316333410277;36.48316333410277;30.408940406187487
183;26;59;56.018754891592344;56.018754891592344;45.323012986084926
184;38;59;55.38026822437346;55.38026822437346;45.56660293175303
185;17;59;31.937007685504145;31.937007685504145;26.31705122084086
186;23;59;31.432451722243783;31.432451722243783;27.349399809252283
187;31;59;17.551909799062365;17.551909799062365;15.571984864113844
188;94;59;37.5743902784985;37.5743902784985;31.684085949460147
189;40;59;34.96272591169462;34.96272591169462;30.104960558047207
190;22;59;27.91985118176774;27.91985118176774;23.2781689688719
191;23;59;20.316170396861626;20.316170396861626;18.073199382960194
192;100;56;37.07523873136343;37.07523873136343;32.27473723665448
193;49;59;53.27783288184111;53.27783288184111;44.3242117519476
194;49;59;29.004050361522683;29.004050361522683;24.81583470250074
195;92;58;15.566406517350991;15.566406517350991;13.98399391658994
196;193;59;33.786630303459845;33.786630303459845;29.128358005034894
197;113;59;23.6638907104677;23.6638907104677;20.762596939999767
198;17;59;41.88949469764593;41.88949469764593;35.00134149657093
199;41;58;32.157805011884165;32.157805011884165;26.275034153700116
200;17;59;31.66635387367928;31.66635387367928;27.554739155297767
201;101;59;51.592137444571456;51.592137444571456;42.596309713746386
202;70;59;26.807534652879713;26.807534652879713;23.397658956066802
203;16;59;73.9050552436168;73.9050552436168;59.875304415031366
204;25;58;47.663138365697385;47.663138365697385;38.81119682955881
205;239;59;31.686026306804127;31.686026306804127;27.530820959922128
206;100;59;30.328700396991337;30.328700396991337;26.75161758930784
207;54;59;30.33964979711558;30.33964979711558;26.269072848390596
208;50;59;28.4634414550382;28.4634414550382;24.603002331210984
209;28;53;31.577041159393374;31.577041159393374;27.415797308351113
210;12;59;37.94914869402614;37.94914869402614;32.3736744059797
211;67;59;28.207283193300473;28.207283193300473;24.515452870254247
212;10;59;65.23279777766766;65.23279777766766;53.83207360393694
213;19;57;57.49669550410802;57.49669550410802;46.057306434391755
214;8;59;78.66935111308469;78.66935111308469;60.88841296859088
215;36;58;13.68048954756359;13.68048954756359;12.001864056597206
216;35;59;57.23321638786229;57.23321638786229;47.459025249851614
217;39;53;37.84605310642869;37.84605310642869;31.312362918307045
218;28;59;19.844039069478907;19.844039069478907;17.49851521035877
219;76;59;33.24401529071519;33.24401529071519;29.829915342696314
220;42;59;12.292593898540453;12.292593898540453;11.040245886810125
221;18;59;33.91077393235321;33.91077393235321;29.382714625282706
222;30;59;19.947860419138557;19.947860419138557;16.961634784208027
223;208;59;28.427298537741272;28.427298537741272;24.75598136353772
224;24;59;21.52061361926971;21.52061361926971;18.793196222608312
225;44;58;30.327029095667726;30.327029095667726;26.250682172951777
226;35;59;46.38828832249993;46.38828832249993;38.39244813627185
227;40;59;53.76195596984236;53.76195596984236;43.516255642645866
228;77;59;34.064678408783976;34.064678408783976;29.542500073942758
229;77;59;45.62897283940062;45.62897283940062;38.50756868705119
230;56;56;16.620513352046377;16.620513352046377;15.888188993620732
231;166;59;19.91302652347522;19.91302652347522;18.583533344713928
232;43;58;54.66472700866691;54.66472700866691;45.261060217862514
233;26;59;40.36873994120718;40.36873994120718;34.6320302618389
234;5;59;124.55344213458656;124.55344213458656;106.9662681148183
235;62;59;24.560025756639405;24.560025756639405;22.60293325341404
236;35;59;14.495899527884397;14.495899527884397;12.712261892729819
237;5;59;110.2387991366422;110.2387991366422;95.87961319599971
238;20;56;63.58457901600356;63.58457901600356;50.990244820157955
239;15;59;26.945969282286324;26.945969282286324;22.471348678336444
240;10;59;55.024411118183004;55.024411118183004;47.96031217741151
241;34;57;37.93439278120164;37.93439278120164;32.40662684583536
242;85;56;11.262548371240168;11.262548371240168;10.248294803660928
243;39;59;22.783417415301116;22.783417415301116;20.442998583938724
244;42;58;44.63980991602808;44.63980991602808;37.795181562292775
245;67;59;40.13149800356564;40.13149800356564;33.83869316703987
246;62;55;37.84944466036649;37.84944466036649;32.53094066568876
247;57;58;64.56478389182622;64.56478389182622;51.811071667543125
248;19;59;33.39260427629977;33.39260427629977;28.664931652640007
249;69;59;26.438234918395228;26.438234918395228;22.983022788325375
250;47;55;49.17583583228239;49.17583583228239;41.84635856218325
251;111;59;28.309869841059243;28.309869841059243;24.885770015008138
252;30;58;67.8707952745379;67.8707952745379;55.42570826471832
253;37;59;52.00894824835887;52.00894824835887;42.54966058987761
254;50;53;53.24759809810463;53.24759809810463;43.756210412823236
255;12;59;47.92126466620395;47.92126466620395;39.9084627435951
256;33;54;38.77703521986257;38.77703521986257;32.043461339414684
257;34;59;15.497780905055805;15.497780905055805;13.84733591727949
258;17;59;36.72852287054794;36.72852287054794;30.701996077363457
259;86;58;23.11241293279054;23.11241293279054;20.80213253036754
260;27;59;61.40715714887701;61.40715714887701;49.26971028137068
261;18;55;20.7182100671115;20.7182100671115;17.909947492354387
262;35;59;35.949430740815146;35.949430740815146;30.870973790727497
263;42;59;29.87979365113561;29.87979365113561;25.967995449537035
264;73;56;19.206356223209763;19.206356223209763;16.962400064956352
265;59;59;29.966778179635106;29.966778179635106;25.9462183331386
266;54;56;20.930457446289346;20.930457446289346;18.65131137217616
267;60;58;13.95018804464311;13.95018804464311;12.25784565434192
268;69;56;26.358958568221855;26.358958568221855;22.38832693350104
269;61;57;26.652859670496408;26.652859670496408;22.13173950838851
270;15;59;25.377739991425532;25.377739991425532;23.149208503499747
271;57;56;24.445883206622828;24.445883206622828;21.21415980072368
272;16;59;29.661254533867844;29.661254533867844;25.557429838328595
273;65;52;25.567213967385896;25.567213967385896;22.089479326999776
274;14;59;27.91053496430887;27.91053496430887;25.635840297809025
275;157;59;26.08381674454264;26.08381674454264;22.870566520775174
276;92;59;28.776729033617205;28.776729033617205;25.589940602270396
277;98;57;34.0490936815166;34.0490936815166;28.41508046165535
278;109;55;15.639165733783955;15.639165733783955;14.158128793914095
279;74;49;13.553927986540698;13.553927986540698;11.9155201022512
280;65;53;25.688391210036716;25.688391210036716;21.594686225712543
281;119;56;20.194490730685214;20.194490730685214;18.024795860580745
282;85;49;33.49889972008646;33.49889972008646;28.167584729952317
283;50;52;19.262023096061366;19.262023096061366;17.471765546137608
284;53;57;19.90960150690142;19.90960150690142;18.08109889364197
285;159;45;18.35581913818987;18.35581913818987;16.645098423290488
286;50;44;28.640205893053118;28.640205893053118;23.76254132854575
287;107;49;20.707492690152346;20.707492690152346;18.144004887888006
288;50;53;12.53246877029633;12.53246877029633;10.754940885001217
289;166;47;23.921675259908554;23.921675259908554;20.760388733390315
290;73;55;18.616733083950304;18.616733083950304;16.472953121706905
291;96;58;24.999575622201863;24.999575622201863;22.22773871744182
292;63;58;25.78153616605699;25.78153616605699;22.180836350844974
293;159;45;9.564132874187806;9.564132874187806;9.548904754320048
294;127;44;7.587536183846011;7.587536183846011;7.8055805721628335
295;138;46;13.912830524834494;13.912830524834494;12.830381406778821
296;81;51;12.292484329731579;12.292484329731579;11.135221537295857
297;24;59;31.036743664480017;31.036743664480017;27.712550960006308
298;79;59;33.548470918349395;33.548470918349395;28.472049371219626
299;46;58;43.98512171188135;43.98512171188135;37.06990280374418
300;20;51;35.47260494551656;35.47260494551656;27.136552762385033
301;98;47;24.3352522201421;24.3352522201421;21.11322582797842
302;104;59;21.831551571832797;21.831551571832797;19.398312973958873
303;117;51;26.18642036315573;26.18642036315573;23.169274870485253
304;23;58;36.852793692535485;36.852793692535485;30.540445329577295
305;59;56;15.055074039332375;15.055074039332375;14.259393702774803
306;37;59;12.390284783870843;12.390284783870843;11.27918722958922
307;94;58;20.298590452031448;20.298590452031448;18.89886695081642
308;66;57;19.405430203306686;19.405430203306686;17.297195002625323
309;36;59;10.515029748340917;10.515029748340917;10.120254669299122
310;71;55;18.63584947000572;18.63584947000572;17.118467412919273
311;15;59;32.20874807925213;32.20874807925213;28.290090407755127
312;16;56;17.895980213963213;17.895980213963213;14.793721008891419
313;77;58;14.40792556333033;14.40792556333033;13.72554168725156
314;212;58;28.4023333540807;28.4023333540807;24.641753127913162
315;36;58;38.44833314339983;38.44833314339983;32.12418301386131
316;57;55;21.328187126866407;21.328187126866407;19.273650645134126
317;65;59;29.950203634279575;29.950203634279575;25.948680159864843
318;33;59;12.10918277452876;12.10918277452876;11.029800668868466
319;85;59;29.79287045383364;29.79287045383364;27.00937891117705
320;42;54;21.949050808771915;21.949050808771915;19.68848826333678
321;69;59;30.422499876863956;30.422499876863956;26.079444277423462
322;60;56;17.604247738087935;17.604247738087935;16.250056533885864
323;104;57;19.10941422398651;19.10941422398651;17.331739398595392
324;70;59;26.251026015095892;26.251026015095892;22.986183074092807
325;42;59;40.996710366588;40.996710366588;35.18359925228764
326;149;58;22.36143589886826;22.36143589886826;20.285291724075247
327;21;58;53.567280091869634;53.567280091869634;43.46745669001791
328;156;58;30.587263868865133;30.587263868865133;27.994586538239947
329;42;59;39.722882616640355;39.722882616640355;33.92349359227414
330;51;59;25.020213391245537;25.020213391245537;22.368532715239976
331;194;57;24.206073299270123;24.206073299270123;21.469092978351927
332;100;59;30.02512053555651;30.02512053555651;26.190532908227127
333;230;57;22.538107892605325;22.538107892605325;20.089981742240024
334;96;58;28.585474972813195;28.585474972813195;24.70304716775244
335;23;59;22.52700323942265;22.52700323942265;19.841030960589766
336;157;53;20.123688396794954;20.123688396794954;18.133938797052558
337;30;58;15.100074837165648;15.100074837165648;13.302365944943135
338;70;55;19.645129892137682;19.645129892137682;17.54299083748134
339;178;58;23.649098456421747;23.649098456421747;20.96825409354857
340;48;59;45.0153699559654;45.0153699559654;37.65150964693808
341;103;53;19.65973498652603;19.65973498652603;17.920407716613155
342;160;44;13.822328738729954;13.822328738729954;12.88862253167402
343;128;55;17.16752217376443;17.16752217376443;16.19473168317374
344;123;52;16.199976364169114;16.199976364169114;15.358597020391256
345;70;58;19.82056559182009;19.82056559182009;17.521773239817865
346;66;57;33.93596374384338;33.93596374384338;28.66012347380505
347;65;58;31.719555207125293;31.719555207125293;27.1978300906593
348;37;59;47.04916296536023;47.04916296536023;38.471709008786185
349;19;58;45.299369062441386;45.299369062441386;37.299096040244805
350;65;56;30.472586423027032;30.472586423027032;26.092301340540985
351;230;57;13.831395128852929;13.831395128852929;13.291688094100978
352;139;59;21.761150868717817;21.761150868717817;19.65465715250294
353;75;57;25.800127339459273;25.800127339459273;22.841624800903194
354;118;52;28.779508971758105;28.779508971758105;25.034123798141877
355;66;59;21.343483425293606;21.343483425293606;18.532386843012183
356;48;58;18.70258228103542;18.70258228103542;16.328753190557883
357;25;59;44.881159025828374;44.881159025828374;36.752724532688525
358;43;59;47.25052150399146;47.25052150399146;39.18583597491718
359;51;59;29.87836832338246;29.87836832338246;25.80985775325019
360;56;57;23.533135049523974;23.533135049523974;20.357041570649777
361;67;59;42.0750541910284;42.0750541910284;35.81671350351489
362;107;54;22.35270806877489;22.35270806877489;19.709532931346363
363;43;54;25.89398823964762;25.89398823964762;21.375443591857298
364;31;57;17.205591259203093;17.205591259203093;15.573478398796723
365;105;56;27.726276124105787;27.726276124105787;23.97800903615437
366;41;58;36.11477789374672;36.11477789374672;31.413092101585057
367;73;47;13.632185864795549;13.632185864795549;11.937172163191752
368;80;47;12.329907056172752;12.329907056172752;10.966701969279855
369;38;54;38.41453018136147;38.41453018136147;32.0936272004559
370;37;59;31.964323465120096;31.964323465120096;27.045964347539055
371;54;59;29.007366075345562;29.007366075345562;25.505017868171414
372;27;59;20.78474027595323;20.78474027595323;18.344508884627057
373;213;50;35.69583181278677;35.69583181278677;28.55028032907051
374;33;58;29.9330188357819;29.9330188357819;25.33104709535877
375;89;58;11.4225090961604;11.4225090961604;10.740386466034108
376;18;59;65.93727421092626;65.93727421092626;55.76432447677537
377;48;59;44.42536030062095;44.42536030062095;37.68782174797195
378;94;59;35.62079635933145;35.62079635933145;30.28573738401274
379;76;58;34.37458730562005;34.37458730562005;30.078552528946386
380;59;59;28.203883051421673;28.203883051421673;24.84933723443256
381;73;58;28.596871534068143;28.596871534068143;25.21218339593214
382;99;57;36.472646299250655;36.472646299250655;30.819419123573528
383;98;58;29.593240333375558;29.593240333375558;25.450480015787424
384;31;59;49.22245199273839;49.22245199273839;40.639200542242875
385;14;59;66.86985608040733;66.86985608040733;51.409772570661644
386;35;59;37.8930584432406;37.8930584432406;32.14027890583272
387;20;59;48.31465103403392;48.31465103403392;40.82894595771772
388;24;59;37.32878536103682;37.32878536103682;31.4751111684932
389;9;59;54.64199141877727;54.64199141877727;46.88177080617242
390;78;54;26.58408249209761;26.58408249209761;23.076719362112968
391;63;59;38.381908605139515;38.381908605139515;32.631102727453076
392;14;59;41.124957273601794;41.124957273601794;34.85384464614479
393;104;57;18.368648988833822;18.368648988833822;15.947960588060731
394;23;58;36.43400496828307;36.43400496828307;30.156922772067247
395;91;45;21.96440103099731;21.96440103099731;18.65541517708757
396;38;59;36.11552579604005;36.11552579604005;30.99372811457418
397;71;57;24.911924953360955;24.911924953360955;21.796566201857537
398;4;59;74.98846977568506;74.98846977568506;64.33111971952131
399;80;57;15.259816351759206;15.259816351759206;13.625722889488872
400;71;57;14.785049809047988;14.785049809047988;13.247906097043431
401;274;59;27.620402599981276;27.620402599981276;23.493001478214417
402;93;47;11.907910294519429;11.907910294519429;10.67329555662367
403;109;48;13.591047440995789;13.591047440995789;12.365175482201098
404;46;59;37.41849437938931;37.41849437938931;31.187344686979177
405;195;59;46.95355728671792;46.95355728671792;39.19844115375984
406;84;59;21.95290327569225;21.95290327569225;19.358993883625185
407;48;59;50.391793220560764;50.391793220560764;41.79768984829571
408;20;58;57.77157754777735;57.77157754777735;46.33076723127299
409;137;59;22.793349838377928;22.793349838377928;20.384432810167837
410;14;59;40.66400390077547;40.66400390077547;35.90229689690354
411;108;53;25.122270499432474;25.122270499432474;22.145421272120206
412;54;54;42.85654681664122;42.85654681664122;35.2739155735572
413;28;59;15.45662707977394;15.45662707977394;13.845579093712349
414;25;59;26.209464256497263;26.209464256497263;23.23171109154652
415;39;58;36.40150744736467;36.40150744736467;30.357564254495514
416;19;59;17.292687858164168;17.292687858164168;16.354195441614074
417;25;48;31.11812242588122;31.11812242588122;26.842369415956686
418;99;59;25.3115728681298;25.3115728681298;23.067200585871603
419;84;57;16.96211807092077;16.96211807092077;15.481000464674638
420;44;58;31.744730958441494;31.744730958441494;27.03852654392435
421;44;52;27.912658067122322;27.912658067122322;23.437851570831626
422;34;54;35.48566893556895;35.48566893556895;29.015544100775077
423;67;50;27.90055253771249;27.90055253771249;23.06616088349237
424;39;53;47.26731465050373;47.26731465050373;37.5086065167972
425;128;48;14.33922217247114;14.33922217247114;13.098585176428374
426;48;54;25.194877106575852;25.194877106575852;22.166287515691057
427;202;46;19.03381441498934;19.03381441498934;17.663523718405227
428;91;49;10.18534709925555;10.18534709925555;9.464001770101495
429;76;47;10.924472168117797;10.924472168117797;10.167965753897287
430;92;47;12.54739573305035;12.54739573305035;12.027473899765326
431;86;45;15.659559813191635;15.659559813191635;13.89171443300464
432;136;46;8.544315806330953;8.544315806330953;8.710290961387164
433;74;51;11.513097963796751;11.513097963796751;11.00039059139594
434;72;51;11.703411181513331;11.703411181513331;11.065750510900934
435;91;48;10.099092560651615;10.099092560651615;9.60246034424759
436;79;53;19.279692070583664;19.279692070583664;17.061740782073443
437;56;53;36.04547370348847;36.04547370348847;29.388654195654187
438;107;47;14.241401296546051;14.241401296546051;12.65512184041124
439;131;44;7.2643708656144135;7.2643708656144135;7.725382178014952
440;53;48;20.86705264144967;20.86705264144967;18.39929113824953
441;118;44;5.98922458591384;5.98922458591384;6.575440161899488
442;50;53;18.287216442834175;18.287216442834175;17.280484304359064
443;50;48;14.279742180302451;14.279742180302451;12.169528208416418
444;51;51;15.411607316695745;15.411607316695745;15.870207841798093
445;45;50;15.874380733072767;15.874380733072767;15.843809563465818
446;50;54;22.813480102238902;22.813480102238902;19.820827770361458
447;51;53;17.261877736905753;17.261877736905753;17.51158631476421
448;103;43;6.990789136943815;6.990789136943815;7.651183330269393
449;98;44;8.129066442517578;8.129066442517578;8.610610047559515
450;143;46;16.414769268745534;16.414769268745534;15.63252334586911
451;74;50;13.181252161891626;13.181252161891626;12.220479782868848
452;78;50;15.279753566267098;15.279753566267098;14.362215741495467
453;72;51;18.408104729339247;18.408104729339247;16.465091525836407
454;77;49;19.457125753713406;19.457125753713406;16.922017938644057
455;82;51;15.155811872236242;15.155811872236242;14.095675301789143
456;63;46;12.413931113210147;12.413931113210147;11.851889694868374
457;136;52;18.378853925648045;18.378853925648045;16.816759036393183
458;51;56;16.14408963779179;16.14408963779179;15.159378780444866
459;100;51;16.666391544434575;16.666391544434575;14.955590749131394
460;64;51;15.51016981217938;15.51016981217938;14.165431127517268
461;70;52;17.02357702691978;17.02357702691978;15.340125897210779
462;101;48;12.60676464449779;12.60676464449779;12.576083451679704
463;81;49;25.202413972886312;25.202413972886312;22.236784105569352
464;54;51;15.624898959758715;15.624898959758715;14.510233124154771
465;74;46;11.234589926536799;11.234589926536799;11.028471699654842
466;103;56;20.003524124864814;20.003524124864814;18.13037920282847
467;113;47;30.406644203862697;30.406644203862697;25.954968846195538
468;26;59;8.593236200097664;8.593236200097664;9.070939016475718
469;54;53;18.583967290453376;18.583967290453376;17.700250218580138
470;128;54;17.830403048969696;17.830403048969696;16.24337997665796
471;47;55;16.184347891141634;16.184347891141634;15.060726688775329
472;83;43;16.61834865534281;16.61834865534281;15.076456241026886
473;249;56;21.056810462748054;21.056810462748054;18.493243355270796
474;28;54;34.59306832988949;34.59306832988949;29.30179737556611
475;22;58;18.91861186590955;18.91861186590955;16.359790015141503
476;44;54;15.852679162217095;15.852679162217095;14.79137512137212
477;103;49;12.64122727988892;12.64122727988892;12.514611155597503
478;41;51;23.881225666199466;23.881225666199466;20.104430403908868
479;31;56;27.6271026698955;27.6271026698955;23.87985960472101
480;108;44;11.003831588129648;11.003831588129648;10.331415274203414
481;69;56;28.320753910775284;28.320753910775284;24.70320003829412
482;65;57;18.88242133321141;18.88242133321141;16.89207839507283
483;73;56;38.623701902755656;38.623701902755656;32.24609145923059
484;91;59;26.34528268622817;26.34528268622817;23.529547944315357
485;152;52;43.65046403440313;43.65046403440313;35.417356019998216
486;22;51;22.896675293811903;22.896675293811903;21.036974407930266
487;19;59;20.93291746794129;20.93291746794129;18.216425766937313
488;55;51;25.155106458124212;25.155106458124212;21.028341847601993
489;43;52;29.487462848732818;29.487462848732818;24.382320340160156
490;164;43;26.25870464452568;26.25870464452568;23.25212779476793
491;52;53;28.86568975697235;28.86568975697235;24.276753572369984
492;86;52;14.234520122732466;14.234520122732466;13.288029143271176
493;100;59;31.182102130935682;31.182102130935682;26.817970756687394
494;105;46;17.853933485326788;17.853933485326788;16.58929382269391
495;68;57;31.358385381361515;31.358385381361515;27.64543848251923
496;7;59;61.42034031281322;61.42034031281322;49.90887485744286
497;140;48;23.03810678178287;23.03810678178287;20.290727995319646
498;21;59;33.835567987582635;33.835567987582635;31.115457840299623
499;17;59;37.03063266375281;37.03063266375281;31.544638033017677
500;41;52;31.209018540425564;31.209018540425564;25.29719318380803
501;49;59;38.09123075069347;38.09123075069347;31.68734061155107
502;46;51;27.18371575833927;27.18371575833927;23.320663660254493
503;176;57;21.97550268949607;21.97550268949607;19.71492073600256
504;230;59;29.482293714132584;29.482293714132584;25.459497294238773
505;57;59;46.301164598524934;46.301164598524934;39.239132624705036
506;25;59;30.25670390794231;30.25670390794231;26.227423489734775
507;55;58;38.47655745910028;38.47655745910028;31.77187356021525
508;42;57;28.87959702705818;28.87959702705818;24.71158178687828
509;36;56;29.675908046870767;29.675908046870767;25.568439442974753
510;23;57;34.553472834011295;34.553472834011295;29.471935047920848
511;41;56;28.008471771024087;28.008471771024087;22.958641524976134
512;52;58;32.71681630990638;32.71681630990638;26.98677419664034
513;89;48;11.255600634051357;11.255600634051357;10.341527337754442
514;60;55;32.7366238536002;32.7366238536002;28.2345465701685
515;12;59;35.118114618908365;35.118114618908365;28.8198683718579
516;43;56;35.76509748895989;35.76509748895989;28.75179083201051
517;38;55;46.65939213040716;46.65939213040716;38.77430020756868
518;31;59;33.70502571892792;33.70502571892792;28.08796831666423
519;43;51;26.292870798181774;26.292870798181774;21.4164851904392
520;53;56;15.71808437203327;15.71808437203327;14.728648176922702
521;34;58;38.27350846809172;38.27350846809172;31.338024946762282
522;66;51;19.494133351114428;19.494133351114428;16.414392862553537
523;64;55;25.703035920267762;25.703035920267762;22.268398546755492
524;231;55;16.59153502797759;16.59153502797759;15.943411766399148
525;37;56;18.01089075145161;18.01089075145161;16.365351017241107
526;49;58;27.280139523383895;27.280139523383895;23.414419419664277
527;66;57;44.64879343938123;44.64879343938123;36.664940709707
528;100;49;17.485096174469337;17.485096174469337;15.292440106662063
529;103;56;18.869886659716716;18.869886659716716;16.56384364042497
530;60;49;35.29051211672128;35.29051211672128;29.177596832408806
531;47;51;17.924204738203464;17.924204738203464;16.31928455346874
532;90;54;24.464267797153976;24.464267797153976;21.50991687159644
533;37;58;27.985731803987544;27.985731803987544;24.026621286884723
534;101;54;40.218882686224774;40.218882686224774;33.88923017597492
535;124;46;11.586941927914578;11.586941927914578;10.902130792833207
536;93;48;15.052794098554134;15.052794098554134;13.21601198024857
537;38;55;49.27462668252528;49.27462668252528;39.64585079907798
538;44;50;18.853004081856632;18.853004081856632;16.581704321885073
539;56;58;35.032814202451654;35.032814202451654;29.635022164823955
540;31;48;29.972760903155407;29.972760903155407;23.864103930611872
541;91;38;18.32512541560847;18.32512541560847;16.53194950886374
542;27;58;36.72100991021747;36.72100991021747;29.747616515911922
543;208;54;28.78664334384732;28.78664334384732;24.22175708568894
544;204;51;15.517344002891562;15.517344002891562;15.09390194387915
545;75;49;24.959351715887284;24.959351715887284;21.798534723072727
546;138;51;13.013671039479531;13.013671039479531;12.488336059728612
547;94;57;10.941006966880026;10.941006966880026;10.396823866866981
548;25;59;31.928348454348992;31.928348454348992;26.85963427544042
549;41;56;22.12151271301441;22.12151271301441;19.464721338131262
550;42;59;27.09624575441705;27.09624575441705;23.342189412246835
551;17;59;22.25180294590978;22.25180294590978;19.47252618655294
552;92;55;8.561982464115943;8.561982464115943;8.544525481157603
553;141;48;18.179827820852726;18.179827820852726;16.049848662721057
554;52;51;29.441055558683477;29.441055558683477;26.391756681492467
555;111;51;16.943760194523396;16.943760194523396;15.24290744594752
556;55;50;20.503930367406806;20.503930367406806;17.9873788032102
557;67;51;23.358703041642908;23.358703041642908;20.235132013689178
558;95;47;23.84631045972828;23.84631045972828;20.839022654257548
559;80;48;18.700239883583794;18.700239883583794;15.64075092591465
560;61;56;29.023783793375145;29.023783793375145;25.553490511442032
561;40;59;43.54852356127283;43.54852356127283;38.16808175317114
562;96;54;21.900429773091865;21.900429773091865;19.874991321971507
563;117;43;12.728105149652547;12.728105149652547;11.767338445518545
564;53;53;15.439320960162625;15.439320960162625;14.527140600501372
565;48;57;37.592757948550144;37.592757948550144;31.51939802520349
566;148;54;17.504867234365395;17.504867234365395;16.05407130281832
567;141;46;23.0311268892596;23.0311268892596;20.619115376136776
568;25;59;35.451223972513084;35.451223972513084;29.877715598720247
569;103;48;16.69928048828615;16.69928048828615;15.025188080761218
570;50;57;18.430996201837715;18.430996201837715;16.01905303037954
571;23;49;41.157702505874056;41.157702505874056;32.777599300793455
572;11;59;23.727251251190083;23.727251251190083;19.73075772098318
573;38;58;9.934561124800727;9.934561124800727;9.518623078315679
574;123;54;17.138468786581956;17.138468786581956;15.964982429956633
575;35;52;37.6168816729911;37.6168816729911;31.83625940842083
576;98;45;19.101226618164763;19.101226618164763;16.790418316210932
577;65;51;15.420983432821073;15.420983432821073;13.229492102489525
578;68;50;26.320288725378262;26.320288725378262;21.924026459222315
579;97;49;9.700093784114955;9.700093784114955;9.233777752381418
580;122;56;20.977645214010515;20.977645214010515;18.666726623054785
581;62;55;23.712452851425052;23.712452851425052;20.705235082033795
582;30;57;21.003080762018723;21.003080762018723;18.589556534482227
583;48;59;29.570880651060893;29.570880651060893;25.857662820272544
584;89;55;12.986040114489018;12.986040114489018;12.293525966924346
585;75;59;27.454464124283998;27.454464124283998;23.053100574553003
586;27;59;36.72510327569382;36.72510327569382;31.115406183010958
587;100;44;22.063490233222705;22.063490233222705;18.872400364526637
588;24;59;53.64370362034592;53.64370362034592;43.45682050711147
589;107;44;8.808273702240427;8.808273702240427;8.629623137427656
590;94;40;15.489539728065925;15.489539728065925;13.51563169699271
591;109;48;15.248114516334548;15.248114516334548;13.913076971698118
592;17;58;53.82306790051391;53.82306790051391;43.35299650177374
593;47;57;34.894319004311264;34.894319004311264;29.79130471753019
594;178;58;60.212676426406546;60.212676426406546;49.325100847351365
595;39;59;45.84357816488609;45.84357816488609;37.91723739031865
596;56;59;33.648384677897454;33.648384677897454;29.550186947653373
597;55;58;18.809755068433336;18.809755068433336;16.23359356376661
598;62;58;19.80556010655531;19.80556010655531;17.006436315204855
599;63;53;28.29769166189168;28.29769166189168;24.379066523991714
600;61;56;25.650346220985373;25.650346220985373;21.81660157736233
601;99;59;24.470767178836727;24.470767178836727;21.800547740850647
602;75;58;31.75284407679082;31.75284407679082;27.330964343626558
603;43;45;33.72066439072585;33.72066439072585;26.809039768619595
604;134;53;24.026385650822334;24.026385650822334;21.43109400864584
605;157;58;18.714612990983316;18.714612990983316;16.913545385778885
606;144;48;16.311710217496163;16.311710217496163;15.324637330397737
607;43;57;40.36742235933056;40.36742235933056;33.60125504786988
608;80;53;18.01077694741077;18.01077694741077;16.562928996400675
609;16;59;18.16173707407621;18.16173707407621;15.287312428957797
610;50;55;24.21798914175162;24.21798914175162;21.028135547623883
611;60;48;36.99116413009817;36.99116413009817;30.01894868071184
612;148;49;17.432174293661884;17.432174293661884;15.953216756157843
613;79;43;33.255589875368216;33.255589875368216;27.59999022750406
614;51;58;37.72020637877616;37.72020637877616;31.353888944089523
615;271;56;34.235576152147964;34.235576152147964;29.035652788984045
616;34;56;23.235405541284038;23.235405541284038;20.699927067891863
617;23;59;26.3989184090114;26.3989184090114;22.862568570173483
618;129;57;23.263211893011274;23.263211893011274;20.346631495514334
619;18;59;49.367603435483325;49.367603435483325;39.13912171058704
620;117;54;21.212047475837604;21.212047475837604;19.24279771324365
621;68;59;25.532150969815167;25.532150969815167;23.802342089566345
622;40;59;7.873652249340499;7.873652249340499;7.722980843390599
623;33;46;19.37815507810694;19.37815507810694;17.00376625017497
624;99;50;12.42689334142201;12.42689334142201;11.588660112624211
625;49;49;21.182136575872203;21.182136575872203;17.79118136697814
626;72;45;9.780862658424889;9.780862658424889;9.357603168225097
627;59;43;12.8678081787463;12.8678081787463;11.377493635177293
628;57;50;13.157621168785775;13.157621168785775;12.206162854986944
629;20;58;19.229136531556662;19.229136531556662;16.206542179553583
630;96;59;26.23186263020841;26.23186263020841;23.046076558096612
631;61;59;33.44501841088209;33.44501841088209;29.566311073825872
632;21;59;32.09302855627307;32.09302855627307;27.533827306256814
633;76;59;44.21768471195254;44.21768471195254;37.23564129473659
634;48;57;37.27299013196167;37.27299013196167;31.016384315113797
635;29;55;18.42115911864246;18.42115911864246;16.61718980724753
636;62;58;26.21584676943949;26.21584676943949;23.10635649769966
637;40;56;34.09774915545841;34.09774915545841;28.627525368408868
638;40;59;37.794007388050694;37.794007388050694;32.52471476979003
639;108;57;20.67356139822584;20.67356139822584;19.085918365122165
640;52;57;17.955277653903078;17.955277653903078;16.15015556904239
641;89;58;29.939007740497594;29.939007740497594;26.11185206518656
642;68;59;31.407359566398654;31.407359566398654;27.524211440774195
643;42;58;39.72070355748881;39.72070355748881;33.794038274567335
644;32;58;36.856067339594006;36.856067339594006;31.026912074265542
645;25;59;34.10525090559995;34.10525090559995;28.935824933708936
646;2;59;118.06755319696099;118.06755319696099;121.18478265236509
647;24;58;17.417077603551824;17.417077603551824;14.2517468307256
648;34;59;18.82620721388062;18.82620721388062;16.043476532003314
649;14;57;81.53263539463546;81.53263539463546;64.31299495738544
650;28;59;22.808782967529762;22.808782967529762;19.503877738359474
651;32;50;27.46975698114181;27.46975698114181;23.927356060157223
652;64;58;33.19253478300117;33.19253478300117;28.309407382701828
653;207;59;29.828223828900757;29.828223828900757;25.914877954711802
654;104;59;24.992385772163008;24.992385772163008;21.791220758033067
655;3;59;87.65488427941777;87.65488427941777;83.42311648394383
656;4;59;120.07218766666524;120.07218766666524;107.13849411008883
657;3;59;120.7184976810653;120.7184976810653;112.13680766016
658;43;58;31.638224418786056;31.638224418786056;26.993942982683503
659;8;59;64.9461872816879;64.9461872816879;57.11558849953702
660;11;59;37.23813486204809;37.23813486204809;30.15841468823732
661;59;58;32.54116317802921;32.54116317802921;27.87889981772167
662;21;59;42.99555103712673;42.99555103712673;36.53721861688151
663;114;54;34.0672004021246;34.0672004021246;29.273859948712886
664;39;49;36.46611027208266;36.46611027208266;30.849855625946436
665;28;59;37.30853548844;37.30853548844;32.7407737446661
666;19;59;54.6707422411752;54.6707422411752;44.44551284050903
667;24;59;23.059666020815783;23.059666020815783;19.668795842913273
668;43;59;29.333735216384646;29.333735216384646;25.33294047631752
669;24;59;15.968782118510438;15.968782118510438;14.724348644158775
670;7;59;74.08255994795867;74.08255994795867;66.29985502903443
671;22;59;19.20468447794695;19.20468447794695;16.567967787488087
672;121;57;24.797033949641172;24.797033949641172;22.034748701437433
673;28;50;60.54251590961147;60.54251590961147;46.12115528457855
674;18;59;27.13243381632625;27.13243381632625;23.72592427011444
675;24;59;18.288803227054842;18.288803227054842;17.231109100234292
676;51;58;23.2198667373087;23.2198667373087;20.16831243035377
677;8;59;53.27512387388583;53.27512387388583;48.636213304424906
678;48;59;44.340941701153106;44.340941701153106;37.49750553491009
679;43;59;37.0617549347511;37.0617549347511;30.967120799463498
680;28;59;35.30867177136483;35.30867177136483;30.937254766601143
681;13;59;73.19830014699183;73.19830014699183;58.910382681257865
682;30;59;40.66167527170985;40.66167527170985;35.971754480732464
683;113;59;24.874559298243;24.874559298243;21.9779803517102
684;81;59;19.557297828619888;19.557297828619888;17.663157035101907
685;31;59;44.64901401742927;44.64901401742927;37.47536189370213
686;20;58;19.58394262675397;19.58394262675397;19.119551913387024
687;12;59;32.60466838089474;32.60466838089474;26.91180059907069
688;18;59;23.568117188391184;23.568117188391184;21.004562148263332
689;60;58;42.66215578698203;42.66215578698203;35.47072726378769
690;30;59;20.985864320346664;20.985864320346664;17.7427636235555
691;36;58;46.82917523905879;46.82917523905879;37.86078320496033
692;35;59;21.941754645824393;21.941754645824393;19.98684758004672
693;37;55;34.636329385419465;34.636329385419465;28.51722769163477
694;34;58;38.720792511166245;38.720792511166245;31.91001641240909
695;32;54;28.10106225607604;28.10106225607604;23.432262132098636
696;4;59;228.8822630414794;228.8822630414794;189.17914001433383
697;44;58;25.18502935320123;25.18502935320123;21.80043755186982
698;25;59;34.4835619269965;34.4835619269965;32.00819614893487
699;21;59;18.2746277658267;18.2746277658267;15.62130325977897
700;22;52;52.57920854770845;52.57920854770845;42.209501846994385
701;19;52;72.95078511989541;72.95078511989541;55.63314447859451
702;27;56;13.915395671183703;13.915395671183703;11.970490600652877
703;26;59;38.597171103166815;38.597171103166815;32.23584901424176
704;21;59;49.38750943508124;49.38750943508124;41.18429707811781
705;58;55;25.476349858780246;25.476349858780246;21.590827682774314
706;31;59;40.97250165341115;40.97250165341115;34.61611203130295
707;104;59;27.12072928106825;27.12072928106825;24.104044891434768
708;52;59;38.86281483035563;38.86281483035563;32.460619512714175
709;5;59;120.46951416760857;120.46951416760857;100.90741249112534
710;15;58;23.331107529689966;23.331107529689966;18.827426700269736
711;8;59;73.94297099853063;73.94297099853063;61.19455847988492
712;0;59;50275952.55418044;50275952.55418044;36874500.933517665
713;18;59;21.494600615361378;21.494600615361378;18.014257868528585
714;121;59;27.05308756476932;27.05308756476932;23.60348258959483
715;22;57;42.303986758195876;42.303986758195876;34.68293390410624
716;10;59;48.10692880667866;48.10692880667866;45.3895966547409
717;19;58;48.75364646022826;48.75364646022826;39.347323045602266
718;7;59;75.65052426197863;75.65052426197863;67.90294730021023
719;9;59;54.67255027971605;54.67255027971605;52.56123337429171
720;65;57;11.003366076951423;11.003366076951423;10.036740717994231
721;15;59;22.229765710072762;22.229765710072762;21.605324198184377
722;151;59;21.824957483778224;21.824957483778224;19.33146065403716
723;35;58;35.46491070304963;35.46491070304963;29.561412005822927
724;0;59;641.2004060951042;641.2004060951042;507.23187226576397
725;52;53;27.52251580763912;27.52251580763912;23.333436010967553
726;9;59;40.76116988521148;40.76116988521148;33.364422512437386
727;20;59;58.84069425319096;58.84069425319096;48.4814827681955
728;66;59;36.92472590942561;36.92472590942561;31.154679451891464
729;17;59;22.983927825169804;22.983927825169804;19.319776603625876
730;130;59;28.270214423347447;28.270214423347447;24.810700690591034
731;134;56;14.479481101750842;14.479481101750842;13.371394011433697
732;38;59;45.774330037760755;45.774330037760755;37.52547272222553
733;26;59;19.559589245738554;19.559589245738554;16.925149098405427
734;68;53;22.36217463379156;22.36217463379156;19.292851038114808
735;51;59;46.9068393076324;46.9068393076324;40.28714737395415
736;89;55;31.44650628283616;31.44650628283616;26.885112712851278
737;35;59;36.259927794434354;36.259927794434354;31.63687054578815
738;181;59;34.69409611330058;34.69409611330058;29.98144286231715
739;36;59;30.52581790587396;30.52581790587396;25.779849588167156
740;30;58;79.69953499083849;79.69953499083849;63.28328309693632
741;25;59;27.31459036396459;27.31459036396459;24.021885460165073
742;81;58;35.845817927723786;35.845817927723786;30.48358610576304
743;92;57;31.85076606216166;31.85076606216166;27.76729739415907
744;66;58;40.21439604685584;40.21439604685584;34.25408743329979
745;49;56;23.07090049956661;23.07090049956661;19.73648310453906
746;15;59;34.72581790920186;34.72581790920186;29.287282923828393
747;37;59;28.76797118907457;28.76797118907457;25.66407645563392
748;36;58;37.523945300215054;37.523945300215054;31.679171725613433
749;29;59;38.68755466691624;38.68755466691624;33.88097622179419
750;31;58;31.063663450835882;31.063663450835882;26.56407587104579
751;32;58;26.916527440849165;26.916527440849165;21.707807749804616
