Skewness: 0.8225042651834854, Average LID: LPCA: 7.236363636363636  |||  MLE: 3.8263848544045227  |||  MLENB: 3.8263848544045227  |||  TLE: 4.245839629286517
LPCA: 0.11581337482285507  |||  MLE: 0.06891041115293327  |||  MLENB: 0.06891041115293327  |||  TLE: 0.12796471026138553
node;in_degree;local_intrinsic_dimensionality_LPCA;local_intrinsic_dimensionality_MLE;local_intrinsic_dimensionality_MLENB;local_intrinsic_dimensionality_TLE
0;47;7;2.6379355248981384;2.6379355248981384;3.2150911557168156
1;54;6;2.5016885842904695;2.5016885842904695;2.7421392890546
2;23;7;3.2882699514729383;3.2882699514729383;4.353124600031666
3;37;7;2.6663351078848865;2.6663351078848865;3.4915931727366023
4;31;6;3.2675018842168155;3.2675018842168155;3.616597298370739
5;32;6;3.012037635928228;3.012037635928228;3.6673529235702436
6;29;7;3.6350361374844167;3.6350361374844167;3.9190845923284328
7;28;7;3.0317071838671334;3.0317071838671334;3.9746380282407237
8;43;8;4.107538979106339;4.107538979106339;4.063641232640048
9;23;7;3.7763443915188315;3.7763443915188315;5.106614244591297
10;50;8;3.099819083765646;3.099819083765646;3.4401810117166205
11;46;6;2.747973391235135;2.747973391235135;3.5276197037603745
12;51;6;2.558562007701191;2.558562007701191;2.7627801779543564
13;21;7;3.2990905792235883;3.2990905792235883;4.45771326359826
14;31;6;3.570777145244402;3.570777145244402;4.026485698289309
15;29;6;3.426251210747788;3.426251210747788;3.785993899516467
16;27;5;3.1574446443656465;3.1574446443656465;3.9410869792838135
17;37;7;3.1169854976324944;3.1169854976324944;3.518835543268619
18;26;7;2.943383977909208;2.943383977909208;3.890329724054533
19;41;8;6.152389166545611;6.152389166545611;5.912395052541488
20;25;7;3.631472284451771;3.631472284451771;4.93118236164059
21;54;8;2.6617498538595217;2.6617498538595217;3.191097055001979
22;47;6;2.597936013226842;2.597936013226842;3.4655529060804247
23;49;6;2.4952391297759937;2.4952391297759937;2.8425161832509422
24;24;7;3.157235366957592;3.157235366957592;4.3668695158249555
25;36;7;2.8221784390504085;2.8221784390504085;3.656302967150236
26;43;6;3.742550899420594;3.742550899420594;3.9988191095322088
27;32;6;3.509403170313195;3.509403170313195;4.157283859373046
28;37;6;4.572780026151523;4.572780026151523;4.933553060246007
29;23;8;3.0650640206716298;3.0650640206716298;3.9487447824025725
30;39;7;3.790464080575463;3.790464080575463;4.225045213342127
31;22;7;3.8328651109072696;3.8328651109072696;4.579038540448638
32;49;8;2.3812841223928793;2.3812841223928793;2.9335698994509176
33;48;6;2.5676140536643266;2.5676140536643266;3.378713461554531
34;45;7;3.046865185062657;3.046865185062657;3.5911613798289914
35;30;7;3.1104128709070715;3.1104128709070715;4.039920777281416
36;31;8;2.697473304846472;2.697473304846472;3.6222449445833216
37;49;7;3.420213976726794;3.420213976726794;3.7724739716772775
38;42;7;3.783070503255597;3.783070503255597;4.221492419028885
39;39;6;3.920924945956083;3.920924945956083;4.644759458578139
40;40;8;3.9016415518335;3.9016415518335;3.8066041701262816
41;41;8;3.645233826662222;3.645233826662222;4.140453783538066
42;17;8;4.324647613256452;4.324647613256452;5.264329323161335
43;46;7;3.482480938194418;3.482480938194418;4.158221022639839
44;48;6;2.447310243981413;2.447310243981413;3.0068018659625593
45;46;7;3.5558288030594207;3.5558288030594207;4.134094254362443
46;32;7;2.926216855481221;2.926216855481221;3.9749143908405506
47;34;8;3.0414249407331284;3.0414249407331284;3.9027563441631052
48;60;7;4.141445065531219;4.141445065531219;4.42665976427853
49;47;8;5.102580825226465;5.102580825226465;5.616672285062697
50;37;7;3.757229487979297;3.757229487979297;4.499744890415747
51;27;7;2.9638245786534734;2.9638245786534734;3.496319546682821
52;41;8;4.074220853354085;4.074220853354085;4.516428317908606
53;15;8;4.445537975768948;4.445537975768948;5.171020733013655
54;50;7;3.3374765752379147;3.3374765752379147;4.168917523818185
55;45;6;2.4545169831874225;2.4545169831874225;2.899213680217908
56;44;6;3.450292863630486;3.450292863630486;3.843895781934027
57;32;7;3.2147493990644307;3.2147493990644307;4.316424210451944
58;39;8;3.17216772309335;3.17216772309335;3.8676476284437538
59;55;7;4.717031158759011;4.717031158759011;4.613798466746099
60;39;7;4.132790693239714;4.132790693239714;4.436850373179562
61;35;7;3.8076443368070207;3.8076443368070207;4.174824469841577
62;29;8;3.205812477188042;3.205812477188042;3.686338031338042
63;31;8;5.489067939866117;5.489067939866117;5.2436417440640986
64;18;8;4.134773828757679;4.134773828757679;4.781800183701721
65;51;9;2.596867302820402;2.596867302820402;3.2178103985753563
66;15;8;6.125588304031694;6.125588304031694;6.206969623046983
67;27;5;2.13720179572338;2.13720179572338;2.2222572101285567
68;48;6;2.538801675445832;2.538801675445832;3.0565940680011106
69;35;7;4.212956613982871;4.212956613982871;4.565348371167607
70;68;7;4.382156052123549;4.382156052123549;4.318915549856356
71;7;6;4.239310133542035;4.239310133542035;4.217717177344267
72;22;7;4.607144599890006;4.607144599890006;4.271767257426641
73;34;8;2.8800338183670156;2.8800338183670156;3.3884155382147383
74;47;8;4.543647533310898;4.543647533310898;5.059569739423812
75;31;7;5.470706106513628;5.470706106513628;5.624998120285766
76;35;8;5.46232010322462;5.46232010322462;5.18088932857117
77;13;8;4.618967707589832;4.618967707589832;5.167437131600013
78;34;5;1.598449555066963;1.598449555066963;1.916747200023377
79;44;6;2.298331320557831;2.298331320557831;2.756522483311511
80;56;8;3.8347134186085885;3.8347134186085885;4.884966136212251
81;68;7;4.329589687353394;4.329589687353394;4.771421363132766
82;9;7;4.604849144291466;4.604849144291466;4.314693804154254
83;26;8;3.2471962881127214;3.2471962881127214;3.584325343123591
84;40;8;3.3549184890691954;3.3549184890691954;4.232508791199025
85;50;7;4.582882770702508;4.582882770702508;4.963978817012836
86;35;7;3.1565990323263993;3.1565990323263993;3.681140603088602
87;24;8;5.977858310612432;5.977858310612432;5.567789785789872
88;12;7;4.421012887417919;4.421012887417919;5.0335613892548725
89;35;4;1.513960851502647;1.513960851502647;1.7975193194214623
90;58;5;2.4714500329379008;2.4714500329379008;2.9368663223630396
91;58;8;3.609889779431031;3.609889779431031;4.643671548958181
92;71;7;4.608272071339717;4.608272071339717;5.28520641386421
93;18;6;4.747739984783858;4.747739984783858;4.308619321067658
94;31;8;3.1139714821497244;3.1139714821497244;3.5315219639832405
95;43;8;4.296926136564794;4.296926136564794;5.010495055909259
96;44;7;3.8645517825951172;3.8645517825951172;4.240831115875657
97;34;8;3.321694389648949;3.321694389648949;3.8879350714334024
98;18;9;5.308886106051289;5.308886106051289;5.062296750217652
99;10;8;4.060021798065648;4.060021798065648;4.5237944064193965
100;38;5;1.6339178405708654;1.6339178405708654;1.9044363119784191
101;52;5;2.4789179005176054;2.4789179005176054;2.931585493275745
102;46;8;3.259220240755735;3.259220240755735;4.366805699108148
103;66;8;4.740867839802107;4.740867839802107;5.148061069254949
104;30;6;3.880810604431097;3.880810604431097;3.81424994809131
105;35;7;3.1607180519583022;3.1607180519583022;3.7220161576573694
106;32;8;2.9749372893030053;2.9749372893030053;3.652968800754289
107;57;7;5.4639486242710795;5.4639486242710795;6.074743768380726
108;33;7;2.748441252681255;2.748441252681255;3.1765803269224695
109;20;9;5.116023328068879;5.116023328068879;5.42590120714945
110;16;9;4.810415407184856;4.810415407184856;5.283609062832213
111;41;5;2.3724759605392194;2.3724759605392194;2.475233370932191
112;44;5;2.3918277088957915;2.3918277088957915;2.8542227818860177
113;39;8;3.3474233482163656;3.3474233482163656;4.244768110178843
114;54;7;6.505300578743089;6.505300578743089;6.264627399660058
115;37;6;3.919654261326513;3.919654261326513;3.9555631340667734
116;30;7;3.158780357847208;3.158780357847208;3.5065549756807086
117;30;8;2.560377067328597;2.560377067328597;3.0410407442697625
118;66;6;5.106127403170213;5.106127403170213;5.020627079038523
119;27;8;3.0915455885797503;3.0915455885797503;3.427070015790511
120;21;8;4.956005940756524;4.956005940756524;5.232884498834583
121;16;8;4.868963271499463;4.868963271499463;5.156914058391512
122;52;5;4.633972877348902;4.633972877348902;4.593495835825122
123;30;5;2.2881358804016743;2.2881358804016743;2.4299863662520815
124;33;8;4.212202190738479;4.212202190738479;5.371196628147781
125;42;7;4.876755600527131;4.876755600527131;4.909374666797819
126;54;6;4.026401729808621;4.026401729808621;3.961054189994345
127;27;8;3.4249965959959834;3.4249965959959834;3.8512071871325593
128;29;7;2.9524425048977525;2.9524425048977525;3.276355161668426
129;53;7;4.972234832174941;4.972234832174941;4.824846368847171
130;33;8;5.980563178456293;5.980563178456293;5.356712132584289
131;46;9;6.632124660264826;6.632124660264826;5.759037691279132
132;15;5;2.405444387203152;2.405444387203152;2.678671409649518
133;31;5;2.3425081081341856;2.3425081081341856;2.9259811002729537
134;40;6;3.4569560505775936;3.4569560505775936;3.6934320085813086
135;48;6;3.519738042738966;3.519738042738966;4.361365620986696
136;33;6;2.307879195785756;2.307879195785756;2.9058926299777066
137;27;5;1.9615517064563068;1.9615517064563068;2.399393731868532
138;27;7;2.6947370676244216;2.6947370676244216;3.204991552570048
139;15;7;5.427261038937137;5.427261038937137;5.725410038916337
140;36;5;7.949658264534678;7.949658264534678;6.285705786176891
141;29;6;5.052464930728224;5.052464930728224;5.097132195403358
142;59;8;4.186034743223548;4.186034743223548;4.271488696909035
143;19;5;2.5151093928958566;2.5151093928958566;2.8744512333428895
144;27;5;2.2078788522357087;2.2078788522357087;2.8587460715512907
145;35;7;2.4050112935428913;2.4050112935428913;2.839933672795484
146;49;6;2.821567218488247;2.821567218488247;3.7422646226014384
147;24;6;1.8245186824243078;1.8245186824243078;2.4750917023556984
148;27;4;2.091116368625437;2.091116368625437;2.5065423142844185
149;35;7;2.375114662223902;2.375114662223902;3.118927360485606
150;18;7;4.015004499592887;4.015004499592887;4.600211759961319
151;32;5;8.465894634167594;8.465894634167594;7.66679507700341
152;41;6;4.159045993354143;4.159045993354143;4.530849057149733
153;58;7;4.119897731973603;4.119897731973603;4.496550663928438
154;20;4;2.5702028513690696;2.5702028513690696;2.9387261342419437
155;27;5;2.2935633771199524;2.2935633771199524;2.9579524841156157
156;36;6;2.240782434449724;2.240782434449724;2.6993940540181534
157;42;6;2.7175306194554323;2.7175306194554323;3.7396544537007443
158;25;6;1.7814713808791203;1.7814713808791203;2.453164504780247
159;25;5;1.8912513518416854;1.8912513518416854;2.3232243494992586
160;34;5;2.50390305033844;2.50390305033844;2.964500673101664
161;18;7;3.2662537941197294;3.2662537941197294;3.6605157196098768
162;36;5;6.008747245518939;6.008747245518939;5.64589612444864
163;33;7;3.49902129953332;3.49902129953332;4.373104056424442
164;50;8;3.725620417508493;3.725620417508493;3.9526204212129485
165;22;4;2.332098486259495;2.332098486259495;2.753308165860236
166;26;5;2.300758010720542;2.300758010720542;2.9926522118030348
167;40;6;2.617648866617902;2.617648866617902;3.1250887019502613
168;35;5;2.5779008144581916;2.5779008144581916;3.6918734671969218
169;27;6;1.7875015263695917;1.7875015263695917;2.419004760254676
170;26;6;1.8997220186006063;1.8997220186006063;2.2666439082269587
171;33;6;2.320850332060612;2.320850332060612;2.8462288028670675
172;24;9;2.982182694198233;2.982182694198233;3.5086319448252405
173;28;6;4.947686890499766;4.947686890499766;5.138492898449416
174;24;6;3.463416288863281;3.463416288863281;4.340335162920907
175;48;8;3.1740491336816112;3.1740491336816112;3.632355683779716
176;23;5;2.217361676653444;2.217361676653444;2.579165549234738
177;30;5;2.704206403520264;2.704206403520264;3.204561799181035
178;39;5;2.6441957269761946;2.6441957269761946;3.258389549423056
179;31;5;2.5487072112188773;2.5487072112188773;3.6172339504795965
180;32;5;1.8176236032740758;1.8176236032740758;2.335390258288513
181;28;4;2.161680233262449;2.161680233262449;2.5094402498373465
182;29;6;2.1017453210220474;2.1017453210220474;2.794452190820237
183;25;6;3.764381556042394;3.764381556042394;3.9683856170980953
184;26;6;5.6700307744845775;5.6700307744845775;5.779340987660073
185;16;6;3.567649649119444;3.567649649119444;4.522052022974857
186;51;7;3.1290277184375785;3.1290277184375785;3.621793123698363
187;17;5;2.3516081312051282;2.3516081312051282;2.50883143162479
188;30;5;3.0537306484046165;3.0537306484046165;3.222046712137938
189;39;5;3.3011426932107475;3.3011426932107475;3.75739681014092
190;36;6;2.5514942328591377;2.5514942328591377;3.422110037492483
191;37;6;2.1500478820180344;2.1500478820180344;2.5367625442353683
192;37;5;2.694390277823863;2.694390277823863;3.16373498329082
193;28;6;2.1054063628401876;2.1054063628401876;2.749505165456324
194;26;7;3.2521654744893853;3.2521654744893853;3.779530599519682
195;38;7;4.768950440496892;4.768950440496892;4.533381004413833
196;17;6;3.934726816787222;3.934726816787222;4.773396609649007
197;50;6;3.461524820073983;3.461524820073983;3.9269482273553904
198;38;5;2.4637627030344986;2.4637627030344986;2.7903137688890207
199;46;5;1.6371064611707664;1.6371064611707664;2.0461170588066415
200;46;7;3.577429299899047;3.577429299899047;3.7095459211059416
201;60;8;2.92171343370794;2.92171343370794;3.4800031750265608
202;54;6;4.721686798373115;4.721686798373115;4.558741186143836
203;86;8;4.0936796759566105;4.0936796759566105;4.339975082479029
204;38;5;6.106728794983851;6.106728794983851;5.645741055055918
205;26;6;2.216776325072152;2.216776325072152;2.7321610899574105
206;43;5;4.8200083995660705;4.8200083995660705;4.315035849336375
207;23;7;3.252918764235176;3.252918764235176;3.5862077063914475
208;41;7;3.0742834227057405;3.0742834227057405;3.8864473378188116
209;38;5;2.4965081653580343;2.4965081653580343;2.8698845858171618
210;39;5;1.4928426378431825;1.4928426378431825;2.068551308353697
211;68;7;3.271394161807289;3.271394161807289;3.608862394013072
212;63;8;3.417145248447567;3.417145248447567;3.919637137888798
213;51;7;4.537499311387901;4.537499311387901;4.346669602454483
214;65;7;3.193254067819102;3.193254067819102;3.565203329190945
215;37;6;3.525399875362531;3.525399875362531;3.5273685250329927
216;26;7;1.9684593988585493;1.9684593988585493;2.71494857460041
217;53;6;3.7503294289388625;3.7503294289388625;3.8095253686329036
218;23;7;3.3203633760068327;3.3203633760068327;3.7431475334500033
219;39;6;2.6686017588735957;2.6686017588735957;3.522444485946663
220;38;5;2.549935986427392;2.549935986427392;2.9433851250458254
221;35;5;1.4351964985016894;1.4351964985016894;2.000342105060063
222;64;6;2.7133433675578686;2.7133433675578686;3.2067571946693376
223;61;8;3.2362281783474267;3.2362281783474267;3.9742272469371116
224;43;7;3.5981875868392255;3.5981875868392255;3.80082293266374
225;58;7;3.2083127621535614;3.2083127621535614;3.457420547555329
226;25;7;2.462432604065401;2.462432604065401;2.8316128330806265
227;28;6;2.070436443930385;2.070436443930385;2.9279020813895213
228;52;6;3.6962975727243177;3.6962975727243177;3.97360613200208
229;22;7;3.748775273604319;3.748775273604319;4.400235215728924
230;39;7;2.4822836748780377;2.4822836748780377;3.243251919172248
231;44;5;2.712123807240115;2.712123807240115;3.195266849740508
232;36;5;1.394780051079109;1.394780051079109;2.0043113717264394
233;70;6;2.973707382234184;2.973707382234184;3.6316157385778545
234;51;8;3.5381310650661866;3.5381310650661866;4.055703318437585
235;40;7;3.519672047535934;3.519672047535934;4.130857936664413
236;48;7;3.300593762237297;3.300593762237297;3.5522080561292926
237;20;7;2.612855247584012;2.612855247584012;3.127654227647305
238;26;7;1.9762441120781162;1.9762441120781162;2.770708339550004
239;47;6;2.94165970281872;2.94165970281872;3.327886929237637
240;21;7;3.983479475872302;3.983479475872302;5.4629032103150825
241;41;6;2.3474312035595046;2.3474312035595046;3.1420146602392323
242;45;5;2.7681675178837097;2.7681675178837097;3.276140596644792
243;36;5;1.4031374426824446;1.4031374426824446;1.981536743009251
244;73;6;3.0335942689836624;3.0335942689836624;3.699070892882956
245;59;8;3.510971316777258;3.510971316777258;3.586625042982547
246;33;6;3.478365317635345;3.478365317635345;4.431277525702307
247;36;7;2.910779523731461;2.910779523731461;3.049000220481505
248;18;6;2.954592716752141;2.954592716752141;3.473755204684372
249;25;7;1.8820293302607822;1.8820293302607822;2.654155146014979
250;37;8;3.1301538394320203;3.1301538394320203;3.460459769649924
251;21;7;4.181913173645957;4.181913173645957;5.799254005808661
252;44;6;2.455680483087351;2.455680483087351;3.185732884516502
253;39;5;3.1388991053559363;3.1388991053559363;3.5353877301903776
254;38;5;1.46803047749992;1.46803047749992;1.9723696328606728
255;70;6;3.101391603245723;3.101391603245723;3.7287307677676007
256;80;7;4.80008395860823;4.80008395860823;4.455834330409737
257;31;7;3.649106640970457;3.649106640970457;4.492089046825164
258;36;7;3.499228698709302;3.499228698709302;3.5978752885173773
259;23;6;3.553662527412402;3.553662527412402;3.964770893472911
260;21;7;2.0737362952239304;2.0737362952239304;2.6945919593244048
261;26;8;3.645012373614553;3.645012373614553;3.545447618325313
262;14;8;4.712997230958583;4.712997230958583;5.574299662797715
263;50;6;2.9470359600166933;2.9470359600166933;3.582295850202906
264;18;8;3.1577405421136078;3.1577405421136078;3.4144933432320927
265;53;7;3.3261442071848695;3.3261442071848695;3.5085777125864293
266;39;6;2.865428542562359;2.865428542562359;3.295144072868361
267;14;8;3.1900597007144094;3.1900597007144094;3.9761170726001716
268;34;8;4.647836576476362;4.647836576476362;5.008633893342049
269;22;7;6.780993374231742;6.780993374231742;6.092608240493166
270;15;6;3.8876994279973007;3.8876994279973007;4.178313125962121
271;33;8;3.5934044562341945;3.5934044562341945;3.928859948160061
272;42;7;3.1233473116928274;3.1233473116928274;3.7999684771123574
273;36;7;2.8546093156981827;2.8546093156981827;3.012808502090997
274;27;8;3.6284775658359116;3.6284775658359116;4.546990250529903
275;19;7;2.6577018736924054;2.6577018736924054;3.0690940596139336
276;42;7;2.940560836842595;2.940560836842595;3.345963246423631
277;40;6;2.8803719420864895;2.8803719420864895;3.2804039292831884
278;20;8;3.4522693064947054;3.4522693064947054;4.346607497517662
279;50;8;3.854826567921198;3.854826567921198;4.586126034028428
280;31;7;5.428113699060198;5.428113699060198;5.314399355621727
281;19;6;3.8644310746036066;3.8644310746036066;4.443177347058964
282;37;9;2.6001502841829405;2.6001502841829405;3.1521993572365186
283;55;7;3.755057296312407;3.755057296312407;4.496942602668131
284;37;7;3.128046390659887;3.128046390659887;3.43754750864323
285;27;8;3.1608178918452063;3.1608178918452063;4.318633407022249
286;22;7;2.2162582826318094;2.2162582826318094;2.7829996621380997
287;36;8;2.850559874569195;2.850559874569195;3.2963839724981696
288;41;6;3.146881101537299;3.146881101537299;3.576377612482136
289;7;8;3.4734239274628105;3.4734239274628105;4.451965536369168
290;46;9;4.369355258648963;4.369355258648963;4.759993549606975
291;55;7;6.187518866712585;6.187518866712585;5.953130651785683
292;23;7;4.419397835437035;4.419397835437035;4.972344512576814
293;44;8;2.9640533927349937;2.9640533927349937;3.4796457961473326
294;50;7;3.08347458944402;3.08347458944402;3.8817649635454763
295;34;7;2.8637654149111804;2.8637654149111804;3.1444262139033134
296;36;8;2.9136999767976888;2.9136999767976888;3.834082570110201
297;27;7;2.2776879195674526;2.2776879195674526;2.9185067336419652
298;41;8;3.6485542974559033;3.6485542974559033;3.9371905847649704
299;46;6;3.3033623023494645;3.3033623023494645;3.6691297653248
300;7;8;3.2254596846266113;3.2254596846266113;4.079667523123518
301;49;9;4.3300040379204106;4.3300040379204106;4.862474561329748
302;51;8;5.269157288590949;5.269157288590949;5.30977457287131
303;33;6;5.0716680540361025;5.0716680540361025;4.776382961937166
304;50;8;3.311884785864413;3.311884785864413;4.090025954733524
305;44;7;2.686545479695657;2.686545479695657;3.4881157534490526
306;34;7;2.278063643846486;2.278063643846486;2.6207697084729693
307;35;7;2.9930404601718017;2.9930404601718017;3.920174934461827
308;29;7;2.409904654874897;2.409904654874897;3.0598669095131004
309;33;7;3.2359675046893708;3.2359675046893708;3.571497141062075
310;41;7;4.679528294622306;4.679528294622306;4.747543535070445
311;12;8;3.3999485665953375;3.3999485665953375;3.8853629950526996
312;41;9;4.69215471354312;4.69215471354312;5.250224400522625
313;54;7;4.8282456912344776;4.8282456912344776;4.962556418642615
314;47;8;5.349903384600669;5.349903384600669;5.325792707336487
315;51;7;3.204937400142397;3.204937400142397;3.9483989396397865
316;42;7;2.5720230262191097;2.5720230262191097;3.139534361234279
317;31;7;2.1660810605515377;2.1660810605515377;2.4085354211739
318;36;8;3.198356447307279;3.198356447307279;4.211256694394003
319;29;7;2.459888889982216;2.459888889982216;3.0093116586077486
320;41;7;3.890284742285157;3.890284742285157;3.7411128974354395
321;41;7;3.9882247910125272;3.9882247910125272;4.122061678967975
322;19;8;3.2553524567632435;3.2553524567632435;4.025564727396138
323;55;9;4.41787989862974;4.41787989862974;5.342909065659132
324;57;8;10.54492882403872;10.54492882403872;9.335813002645553
325;62;9;8.401630212267795;8.401630212267795;7.697171460282907
326;51;8;3.7088026281764677;3.7088026281764677;4.441323126807884
327;50;7;3.0380794136747262;3.0380794136747262;3.617956159565631
328;28;8;2.4379202842235075;2.4379202842235075;2.4794382062806757
329;29;7;4.515392965159901;4.515392965159901;4.883070748907539
330;19;8;3.916517673143964;3.916517673143964;4.541947906091732
331;48;6;5.668373211773612;5.668373211773612;5.339886838736718
332;34;7;4.0612512979302595;4.0612512979302595;4.578427219795207
333;48;7;4.262076004597566;4.262076004597566;5.209844506708778
334;91;8;4.325337468795475;4.325337468795475;5.0135701738769605
335;139;8;5.070903478777579;5.070903478777579;5.339691833052898
336;53;9;3.413952278153209;3.413952278153209;3.8566084721188965
337;50;7;4.388959560316857;4.388959560316857;4.9865005190936555
338;10;7;7.069673205850862;7.069673205850862;6.308654406171047
339;11;9;4.102160505102679;4.102160505102679;4.6003656087348
340;64;8;3.9642791782341464;3.9642791782341464;4.987407807924941
341;11;8;4.017943205184713;4.017943205184713;4.265062940290428
342;39;6;3.705321988156155;3.705321988156155;3.733189319373027
343;40;7;4.361959114654832;4.361959114654832;5.352429448794766
344;52;7;3.8694205614476287;3.8694205614476287;5.282890686007564
345;71;8;5.243079349330092;5.243079349330092;6.003166862339624
346;119;7;5.010148741431454;5.010148741431454;5.621622659971323
347;47;8;3.75668891117041;3.75668891117041;4.313096919316351
348;36;7;3.6961949053244676;3.6961949053244676;4.33821202981804
349;15;8;5.601851278852312;5.601851278852312;6.146641559368224
350;11;9;4.052712521736618;4.052712521736618;4.689428821662447
351;69;8;3.4507369552093237;3.4507369552093237;4.544136479896012
352;18;8;3.8838397217450176;3.8838397217450176;4.57722840513469
353;41;5;3.7219692991286;3.7219692991286;3.9869456814078377
354;44;7;3.683725641074084;3.683725641074084;4.544135240432938
355;52;8;3.736956092240301;3.736956092240301;5.048351377353174
356;65;8;4.040655086809005;4.040655086809005;4.919409142375544
357;109;8;4.683906709554046;4.683906709554046;5.1848523605217505
358;55;9;3.752389629738176;3.752389629738176;4.317679661808569
359;46;8;3.368291286551727;3.368291286551727;4.474481694906114
360;20;9;4.377994505373743;4.377994505373743;4.324917784988648
361;11;9;4.095929097804213;4.095929097804213;4.328681275124052
362;79;8;3.4683813865071085;3.4683813865071085;4.545367601996349
363;22;7;3.884117882892367;3.884117882892367;4.490268791528683
364;54;6;3.83763688781473;3.83763688781473;4.250265855516394
365;46;6;3.8003401039289044;3.8003401039289044;4.378033384882064
366;40;8;3.8110913396912207;3.8110913396912207;5.256130802334145
367;59;9;3.6677170011399234;3.6677170011399234;4.478876840571169
368;100;7;5.19366958107319;5.19366958107319;5.249238495160635
369;71;8;4.187300330911339;4.187300330911339;4.598776703938646
370;52;8;3.988201308650201;3.988201308650201;5.066852882274166
371;32;9;4.345894917421576;4.345894917421576;4.479549104991008
372;10;9;4.544115699227687;4.544115699227687;5.289234477105724
373;62;8;3.4259398591799877;3.4259398591799877;4.840260138011122
374;27;8;3.6438122002133784;3.6438122002133784;4.42807453061867
375;59;5;3.7319000650234098;3.7319000650234098;4.015742130280455
376;41;6;3.5404161297144605;3.5404161297144605;4.169549631823835
377;41;7;3.778490156176248;3.778490156176248;5.526245053368378
378;60;9;3.4746652718470923;3.4746652718470923;4.394752942744347
379;80;7;6.125763076330566;6.125763076330566;6.0161513968609475
380;75;8;4.492279970501067;4.492279970501067;4.786118869116307
381;49;8;3.3615787261911025;3.3615787261911025;4.374125791442121
382;37;8;5.7116877549376674;5.7116877549376674;5.531265591775051
383;13;8;5.273583659089005;5.273583659089005;5.871667949034275
384;41;8;3.405691648072696;3.405691648072696;5.115191609221069
385;23;9;3.902856536042121;3.902856536042121;4.589241402500396
386;60;6;4.335167721358241;4.335167721358241;4.270421318718353
387;32;7;3.939436658219598;3.939436658219598;4.547415399427473
388;45;8;4.198723237701844;4.198723237701844;5.468433742132996
389;65;8;4.035541151933541;4.035541151933541;4.9887169023638025
390;63;9;6.684462358698718;6.684462358698718;6.632292424771294
391;72;8;7.529724326967837;7.529724326967837;7.364733295280733
392;50;6;5.089905597171286;5.089905597171286;5.24319591949609
393;39;7;8.593432048339608;8.593432048339608;7.318423183743619
394;9;9;4.197367593052002;4.197367593052002;4.427539688937564
395;40;8;3.520596125388451;3.520596125388451;5.215727814149784
396;30;7;3.3887827876280725;3.3887827876280725;3.5395421948493913
397;25;7;4.781268703864465;4.781268703864465;5.388385305423585
398;36;7;3.5369633814133796;3.5369633814133796;3.9815037445249533
399;28;7;3.987543220891725;3.987543220891725;4.415772203525837
400;23;8;3.1865401032291842;3.1865401032291842;4.057218895610565
401;36;6;5.348136337264308;5.348136337264308;5.237599804027535
402;19;7;3.111237814898996;3.111237814898996;3.485742039803209
403;27;8;8.184568584052684;8.184568584052684;7.163770430024618
404;21;7;5.095555680919212;5.095555680919212;4.942149676514549
405;16;9;3.9465189848935127;3.9465189848935127;3.561138949455307
406;17;9;4.858230177810066;4.858230177810066;4.902108007722406
407;35;8;3.300171344733188;3.300171344733188;3.820839302488686
408;29;7;4.405364670823183;4.405364670823183;5.21349583799221
409;25;7;3.6197129525600524;3.6197129525600524;4.074892233061805
410;27;6;3.4632367297950175;3.4632367297950175;3.9825565979750346
411;25;8;3.0319934341347015;3.0319934341347015;4.005885167326258
412;40;8;5.7918916707951436;5.7918916707951436;5.997133970410326
413;17;7;3.2609044079999636;3.2609044079999636;3.660922111837343
414;55;8;5.781724439415029;5.781724439415029;5.511297207378339
415;24;7;5.089261967203686;5.089261967203686;4.899690910011383
416;17;8;3.008367545968817;3.008367545968817;3.0469727573588314
417;23;8;4.656368274112651;4.656368274112651;4.754667652611208
418;37;8;3.1817461695942124;3.1817461695942124;3.736729429714557
419;44;7;4.073815835043074;4.073815835043074;4.756102099712948
420;30;7;3.3244650008304357;3.3244650008304357;3.8450511306639776
421;28;7;3.472251272998401;3.472251272998401;4.255431799881124
422;19;7;3.0684719904923274;3.0684719904923274;4.0950201446084575
423;36;7;5.21904006104143;5.21904006104143;5.367610015106271
424;22;7;3.2494854069097032;3.2494854069097032;3.5404470268383483
425;45;9;4.235105829064148;4.235105829064148;4.627195832060381
426;30;7;4.146112281509175;4.146112281509175;4.007554110645053
427;16;8;2.63403596211886;2.63403596211886;2.678284504155081
428;30;7;4.062483178713421;4.062483178713421;4.827456047283867
429;34;8;3.671815716999585;3.671815716999585;4.087717646071369
430;60;7;3.574561293316338;3.574561293316338;4.233642194827141
431;44;7;3.1441831241659544;3.1441831241659544;3.397158788995742
432;30;7;3.4572679346971;3.4572679346971;4.412984050447234
433;21;7;2.8886943108443006;2.8886943108443006;3.7411583585928065
434;29;9;5.320521076870667;5.320521076870667;5.403065259088106
435;20;7;3.788246692245222;3.788246692245222;3.801165575668254
436;47;8;4.2200316507394815;4.2200316507394815;4.919532030761917
437;24;6;5.217138395059854;5.217138395059854;5.208578378639698
438;15;8;2.441136125530694;2.441136125530694;2.617209951141849
439;48;8;3.561323689152161;3.561323689152161;4.19167053545976
440;27;7;5.609323248559328;5.609323248559328;5.171636786797047
441;56;7;3.2665433335618435;3.2665433335618435;4.028324016000168
442;31;7;3.2140214435781522;3.2140214435781522;3.4390948127929684
443;36;8;3.4230588369269643;3.4230588369269643;4.09822795484815
444;29;8;2.9019360652310473;2.9019360652310473;3.661108049731108
445;65;8;6.5052429374127785;6.5052429374127785;6.315499111610277
446;23;7;4.187899101838118;4.187899101838118;4.526115862847513
447;43;8;4.196121559722076;4.196121559722076;4.633449514766787
448;19;7;5.528604578191985;5.528604578191985;5.456692761525206
449;13;8;2.534072216387825;2.534072216387825;2.6096189486563484
450;63;8;3.467814053154054;3.467814053154054;3.793694594622324
451;18;7;7.993749068075951;7.993749068075951;6.291518442774282
452;53;7;3.184445177833093;3.184445177833093;3.7798445320811336
453;32;6;5.076621246517546;5.076621246517546;5.03924977135787
454;41;8;4.396127710429113;4.396127710429113;5.024180134339688
455;33;8;3.1349158778935484;3.1349158778935484;3.8040024221602566
456;73;7;5.732881750516412;5.732881750516412;5.286983414892623
457;48;7;5.7230881178849184;5.7230881178849184;5.496500656658673
458;43;9;4.054682720118222;4.054682720118222;4.341634011075618
459;33;6;5.497538478816859;5.497538478816859;4.8460606066657075
460;15;8;2.32769235853174;2.32769235853174;2.48977195180159
461;42;8;4.433464700050046;4.433464700050046;4.898522533545177
462;20;7;2.664800777348797;2.664800777348797;2.806281763056233
463;49;8;2.6479414505648884;2.6479414505648884;2.849741845413943
464;62;8;4.7870157605421015;4.7870157605421015;5.224374976854697
465;33;8;5.2991824014706985;5.2991824014706985;6.4254981723355264
466;18;8;5.940148880376256;5.940148880376256;6.125313158686198
467;56;7;5.887361420313792;5.887361420313792;5.625714421550415
468;11;8;4.663945280954174;4.663945280954174;5.099747839518695
469;21;8;5.133956929019694;5.133956929019694;4.706207129606865
470;20;8;3.306257908668296;3.306257908668296;3.8625055290758383
471;11;8;5.715295773107508;5.715295773107508;5.237270423048862
472;14;8;5.107642220202694;5.107642220202694;4.856255016944891
473;18;8;2.8254813281084337;2.8254813281084337;3.078243467492132
474;33;7;3.157673380568261;3.157673380568261;3.2449608101613796
475;49;7;3.4768979514812393;3.4768979514812393;4.148239249298912
476;35;7;4.512148545172;4.512148545172;5.384508211048791
477;16;8;4.640861556205685;4.640861556205685;4.981632200337911
478;47;9;6.064722963714704;6.064722963714704;6.482244113753029
479;20;9;4.776479448570517;4.776479448570517;5.621058717311612
480;17;7;3.6606465339423684;3.6606465339423684;3.655629559302173
481;23;7;2.888119871104461;2.888119871104461;3.5857396674030286
482;16;7;4.643706622588025;4.643706622588025;4.622692409113621
483;24;8;4.402108163355105;4.402108163355105;4.257369372574536
484;19;6;2.8824759538948705;2.8824759538948705;3.515760660932131
485;38;7;2.9509999634441244;2.9509999634441244;3.075347322220981
486;41;7;3.3749032009006767;3.3749032009006767;3.874181306731954
487;30;8;5.562390346713875;5.562390346713875;6.62824492372826
488;13;8;4.468297883213879;4.468297883213879;4.437640271865673
489;34;8;5.533332741665055;5.533332741665055;5.980476966071651
490;37;9;5.065244095542865;5.065244095542865;5.724834962360043
491;25;7;2.979388082363278;2.979388082363278;3.304887007600877
492;30;8;3.124027625451777;3.124027625451777;3.7296916108701974
493;17;8;3.4695058469654128;3.4695058469654128;3.1929712692738312
494;37;8;3.5436973788432393;3.5436973788432393;3.5360060483163016
495;17;6;3.2376185904534114;3.2376185904534114;3.822520118841374
496;46;9;2.6540345196481496;2.6540345196481496;2.8985222167199662
497;53;8;3.094336052364323;3.094336052364323;3.6130752405418503
498;16;9;4.408601149097544;4.408601149097544;4.84342643390157
499;15;8;5.720792924116887;5.720792924116887;5.327275052124204
500;40;8;4.229975074004726;4.229975074004726;4.479751013614092
501;30;8;5.001226255323166;5.001226255323166;5.266980014128035
502;25;8;3.3550738332726597;3.3550738332726597;3.5114415524147318
503;28;8;2.7833332747361825;2.7833332747361825;3.5054776733510566
504;18;7;4.843077920114571;4.843077920114571;4.366477364430945
505;32;8;3.575870490634485;3.575870490634485;3.6404264838161193
506;15;6;3.2327350111718958;3.2327350111718958;3.942350105780084
507;46;8;2.238266661900012;2.238266661900012;2.5396886113401385
508;56;8;4.641773158384234;4.641773158384234;5.013006653490811
509;15;7;4.171538077359214;4.171538077359214;4.586926369352582
510;13;8;6.841515965388967;6.841515965388967;6.472009286914946
511;26;8;4.449815865287835;4.449815865287835;4.564796541124411
512;26;8;4.806630306941198;4.806630306941198;5.117965394388087
513;27;7;3.1799990326208785;3.1799990326208785;3.4685916312906637
514;21;8;2.8526537877411045;2.8526537877411045;3.4177975270756913
515;7;7;4.252966437090248;4.252966437090248;3.698077311195316
516;23;9;4.278934403338623;4.278934403338623;4.614256572191699
517;18;7;3.5826980492389047;3.5826980492389047;3.9904097070836193
518;39;8;2.3751077050386864;2.3751077050386864;2.6435284023682244
519;43;8;4.336679965823437;4.336679965823437;4.621932294966993
520;20;8;4.322465292564402;4.322465292564402;4.206849327194699
521;28;8;5.304521589483202;5.304521589483202;4.903905407436308
522;22;8;5.097140196586328;5.097140196586328;4.838242879004966
523;14;9;6.28184562453926;6.28184562453926;6.589499544055338
524;30;7;4.242000141336676;4.242000141336676;4.317715267042846
525;18;7;2.890455088527444;2.890455088527444;3.325269486378751
526;14;7;4.214446597515486;4.214446597515486;3.798016754388693
527;12;8;4.974776699183225;4.974776699183225;5.02205175963904
528;17;4;4.247029572830833;4.247029572830833;3.8097678394874532
529;48;7;6.686838229635829;6.686838229635829;6.09393380878225
530;44;7;4.160784561637569;4.160784561637569;4.053432039980753
531;30;8;3.946031461062076;3.946031461062076;3.6756322164812225
532;45;7;5.148155512963376;5.148155512963376;5.520662998567011
533;64;6;3.497105023468199;3.497105023468199;3.5648471942017363
534;35;7;2.578151174984195;2.578151174984195;3.277528495071031
535;28;8;3.9112411194099526;3.9112411194099526;3.8385272398123313
536;39;6;4.139177748586098;4.139177748586098;3.875005151453338
537;23;7;4.400839479531353;4.400839479531353;4.218367506104781
538;26;7;2.818536014216513;2.818536014216513;3.2789225311665393
539;15;5;4.095592953345683;4.095592953345683;3.4922710750296284
540;55;6;4.934262054428961;4.934262054428961;5.236103406558928
541;27;8;4.656381938404162;4.656381938404162;4.788807655689868
542;30;7;4.462943960748605;4.462943960748605;4.277301293908528
543;40;8;4.0670086492914175;4.0670086492914175;4.433798245171257
544;70;7;3.1377461997538325;3.1377461997538325;3.3171321451875895
545;30;7;2.5086795170860077;2.5086795170860077;3.258928959920033
546;28;7;3.7326392369266443;3.7326392369266443;3.9356799952870283
547;48;6;4.389361152398679;4.389361152398679;4.4332938386695115
548;24;8;3.2715641373642383;3.2715641373642383;3.7417018435708536
549;26;7;2.49676742394384;2.49676742394384;2.995429862692613
550;18;4;4.215371437082274;4.215371437082274;3.6182888615167466
551;45;5;2.1655781498010844;2.1655781498010844;2.337213269607474
552;23;8;6.021956794739797;6.021956794739797;6.358675201161734
553;32;6;4.780331710564396;4.780331710564396;4.602509942156523
554;53;7;3.1361981785529216;3.1361981785529216;3.4534318690709216
555;58;8;3.879395412670175;3.879395412670175;4.0167266388763085
556;23;7;2.6603632626430125;2.6603632626430125;3.536504509418705
557;31;7;4.120996854913285;4.120996854913285;4.60485412318093
558;41;6;4.5005748589121835;4.5005748589121835;4.467749927198747
559;21;6;3.25596940999288;3.25596940999288;3.699263044363495
560;24;7;2.7530937155093316;2.7530937155093316;3.246649735244812
561;16;6;5.214978580886522;5.214978580886522;3.862824728462335
562;35;5;2.5058768790986754;2.5058768790986754;2.664525527771826
563;39;8;5.066769366782341;5.066769366782341;5.124777567141188
564;45;6;4.490696610558373;4.490696610558373;4.51770719565945
565;56;8;3.1202030163393837;3.1202030163393837;3.4176720704410197
566;39;7;3.857995706347884;3.857995706347884;4.1166258035651975
567;17;6;4.110325293653161;4.110325293653161;4.459538046655973
568;21;8;4.146285558876502;4.146285558876502;4.637887084693573
569;36;7;4.306872881318015;4.306872881318015;4.5931782153121565
570;23;7;3.11245740812881;3.11245740812881;3.390025961266161
571;38;7;4.183678310209717;4.183678310209717;4.392234808383412
572;30;6;7.484439429313177;7.484439429313177;6.021415867069198
573;39;5;2.5301549618745365;2.5301549618745365;2.7143277991517536
574;68;5;3.1298083294127332;3.1298083294127332;2.9581208712816536
575;53;6;4.63163954904679;4.63163954904679;4.536124780471341
576;65;7;3.8335571899540675;3.8335571899540675;3.9341807482771056
577;47;8;4.393014272300578;4.393014272300578;4.6113066851605495
578;21;7;2.584595875236665;2.584595875236665;3.391226155633841
579;19;8;4.181999656901244;4.181999656901244;4.4985746141753165
580;44;5;4.0637417533502695;4.0637417533502695;4.197280629581536
581;22;6;3.4391034094043746;3.4391034094043746;3.665745216825407
582;59;9;8.377015693811641;8.377015693811641;7.675096111552587
583;43;6;9.384453889499087;9.384453889499087;7.230090028329154
584;42;6;3.365631239442131;3.365631239442131;3.1529508112097497
585;32;6;3.037459069432024;3.037459069432024;2.8688776907286053
586;58;7;7.934126783810012;7.934126783810012;6.8060764990432
587;66;7;4.311389235224089;4.311389235224089;4.083995691592772
588;37;8;4.33264657960765;4.33264657960765;4.280683973217741
589;34;7;2.5567711053341804;2.5567711053341804;2.8734114113711025
590;29;8;3.8584288821046666;3.8584288821046666;3.6171373074000885
591;42;8;5.863088559185584;5.863088559185584;5.784429617656469
592;20;7;3.33535507905669;3.33535507905669;3.5939765796308265
593;23;8;9.714808088582624;9.714808088582624;8.492722773127644
594;50;7;2.2614664850254194;2.2614664850254194;2.7364925529787407
595;62;7;3.9490598368249255;3.9490598368249255;4.237352602923879
596;29;7;3.7018082612756187;3.7018082612756187;4.7980278136898935
597;39;6;3.6223402280415775;3.6223402280415775;4.616820786712209
598;35;7;4.251038328763685;4.251038328763685;4.973278082409954
599;52;8;4.605586353462258;4.605586353462258;5.764735271529578
600;78;7;6.621090469207316;6.621090469207316;6.547973066498764
601;66;8;4.089779692809638;4.089779692809638;4.385397946009998
602;53;8;6.148771973725637;6.148771973725637;5.864540504721852
603;33;8;3.0369919154665896;3.0369919154665896;3.6301683896505104
604;56;9;3.704405313236663;3.704405313236663;4.457953699060133
605;48;7;1.8871457613145277;1.8871457613145277;2.481852424358335
606;65;6;3.39793197406819;3.39793197406819;3.817707970412184
607;31;6;3.520322647954986;3.520322647954986;4.721761802273769
608;24;6;3.437130544080651;3.437130544080651;4.8809159826488795
609;23;7;3.305878646058039;3.305878646058039;4.414691037256162
610;36;8;4.1154007834561295;4.1154007834561295;5.6159763543100505
611;83;8;4.412925833025462;4.412925833025462;4.734917003859959
612;45;9;3.7252340902568983;3.7252340902568983;4.367920110349822
613;39;8;5.148135960187275;5.148135960187275;5.262892146384702
614;24;8;4.340497679693312;4.340497679693312;4.66698340340886
615;67;9;3.540157516246497;3.540157516246497;4.526129114096771
616;47;7;1.9031411308045196;1.9031411308045196;2.532482322603916
617;62;6;3.7036179236887308;3.7036179236887308;4.2941329084985735
618;54;7;3.3057948281024836;3.3057948281024836;4.628122996829006
619;31;6;3.2849094790383466;3.2849094790383466;4.569252504514316
620;22;7;3.452703479979139;3.452703479979139;4.586713907895502
621;42;8;3.877236562820259;3.877236562820259;5.2638719703104515
622;71;9;4.315343316679135;4.315343316679135;5.360807856975492
623;22;8;4.161190394499987;4.161190394499987;4.70816832873613
624;26;8;4.790246318651177;4.790246318651177;4.780913244683197
625;19;8;4.4314191272930294;4.4314191272930294;4.691387724679431
626;62;9;3.6416365018985717;3.6416365018985717;5.19221881925048
627;47;7;1.8981325092784571;1.8981325092784571;2.5159367757470643
628;70;6;4.211438176905219;4.211438176905219;4.839270448307708
629;57;7;3.292604818695615;3.292604818695615;4.488078243627053
630;20;7;3.413190253662463;3.413190253662463;5.0264292222681695
631;20;7;3.4893164681789695;3.4893164681789695;4.376419906295415
632;59;8;3.736013531337661;3.736013531337661;4.875854872233353
633;58;9;4.6085972543148355;4.6085972543148355;5.633336675724618
634;31;8;3.5838489832855585;3.5838489832855585;4.343821636764305
635;39;9;4.941613795928863;4.941613795928863;4.949402788867453
636;35;8;2.8490449642472777;2.8490449642472777;3.394038944709029
637;62;9;3.9433179241470477;3.9433179241470477;5.697991433654561
638;45;6;1.9821297614174793;1.9821297614174793;2.491695425009069
639;53;6;4.353655173955382;4.353655173955382;4.63669039027142
640;51;7;3.303166805581868;3.303166805581868;4.643709367718527
641;19;7;3.5792206043937935;3.5792206043937935;5.142689441097337
642;36;7;4.217845756677611;4.217845756677611;5.113485965652691
643;78;8;3.8834445317471844;3.8834445317471844;4.499889798896535
644;59;9;4.627508276021489;4.627508276021489;5.802935110103949
645;27;7;3.7024415477545225;3.7024415477545225;4.3413560283565005
646;31;7;6.199319295014836;6.199319295014836;5.922634942372134
647;34;8;3.3409467869368954;3.3409467869368954;3.985953484232459
648;51;9;3.8281627641425104;3.8281627641425104;5.2670871994963
649;45;6;2.2561945055978367;2.2561945055978367;2.7296601519273915
650;35;6;5.610288334796938;5.610288334796938;5.57363223368177
651;37;8;3.7557879461161154;3.7557879461161154;4.928436675654662
652;40;7;3.8933267870840944;3.8933267870840944;5.060179512859893
653;40;7;5.286971295390122;5.286971295390122;5.4939343692934255
654;55;9;5.621155597483199;5.621155597483199;5.4846312698509045
655;69;8;4.590756683045746;4.590756683045746;5.075604502578273
656;39;8;3.5390457661674644;3.5390457661674644;3.9903135235376657
657;21;6;6.087750401808918;6.087750401808918;5.612868018796361
658;35;8;3.310954982816641;3.310954982816641;3.745114496593237
659;47;9;3.8340798801724425;3.8340798801724425;4.908301963748396
660;27;7;4.561848403691672;4.561848403691672;4.6648954845158475
661;65;6;2.8980953635331272;2.8980953635331272;3.4667441453760643
662;58;7;3.717133186633343;3.717133186633343;4.348479945941259
663;32;7;3.6950053744777476;3.6950053744777476;4.456874277587963
664;43;8;3.424945757187565;3.424945757187565;4.84187717672243
665;14;8;6.851252832927676;6.851252832927676;6.5201672278893374
666;21;8;4.891658710863758;4.891658710863758;4.557259709867406
667;29;9;3.578857599062832;3.578857599062832;3.812539960379657
668;31;9;5.6624890232897345;5.6624890232897345;5.5956641552313995
669;39;8;5.055786334795184;5.055786334795184;5.094567692369983
670;42;8;5.098778559929949;5.098778559929949;4.879439880789961
671;27;6;4.207059248687687;4.207059248687687;4.344621785201588
672;62;6;2.9030140498272914;2.9030140498272914;3.3796618150446385
673;59;7;3.285390739807814;3.285390739807814;4.040911521271574
674;23;7;3.450014011728217;3.450014011728217;4.065720965528529
675;51;9;3.634550847854769;3.634550847854769;4.5501086710351695
676;16;9;4.829737399998897;4.829737399998897;5.193853611127596
677;20;8;4.248844327164737;4.248844327164737;4.569001291967842
678;36;8;3.5424982030492;3.5424982030492;3.9380461996199845
679;45;9;4.458656891438755;4.458656891438755;4.660034111910619
680;44;7;4.076867107127833;4.076867107127833;4.402577362222574
681;43;8;3.607594319247757;3.607594319247757;4.165247088990041
682;26;7;3.745168773932063;3.745168773932063;3.615608070106452
683;62;6;2.8731463806259914;2.8731463806259914;3.46334605815354
684;60;6;3.2889435493042605;3.2889435493042605;3.8863192094990593
685;25;7;3.4585990648396314;3.4585990648396314;4.095778570254971
686;46;7;3.562059866414916;3.562059866414916;4.755710306476426
687;16;9;4.890321767204112;4.890321767204112;5.397121619415343
688;20;7;4.539975068759289;4.539975068759289;4.927783348519623
689;42;9;3.337548088188966;3.337548088188966;3.8225370506975866
690;63;10;4.156104774112211;4.156104774112211;4.485704029127479
691;57;8;3.8674500794975444;3.8674500794975444;4.502829636403732
692;41;8;4.054727284339347;4.054727284339347;4.804991867960204
693;17;7;3.2909582970056412;3.2909582970056412;3.2322613958239477
694;61;5;3.9072262856141924;3.9072262856141924;4.449733123857336
695;47;6;4.245220619557309;4.245220619557309;4.48402216026503
696;27;8;3.458900664999117;3.458900664999117;4.2865581559322745
697;39;8;3.3760534449491453;3.3760534449491453;4.602440803298132
698;13;8;4.328834343643265;4.328834343643265;4.570231095758208
699;19;8;5.319651427596969;5.319651427596969;5.38882119776411
700;28;9;3.9633449113246075;3.9633449113246075;4.035955344451959
701;27;9;6.12757192769372;6.12757192769372;5.697763206385465
702;53;8;3.4963642121552736;3.4963642121552736;4.159135243808915
703;47;7;3.7004468283866445;3.7004468283866445;4.503644248564365
704;20;8;3.1036564738676655;3.1036564738676655;3.1393538965354413
705;54;6;4.858345658786382;4.858345658786382;4.8602752779898015
706;54;7;4.1438798802801315;4.1438798802801315;4.62507321120857
707;32;8;4.5544759016103376;4.5544759016103376;5.404042601621294
708;32;8;3.8155900532708307;3.8155900532708307;4.205466993889375
709;15;8;4.60330574538741;4.60330574538741;4.768734980277604
710;11;8;6.799878574734472;6.799878574734472;6.089558592676947
711;26;8;3.3152033529104497;3.3152033529104497;3.4652670023325767
712;14;8;8.382325556455667;8.382325556455667;7.658694834276894
713;48;8;3.4354850322810226;3.4354850322810226;4.073003314171082
714;50;7;3.9817545882149816;3.9817545882149816;4.704785956835369
715;24;7;3.820954911165165;3.820954911165165;3.4930668387046313
716;41;5;4.36263389677;4.36263389677;4.0256231338842525
717;67;7;4.4676100174082585;4.4676100174082585;4.51945988747603
718;29;8;5.331485997271894;5.331485997271894;6.352918362239512
719;23;8;4.330621410580283;4.330621410580283;4.446719124743154
720;19;8;5.617783396921631;5.617783396921631;5.443469547615841
721;6;7;8.229004070156051;8.229004070156051;6.694900449906903
722;39;7;4.133549976543844;4.133549976543844;4.159591629781288
723;46;9;5.973970042254502;5.973970042254502;5.8204472701647605
724;53;7;4.185882589602994;4.185882589602994;4.5557144750433824
725;43;8;4.746087820229196;4.746087820229196;5.09957359265783
726;36;6;2.611705727923272;2.611705727923272;3.253009958614509
727;77;6;5.229002755373981;5.229002755373981;4.830358149109516
728;31;7;3.437365273868431;3.437365273868431;3.8162520300000007
729;64;9;3.045071534113922;3.045071534113922;4.1495569169582645
730;77;7;2.664415632306143;2.664415632306143;3.2222869693547094
731;74;8;3.347079795279007;3.347079795279007;3.8734071460747863
732;37;7;5.986445507318165;5.986445507318165;5.844320746530521
733;22;9;5.688112729829094;5.688112729829094;5.22806676938686
734;75;9;4.908181792715066;4.908181792715066;4.941707812270699
735;52;7;3.6641421219014436;3.6641421219014436;3.9590292956071726
736;31;8;3.6684630125640814;3.6684630125640814;5.225264001267099
737;36;6;2.303317096343513;2.303317096343513;3.038612631215052
738;52;7;3.431688130564394;3.431688130564394;3.934105576639096
739;29;6;3.153795836652203;3.153795836652203;3.881311610437417
740;80;9;3.0108217380581728;3.0108217380581728;4.165195004392182
741;75;7;2.8016244882493;2.8016244882493;3.3898885699747243
742;79;7;3.06866331255862;3.06866331255862;3.6743269078074756
743;45;7;4.102516079078839;4.102516079078839;4.396825973106368
744;41;10;4.704648662460916;4.704648662460916;4.559796014543934
745;62;9;5.856740101666339;5.856740101666339;6.164319505948546
746;40;7;3.439531196676404;3.439531196676404;3.7491147222539793
747;29;8;3.7304278629669163;3.7304278629669163;5.205636808460615
748;32;6;2.275807362767543;2.275807362767543;3.0628200211598484
749;49;7;3.228123697760735;3.228123697760735;4.027598783429722
750;27;7;3.1315755646059755;3.1315755646059755;3.843343478446424
751;76;9;3.009563663074795;3.009563663074795;4.216093033132515
752;65;8;2.7047455741639754;2.7047455741639754;3.309400682667829
753;57;7;2.853113084051596;2.853113084051596;3.257255249631574
754;45;8;3.4283310564941054;3.4283310564941054;3.762154254540792
755;69;9;3.779691476339017;3.779691476339017;4.166945251913304
756;90;9;3.316767539328667;3.316767539328667;3.8574853643368194
757;39;8;3.0973464049735897;3.0973464049735897;3.48856403753694
758;36;9;3.517344444463095;3.517344444463095;4.595306186735252
759;31;6;2.4492803279705675;2.4492803279705675;3.2328350637813474
760;48;7;3.2523292455764623;3.2523292455764623;4.292755913372655
761;29;8;2.5117741817505577;2.5117741817505577;3.3400408315672583
762;94;8;2.8834486120817795;2.8834486120817795;3.9449908498078163
763;61;8;2.980047574897731;2.980047574897731;3.5314984039211823
764;65;7;2.9539600934591554;2.9539600934591554;3.257609918999744
765;49;7;3.5135496218404185;3.5135496218404185;4.020507750629342
766;80;10;3.8321570650123724;3.8321570650123724;4.469050676631812
767;89;10;3.1359765813406524;3.1359765813406524;3.7373626121944117
768;32;7;3.1243591422798733;3.1243591422798733;3.615630648275665
769;31;9;3.6266369156668903;3.6266369156668903;4.880961187788043
770;33;6;2.699769838555733;2.699769838555733;3.1540335639173143
771;40;8;3.4159539035258115;3.4159539035258115;4.245367683512676
772;35;8;2.484438880569167;2.484438880569167;3.2982189635328556
773;100;8;2.767719133371279;2.767719133371279;3.6835043098304436
774;73;7;4.061747585416418;4.061747585416418;4.594439999057562
775;54;8;3.156668326919115;3.156668326919115;3.2609911144662553
776;54;8;4.2467578630540395;4.2467578630540395;4.880253589710253
777;70;9;4.1256699006968285;4.1256699006968285;4.827435109097877
778;86;9;3.9696013568904056;3.9696013568904056;4.5521078411836555
779;21;6;3.3556093472255166;3.3556093472255166;3.8386454987943788
780;50;8;4.516339253472253;4.516339253472253;4.883689563565481
781;31;5;3.560294179064912;3.560294179064912;3.5583009244007457
782;41;7;3.2352980578813293;3.2352980578813293;4.158887224173784
783;40;8;2.5441641798228183;2.5441641798228183;3.0778865862765445
784;96;9;2.691625586856921;2.691625586856921;3.5597038012618287
785;61;8;3.2803172853257987;3.2803172853257987;3.8561640832695403
786;51;7;4.427105497040152;4.427105497040152;4.2212877623150336
787;55;8;4.3849122001102305;4.3849122001102305;4.811497170537944
788;63;8;3.968972766519597;3.968972766519597;4.364544228397342
789;71;8;4.837838262535475;4.837838262535475;5.16966285066412
790;18;7;3.6729946510970546;3.6729946510970546;4.134124901581639
791;60;7;4.353945066914944;4.353945066914944;4.246906313483053
792;28;7;2.7893006169208188;2.7893006169208188;2.9806149900172314
793;82;7;5.709909631303798;5.709909631303798;6.2184556751237965
794;36;8;6.096507130415529;6.096507130415529;6.682731360051971
795;45;7;3.3446375166805247;3.3446375166805247;3.6594772844311567
796;27;7;3.1190964546924462;3.1190964546924462;3.273891815194304
797;50;7;5.966471883569028;5.966471883569028;6.108255610382735
798;31;7;4.2138039346123515;4.2138039346123515;4.494284876137073
799;31;9;4.211711785984744;4.211711785984744;4.6890360023860245
800;73;9;5.684060739552481;5.684060739552481;5.4084948548213365
801;47;7;3.509426814609977;3.509426814609977;3.827656562203956
802;72;6;4.879135496011869;4.879135496011869;5.189830412319401
803;29;7;2.3419213145180198;2.3419213145180198;2.849428044315625
804;76;7;4.2265781223577905;4.2265781223577905;4.909521997436178
805;45;6;4.34407070338642;4.34407070338642;4.856268171280699
806;35;8;3.432262620258042;3.432262620258042;3.757290707775126
807;22;8;4.107278690620633;4.107278690620633;4.117296345430954
808;73;7;4.827409795574906;4.827409795574906;5.052089546689397
809;24;7;3.686785915360804;3.686785915360804;4.078670171037548
810;34;9;4.111015674994575;4.111015674994575;4.770940272686131
811;95;9;5.329343104569299;5.329343104569299;5.532305119406319
812;46;7;2.837800763384319;2.837800763384319;3.35962931095265
813;75;7;3.7171902205631597;3.7171902205631597;4.305951123644097
814;32;7;2.2724608847940826;2.2724608847940826;2.8156126455922386
815;68;7;4.061379117942531;4.061379117942531;4.931444531630263
816;48;7;4.166420220078222;4.166420220078222;4.873981284102808
817;35;7;3.2129073283987166;3.2129073283987166;3.4462210343762574
818;21;7;3.477869136975274;3.477869136975274;3.664907559987263
819;89;7;5.2359350112613345;5.2359350112613345;5.4869858311349775
820;27;7;3.8591289822082517;3.8591289822082517;4.2366257009325325
821;55;9;4.081016991932696;4.081016991932696;4.611391183008325
822;58;9;5.862543372188412;5.862543372188412;6.251633403485846
823;40;7;3.223294952279953;3.223294952279953;3.7391739650069504
824;72;7;3.7846670417567236;3.7846670417567236;4.552460436346359
825;29;7;2.386932438894003;2.386932438894003;2.800731633750561
826;64;8;4.194163828749485;4.194163828749485;4.8460855178101045
827;54;6;3.913659534421536;3.913659534421536;4.454806201551336
828;36;7;3.0475813600850308;3.0475813600850308;3.3410856957853134
829;29;8;2.835698005609654;2.835698005609654;3.0733438223344236
830;77;8;6.662512123564241;6.662512123564241;6.740524679819964
831;37;7;4.0420354484637775;4.0420354484637775;4.262494163605175
832;68;9;4.364103999679057;4.364103999679057;5.030041711378104
833;69;9;5.9822230425362415;5.9822230425362415;6.314751722156319
834;41;8;3.659181676964872;3.659181676964872;4.020023209368454
835;71;7;3.5718144757692056;3.5718144757692056;4.261758944333269
836;19;8;3.4782226618549994;3.4782226618549994;3.6233081521642476
837;90;9;4.258776031267932;4.258776031267932;4.502097824090422
838;62;7;3.8287590823581295;3.8287590823581295;4.530195685240222
839;28;8;3.7363546724912946;3.7363546724912946;3.825733181712242
840;17;7;2.846520769734325;2.846520769734325;2.946041307951438
841;79;8;5.576533497643507;5.576533497643507;5.824236922521235
842;43;7;3.4144682380788374;3.4144682380788374;3.515574285010037
843;63;9;4.489014457122567;4.489014457122567;5.047892464084552
844;94;8;5.275117309121126;5.275117309121126;5.468078525273427
845;40;7;3.6765488009002243;3.6765488009002243;4.2723460648745
846;53;8;3.966063618163343;3.966063618163343;4.694578607317257
847;16;7;4.311402084412797;4.311402084412797;3.8885123672563444
848;77;7;4.618744045756661;4.618744045756661;4.508124590098282
849;52;7;4.209188833789868;4.209188833789868;4.588896845913345
850;17;8;3.574892578346024;3.574892578346024;3.5601272042235728
851;26;7;2.6700217616560025;2.6700217616560025;2.8505557440582368
852;77;7;7.060227442813631;7.060227442813631;6.642689792918415
853;37;7;4.089598525894913;4.089598525894913;4.1541673489855935
854;41;8;7.382453888724202;7.382453888724202;6.701462955087704
855;66;9;5.384517446081971;5.384517446081971;5.292793558151348
856;45;7;4.2631180529941926;4.2631180529941926;4.797128127226425
857;62;8;6.078224855483886;6.078224855483886;6.8069335951727306
858;32;7;2.5784995366260506;2.5784995366260506;3.204441793037427
859;53;7;3.961743129756827;3.961743129756827;4.3633663716382
860;39;7;3.7263598839148706;3.7263598839148706;4.134831180732425
861;51;8;3.2880838887506276;3.2880838887506276;3.8816306778218044
862;30;7;3.3280936322373247;3.3280936322373247;4.027182367166018
863;69;7;3.9817606459486186;3.9817606459486186;4.951964710075284
864;16;8;5.174675065807786;5.174675065807786;5.614352540632203
865;31;8;4.880694070343165;4.880694070343165;5.055938494022825
866;70;8;3.781688044804065;3.781688044804065;4.247432100759592
867;32;6;4.323001936438197;4.323001936438197;4.606305405052898
868;44;7;2.626177342817542;2.626177342817542;3.3081762553120977
869;29;7;3.116949105024487;3.116949105024487;3.7341083166259863
870;64;7;3.9066694324744735;3.9066694324744735;4.276468977144821
871;30;7;2.9682540635539136;2.9682540635539136;3.7775757581803187
872;50;8;3.234323018990737;3.234323018990737;3.9567566969951486
873;23;7;3.6716663899398325;3.6716663899398325;4.1864099053708035
874;80;8;3.770683797539871;3.770683797539871;4.81999622721221
875;12;8;4.444454647486971;4.444454647486971;5.0406462458410255
876;37;9;4.29922135220209;4.29922135220209;4.96000261586641
877;61;6;3.8606868356500255;3.8606868356500255;4.4093370764574615
878;24;6;3.4518012982530184;3.4518012982530184;4.13652539199702
879;48;7;2.678259071323788;2.678259071323788;3.2684173575997515
880;26;7;2.8728433263171174;2.8728433263171174;3.4282932172151095
881;59;6;3.6056361741379734;3.6056361741379734;4.063541642848138
882;24;7;3.0994803394833577;3.0994803394833577;3.8693839411223987
883;45;7;3.9052398507529844;3.9052398507529844;4.696587184736437
884;28;8;3.45564617840698;3.45564617840698;4.200957222138772
885;81;8;3.4572902370604086;3.4572902370604086;4.218607166519047
886;15;7;4.403097527317823;4.403097527317823;5.014004753257523
887;39;9;4.366569997554661;4.366569997554661;4.971313274549808
888;63;6;3.8071270110807935;3.8071270110807935;4.297779385838082
889;15;7;3.1414313999433516;3.1414313999433516;3.9595211624387536
890;49;8;2.672436004129273;2.672436004129273;3.2549352455947425
891;31;7;2.559177396866518;2.559177396866518;3.0805011775661875
892;46;7;4.477695822663752;4.477695822663752;4.935045070987557
893;26;7;2.859129240722423;2.859129240722423;3.6485964452245083
894;39;7;4.018328921907521;4.018328921907521;4.575314055780431
895;39;8;3.2981007049147006;3.2981007049147006;3.8908670277114026
896;72;8;3.7223379294555747;3.7223379294555747;4.3849643041292286
897;22;7;4.825646184789433;4.825646184789433;5.273978833672481
898;43;9;4.601644704323438;4.601644704323438;5.232648588336142
899;65;8;3.5188005825583177;3.5188005825583177;4.000701306658362
900;12;7;3.4167877956313597;3.4167877956313597;4.151263644141528
901;41;8;3.3170387649264534;3.3170387649264534;3.853624685743332
902;35;7;2.7020514412528365;2.7020514412528365;3.2014506999168977
903;53;6;3.3703802571878683;3.3703802571878683;3.780811878180182
904;31;6;3.6678738392854022;3.6678738392854022;4.201354482382101
905;43;7;3.3508205679988676;3.3508205679988676;3.8742490018831606
906;38;8;3.6517784616575337;3.6517784616575337;4.0351268187192355
907;76;8;3.0927407303006498;3.0927407303006498;3.6079780401753503
908;13;7;4.1697154114571955;4.1697154114571955;4.128041353487129
909;47;9;4.076828980312691;4.076828980312691;4.88656443846996
910;65;8;3.0951897698670403;3.0951897698670403;3.4721403123771664
911;13;7;2.8593230000980334;2.8593230000980334;3.3489998609453266
912;35;8;3.3617177071588618;3.3617177071588618;3.8482095317580134
913;35;7;2.8088400235110127;2.8088400235110127;3.443881342794974
914;62;7;3.6074371830363487;3.6074371830363487;3.8590255620328726
915;37;8;3.3529279518624118;3.3529279518624118;3.8925673459451366
916;47;6;4.253765874018681;4.253765874018681;4.9525204864803705
917;52;7;4.821603010870797;4.821603010870797;4.889853453617824
918;65;8;2.901710641450197;2.901710641450197;3.1826445765276
919;22;7;4.48776785725444;4.48776785725444;4.005353829606732
920;41;9;5.054390597999899;5.054390597999899;5.686706309091182
921;56;7;3.501826044229336;3.501826044229336;3.7312589093825865
922;16;7;2.980533384927807;2.980533384927807;3.108047741676889
923;37;8;3.463607420455945;3.463607420455945;3.6387202617821717
924;63;7;4.893807483012288;4.893807483012288;4.486110133190176
925;43;7;4.836710489035538;4.836710489035538;4.571886062420925
926;61;7;5.581600814573836;5.581600814573836;5.1646267632478615
927;13;8;4.190499485248161;4.190499485248161;4.8625231610300235
928;40;8;3.156672087000371;3.156672087000371;3.8068251430472846
929;43;9;2.9226010425101125;2.9226010425101125;3.582623223224194
930;78;9;3.7195095742100395;3.7195095742100395;4.828511210893129
931;62;9;3.8269178306204443;3.8269178306204443;4.659426961623194
932;42;9;2.7731012365290644;2.7731012365290644;3.3188324842593966
933;26;8;3.835339941476028;3.835339941476028;4.540620386762445
934;56;7;2.9664691156330774;2.9664691156330774;3.3402449775961798
935;59;7;4.513498158407922;4.513498158407922;4.829797380153085
936;31;6;4.596214131620463;4.596214131620463;4.899867588245942
937;69;7;3.9444138741706163;3.9444138741706163;4.249186776494946
938;15;7;3.864340302322896;3.864340302322896;4.36916591686105
939;37;8;3.4005788934703816;3.4005788934703816;3.9219159858112462
940;55;8;3.260887966329922;3.260887966329922;3.969822476539884
941;67;8;3.589329578502525;3.589329578502525;4.49582298780928
942;50;9;3.409042121902692;3.409042121902692;4.400781984675078
943;39;7;2.425781501428116;2.425781501428116;3.136483039146498
944;23;7;3.8588182906307815;3.8588182906307815;4.707379331456212
945;54;7;2.734812523598767;2.734812523598767;3.220424432549137
946;47;7;3.2948354561847126;3.2948354561847126;4.114932876097204
947;34;6;3.878163754809949;3.878163754809949;4.462316993468467
948;58;7;4.1901215209844125;4.1901215209844125;4.645214608896795
949;26;9;3.4478915517486763;3.4478915517486763;4.129424955523405
950;26;8;4.5238067203493895;4.5238067203493895;4.732879504919055
951;57;7;3.2875340679227816;3.2875340679227816;4.288707449708008
952;71;7;4.303641452989481;4.303641452989481;5.313422925884267
953;40;9;3.2492543732010906;3.2492543732010906;4.070990449799477
954;41;8;2.4323492141483154;2.4323492141483154;3.1769864291909102
955;22;7;3.4515065930029514;3.4515065930029514;4.134987103827867
956;56;7;3.174253111022734;3.174253111022734;3.6860406944937005
957;40;7;2.9569983554850925;2.9569983554850925;3.8369964553083387
958;43;6;3.6624853502855146;3.6624853502855146;4.160491073479222
959;49;7;4.167708375583571;4.167708375583571;4.571438761396058
960;44;8;3.4641570969645827;3.4641570969645827;4.1947787518073385
961;40;8;3.3058919938169935;3.3058919938169935;4.005115562664203
962;51;7;2.990921372928263;2.990921372928263;3.973198342154993
963;54;8;3.9251802834254885;3.9251802834254885;5.176494660789978
964;43;10;3.5473364120932804;3.5473364120932804;4.245526951120537
965;41;8;2.2595480742400036;2.2595480742400036;2.937668503891085
966;19;7;3.3818522153806074;3.3818522153806074;4.043316794236296
967;57;7;3.9586900344408247;3.9586900344408247;4.537600672758766
968;31;7;2.878416557430876;2.878416557430876;3.714665166342258
969;40;8;3.1874217532754505;3.1874217532754505;3.715503922378997
970;45;8;3.930517619936182;3.930517619936182;4.221679295474632
971;44;8;3.9504870572970634;3.9504870572970634;4.949596170250843
972;44;9;2.8736722197279967;2.8736722197279967;3.5483151313373176
973;54;7;2.9485978536167967;2.9485978536167967;3.8814249521793918
974;65;8;4.044444458922439;4.044444458922439;4.6503107831844845
975;42;8;4.157125756934516;4.157125756934516;4.321776206225313
976;46;7;2.3812791495798993;2.3812791495798993;3.0403094679400042
977;18;6;3.8097942183921933;3.8097942183921933;4.630595695115133
978;63;6;3.2878785310985554;3.2878785310985554;3.941175793747309
979;30;7;2.7727496316049804;2.7727496316049804;3.6233556208421445
980;45;7;3.3017266694585143;3.3017266694585143;3.7134171986397875
981;68;7;4.804568320227403;4.804568320227403;5.125218924729799
982;42;9;4.042242072143869;4.042242072143869;5.0146185231139695
983;46;9;2.6791306353846513;2.6791306353846513;3.258694585292612
984;56;7;2.951990368796223;2.951990368796223;3.619068972565289
985;66;7;5.30873713873716;5.30873713873716;5.119889963559411
986;45;9;4.683062231407755;4.683062231407755;4.5203741492271385
987;50;7;3.0550755292286778;3.0550755292286778;3.4591255218055847
988;16;5;4.37588631645139;4.37588631645139;4.899675350907273
989;58;7;3.261340039349717;3.261340039349717;3.647610214450059
