Skewness: 1.1698992059733981, Average LID: LPCA: 8.671717171717171  |||  MLE: 4.26384746772716  |||  MLENB: 4.26384746772716  |||  TLE: 4.5126533362308505
LPCA: 0.22541199126970907  |||  MLE: 0.1760723299169039  |||  MLENB: 0.1760723299169039  |||  TLE: 0.32091394108880406
node;in_degree;local_intrinsic_dimensionality_LPCA;local_intrinsic_dimensionality_MLE;local_intrinsic_dimensionality_MLENB;local_intrinsic_dimensionality_TLE
0;80;9;2.696253250720424;2.696253250720424;3.2251568551546286
1;117;8;3.1607493980815566;3.1607493980815566;3.588755414372086
2;95;8;4.343836394051977;4.343836394051977;4.800185471503853
3;85;9;3.3805806040116195;3.3805806040116195;3.902993382871648
4;75;9;4.226743886812765;4.226743886812765;4.50463147350905
5;85;9;3.961267122832249;3.961267122832249;4.497557744763522
6;61;9;5.058887707718446;5.058887707718446;5.427027108454888
7;71;8;4.5900852364088305;4.5900852364088305;5.31051295376797
8;78;9;4.780615326929901;4.780615326929901;4.886906849131739
9;76;8;3.422036473748357;3.422036473748357;3.6478189494263558
10;115;9;3.5609097275244253;3.5609097275244253;4.038572968465021
11;82;8;2.5676856338464606;2.5676856338464606;3.106549270914176
12;109;8;3.2732109424621796;3.2732109424621796;3.7131307941755645
13;85;8;4.514801058215144;4.514801058215144;5.0220820425016
14;86;10;3.813071828072879;3.813071828072879;4.057867962522766
15;71;9;4.188695079227329;4.188695079227329;4.417107629840173
16;73;8;3.846876415245464;3.846876415245464;4.31875610335374
17;66;9;3.934378290238022;3.934378290238022;4.343331123893019
18;65;8;4.650931778656464;4.650931778656464;5.411614281610425
19;107;9;5.497063562790692;5.497063562790692;5.463798547568356
20;79;8;3.272080752935131;3.272080752935131;3.5290058374196174
21;107;9;3.3597347355116747;3.3597347355116747;3.988206698214131
22;82;8;2.4829660667584474;2.4829660667584474;3.033023298118677
23;134;8;3.3505634327064318;3.3505634327064318;3.859440242425502
24;94;9;4.320782680638391;4.320782680638391;4.972410087964278
25;89;10;3.470955874602089;3.470955874602089;3.991132094487573
26;96;9;3.9402398297015493;3.9402398297015493;4.186955479849022
27;66;9;3.92989568369439;3.92989568369439;4.37417294406312
28;78;9;4.529823107776045;4.529823107776045;4.783470244478087
29;66;8;4.389767107640129;4.389767107640129;5.04213673398185
30;85;9;4.11874043369122;4.11874043369122;4.437986751311933
31;71;8;3.5755357179283456;3.5755357179283456;3.696385410666644
32;112;9;3.509658592556103;3.509658592556103;4.22615717071597
33;83;9;2.4541872379370755;2.4541872379370755;3.0045969027100052
34;136;8;3.6962316300824836;3.6962316300824836;4.204362462260218
35;97;10;4.240956534490961;4.240956534490961;4.843654875742311
36;84;10;3.6561596275786705;3.6561596275786705;4.219085914013876
37;115;10;4.073880685083827;4.073880685083827;4.445396423156681
38;88;9;4.559928514282268;4.559928514282268;4.870715715330338
39;77;8;4.23452165343049;4.23452165343049;4.694794377211091
40;71;9;4.419299125936513;4.419299125936513;4.524198107198846
41;91;9;3.9462267473964;3.9462267473964;4.294149128478407
42;64;8;4.350600951073186;4.350600951073186;4.336582734667714
43;104;10;3.7420571377870813;3.7420571377870813;4.2349011132764165
44;86;9;2.4797403133986657;2.4797403133986657;2.969434973993554
45;133;8;3.9288233344850165;3.9288233344850165;4.371767168694587
46;100;9;4.392650742695658;4.392650742695658;5.231473698137706
47;83;10;4.012610207554072;4.012610207554072;4.517137924701774
48;136;9;4.554092211876736;4.554092211876736;4.784611199188031
49;113;9;4.9867655683268195;4.9867655683268195;5.181999363431399
50;84;9;4.61111319183406;4.61111319183406;5.127254253743478
51;66;9;4.253383354462648;4.253383354462648;4.751636489088785
52;93;9;4.411806080608873;4.411806080608873;4.643040306976454
53;54;8;4.326404119060864;4.326404119060864;4.199280204147014
54;119;10;3.585828131330923;3.585828131330923;4.090332754793885
55;80;9;2.5048641839173005;2.5048641839173005;2.940862047382218
56;130;8;3.8172620228954193;3.8172620228954193;4.176760519697231
57;104;9;4.476163516897225;4.476163516897225;5.197944985585747
58;93;10;3.989847612264628;3.989847612264628;4.4674579865540105
59;146;9;4.740503054938389;4.740503054938389;4.77662474007565
60;105;9;4.981964119885858;4.981964119885858;5.295996669516467
61;92;9;5.454862150891275;5.454862150891275;5.8345262932568485
62;62;9;4.350228751659094;4.350228751659094;4.72441349619067
63;81;10;4.732641966546776;4.732641966546776;4.511883325914335
64;49;8;3.755372714001656;3.755372714001656;3.66833969671589
65;116;9;3.5359817148279413;3.5359817148279413;4.1755413908608805
66;39;9;6.466274577316151;6.466274577316151;5.702277172918016
67;45;7;3.057299586348361;3.057299586348361;3.2420574891981064
68;118;8;3.0582962460974756;3.0582962460974756;3.489992819554655
69;110;9;4.206427214923847;4.206427214923847;4.342927705272972
70;160;9;4.392107379133826;4.392107379133826;4.603864781227298
71;70;8;3.9116771074694605;3.9116771074694605;3.836774586669924
72;62;9;6.016722873152646;6.016722873152646;5.512615227264327
73;65;9;4.179792240160845;4.179792240160845;4.807701957704854
74;102;9;4.6134850852376825;4.6134850852376825;4.862566330485697
75;69;9;5.6529608171415795;5.6529608171415795;5.571897418021294
76;126;9;5.750009251606464;5.750009251606464;5.636565866203997
77;35;9;5.892048631527264;5.892048631527264;5.506253536294327
78;58;7;2.6320753057876023;2.6320753057876023;3.195145205232739
79;109;8;2.940165993362522;2.940165993362522;3.4022367062592913
80;153;9;3.503290741290292;3.503290741290292;3.9339037217642834
81;166;8;3.8259742322646813;3.8259742322646813;4.15208345648753
82;60;9;4.248614906343307;4.248614906343307;4.047851672844559
83;83;8;4.427294233806536;4.427294233806536;4.666025850538806
84;66;9;3.886268097743958;3.886268097743958;4.448593895495436
85;112;9;4.494561149276286;4.494561149276286;4.769033559491091
86;67;9;4.377161239658535;4.377161239658535;4.854312516591748
87;82;9;6.477481164032754;6.477481164032754;5.948438307781349
88;39;9;5.433772627308529;5.433772627308529;5.1266850120290615
89;67;7;2.8829845688781757;2.8829845688781757;3.6278888927054624
90;128;8;3.0798136645690675;3.0798136645690675;3.524073475163894
91;152;9;3.4295968713524245;3.4295968713524245;3.905320297137228
92;186;9;3.752870327325431;3.752870327325431;4.09616291134588
93;68;9;4.2846139426129515;4.2846139426129515;4.030929153372969
94;122;8;4.257879868875511;4.257879868875511;4.680674986663731
95;81;8;4.511707685388994;4.511707685388994;4.7958853744499
96;109;9;4.486199125311926;4.486199125311926;4.7876424469177605
97;63;9;4.5616158243818665;4.5616158243818665;5.023187741063156
98;74;9;6.23064392992838;6.23064392992838;5.964239628525381
99;40;9;5.908335950835969;5.908335950835969;5.6309241868568405
100;74;7;2.849717293548663;2.849717293548663;3.497757196630108
101;123;8;3.0562856032225807;3.0562856032225807;3.546970536047062
102;135;9;3.6052230275842163;3.6052230275842163;4.168916927435517
103;165;9;4.265385130731216;4.265385130731216;4.535631171733924
104;84;8;3.927118610471681;3.927118610471681;3.932740527939836
105;127;9;4.569918585675371;4.569918585675371;5.141900816301968
106;70;9;4.0407607248283375;4.0407607248283375;4.607196841853841
107;102;9;4.68249493399503;4.68249493399503;4.852518343980406
108;69;9;4.0227872237754685;4.0227872237754685;4.501259944164068
109;101;9;6.016396851657589;6.016396851657589;5.852471644698479
110;48;9;5.3640674558016235;5.3640674558016235;4.987199468246547
111;96;7;3.2350299039001347;3.2350299039001347;3.654933067548905
112;106;8;2.939125444787107;2.939125444787107;3.4028138491714044
113;129;9;3.940588403540195;3.940588403540195;4.478943549535274
114;135;9;4.899465296161516;4.899465296161516;4.886711818901539
115;98;8;3.4893599822584362;3.4893599822584362;3.632186757048701
116;107;9;4.9827638500429545;4.9827638500429545;5.354457556085845
117;57;9;3.9250623149633532;3.9250623149633532;4.513394067926888
118;106;9;4.523172517670118;4.523172517670118;4.622035099903372
119;92;9;4.525624670429801;4.525624670429801;4.829637999802412
120;115;9;5.693860560415466;5.693860560415466;5.649190712130325
121;41;9;5.161971058029783;5.161971058029783;4.603590463758935
122;115;6;3.626265122752495;3.626265122752495;3.6776036608036575
123;84;8;3.4085779803386775;3.4085779803386775;3.7168193408414507
124;132;9;4.212901265582638;4.212901265582638;4.5785448566518685
125;124;9;4.786776908029069;4.786776908029069;4.880664289756224
126;114;9;3.674979761195236;3.674979761195236;3.879718550836219
127;87;8;4.30759928268343;4.30759928268343;4.5768656198560445
128;45;9;3.817281521189058;3.817281521189058;4.125006528387633
129;158;9;4.79560618766571;4.79560618766571;4.782371117388081
130;92;9;5.743139490947304;5.743139490947304;5.282256867523645
131;177;9;4.987999895359385;4.987999895359385;4.917121470894653
132;32;6;2.866734279342755;2.866734279342755;2.714926599971262
133;49;7;2.585810373913133;2.585810373913133;2.8296907788491166
134;105;7;4.500581143385402;4.500581143385402;4.707110433223034
135;90;9;3.770110592696842;3.770110592696842;4.094530696989452
136;89;8;3.7693398715780693;3.7693398715780693;4.563775051992923
137;58;9;3.5581548131236054;3.5581548131236054;4.318102114111875
138;62;8;3.9908607997659344;3.9908607997659344;4.428080030146187
139;34;8;5.406409691508827;5.406409691508827;5.112780385358808
140;86;9;7.790461513558467;7.790461513558467;7.02707090696631
141;63;8;5.625775552302594;5.625775552302594;5.524947105671172
142;119;9;4.169195543009101;4.169195543009101;4.281491343251738
143;36;7;2.912074070192073;2.912074070192073;2.7823515906655603
144;47;7;2.601406989508463;2.601406989508463;2.8559780465628934
145;88;7;3.558642718819334;3.558642718819334;3.970672592987669
146;83;9;3.3005107131299045;3.3005107131299045;3.788389059142315
147;73;9;3.2732907453326217;3.2732907453326217;4.27689372699603
148;59;9;3.699953777894541;3.699953777894541;4.4422379194558586
149;68;8;3.871234242057162;3.871234242057162;4.735922634087226
150;41;9;4.822881833477441;4.822881833477441;4.892945706569218
151;88;9;6.728404772125476;6.728404772125476;6.185603311831574
152;69;8;4.369176335688717;4.369176335688717;4.614108241023187
153;125;9;4.268419430299335;4.268419430299335;4.461194823057636
154;38;7;2.9301607307195043;2.9301607307195043;2.8345831223289264
155;46;7;2.617220898163859;2.617220898163859;2.8328606495131847
156;78;7;3.4164776789095277;3.4164776789095277;3.8574179481330777
157;78;9;3.2340350173226495;3.2340350173226495;3.7986787577557948
158;71;9;3.168903569112817;3.168903569112817;4.158902232797721
159;57;10;3.6640938685456077;3.6640938685456077;4.602011061469921
160;52;8;3.7226970892874607;3.7226970892874607;4.30163647634173
161;51;9;4.240387968976452;4.240387968976452;4.386835625009533
162;76;9;5.931383884909697;5.931383884909697;5.547632935640227
163;64;9;3.9837058076757987;3.9837058076757987;4.4666383568448005
164;117;10;4.562364845791326;4.562364845791326;4.849617636096891
165;39;7;2.8124363907127448;2.8124363907127448;2.8068473494832245
166;47;7;2.577351302821203;2.577351302821203;2.811018507011308
167;71;7;3.4188984088182743;3.4188984088182743;3.8016842508559963
168;79;9;3.406572287117476;3.406572287117476;4.124488975632597
169;64;9;3.161623712743108;3.161623712743108;4.061722000398406
170;56;9;3.6002881722569966;3.6002881722569966;4.411981822317064
171;49;8;3.6871960462625077;3.6871960462625077;4.332134710343133
172;58;9;3.995738440730511;3.995738440730511;4.356278128453398
173;87;8;5.473124114411299;5.473124114411299;5.362120487435643
174;58;9;4.224829397344627;4.224829397344627;4.740584343216718
175;117;9;4.042017005630949;4.042017005630949;4.533945537884806
176;37;7;2.7485412710816637;2.7485412710816637;2.7134007723882623
177;53;7;2.7923672391936174;2.7923672391936174;2.946016400361822
178;69;7;3.332976242497047;3.332976242497047;3.7137966770026365
179;77;9;3.4395203796735228;3.4395203796735228;4.170432008125315
180;70;9;3.2582073356933865;3.2582073356933865;4.108134671149236
181;59;8;3.4052489146174425;3.4052489146174425;3.9312729815637733
182;51;8;3.5208233815088956;3.5208233815088956;4.320933484282622
183;51;8;4.43334585234382;4.43334585234382;4.466392506650596
184;93;9;5.051008285999432;5.051008285999432;5.013436872536427
185;58;9;4.647298545970021;4.647298545970021;5.187524708089934
186;115;9;3.800737898614334;3.800737898614334;4.293946575429376
187;31;6;2.8596906754664984;2.8596906754664984;2.632933609517462
188;56;7;3.232871453598979;3.232871453598979;3.194896840945149
189;79;7;3.9973767285880433;3.9973767285880433;4.15432219676216
190;86;9;3.3582536185591474;3.3582536185591474;3.926314037040129
191;71;9;3.5878876058880174;3.5878876058880174;4.2143462646477845
192;73;9;3.8890648151970684;3.8890648151970684;4.425937982346699
193;55;8;3.759635920201967;3.759635920201967;4.72310980672905
194;58;8;4.157758517276333;4.157758517276333;4.484016159997547
195;96;9;5.003407307894139;5.003407307894139;5.031029192709582
196;60;9;4.560248986640148;4.560248986640148;4.882552149412056
197;123;9;3.8495018202728253;3.8495018202728253;4.3099812314015065
198;60;6;2.361964587409692;2.361964587409692;2.6140146489151004
199;76;7;2.4063895553662165;2.4063895553662165;3.016492511174957
200;107;9;3.3714554883516956;3.3714554883516956;3.585444768342171
201;121;9;3.603170582899791;3.603170582899791;4.2363916472861805
202;116;8;4.034470635093144;4.034470635093144;4.074523715135851
203;181;9;3.727095483463592;3.727095483463592;3.976327215926977
204;83;7;5.490294671060653;5.490294671060653;4.977211857398513
205;50;8;3.4486389761770044;3.4486389761770044;4.035313407447222
206;116;9;5.434951625404241;5.434951625404241;5.144120426348346
207;47;9;4.19765338557769;4.19765338557769;4.47434384414651
208;119;8;3.3622940814314513;3.3622940814314513;3.802664333477606
209;57;6;2.363588256116702;2.363588256116702;2.5850932095847248
210;68;7;2.2547668947355723;2.2547668947355723;2.967113095192897
211;124;8;3.2238779200553744;3.2238779200553744;3.4789865920976504
212;124;9;3.437372399338514;3.437372399338514;3.9118162917081443
213;109;8;3.97912186934308;3.97912186934308;3.9912668670698213
214;134;9;3.3130652127755855;3.3130652127755855;3.623930237845344
215;65;8;4.377272393083824;4.377272393083824;4.269754325408889
216;49;8;3.1409657906486315;3.1409657906486315;3.86855939094112
217;90;8;4.335217749055146;4.335217749055146;4.500346397453751
218;53;9;4.159278320449641;4.159278320449641;4.479893116873283
219;119;9;3.0212553393809354;3.0212553393809354;3.5408411408947917
220;58;7;2.469927656131985;2.469927656131985;2.677014900720921
221;64;6;2.295384114842929;2.295384114842929;3.0556400804647703
222;148;8;3.0055643199946522;3.0055643199946522;3.3515543636762373
223;112;9;3.4230088576180173;3.4230088576180173;3.909352571604223
224;97;9;3.9846968493576007;3.9846968493576007;4.206054889374618
225;110;9;3.268257540957658;3.268257540957658;3.597825529189469
226;52;9;3.92858630082542;3.92858630082542;4.270503147221581
227;52;7;3.205922556548209;3.205922556548209;3.9483800291205804
228;78;9;3.7123892222366237;3.7123892222366237;3.9135398625056608
229;58;9;4.558034758719392;4.558034758719392;4.898324113283494
230;105;8;3.122635069942194;3.122635069942194;3.681491294136311
231;60;7;2.695029308029682;2.695029308029682;2.8883165010954612
232;67;7;2.201224806030026;2.201224806030026;2.995866534733566
233;153;9;3.3120737750557807;3.3120737750557807;3.7908742889636255
234;100;9;3.6298755270597316;3.6298755270597316;3.9297668757227737
235;83;8;4.0813575057300495;4.0813575057300495;4.431555858747538
236;82;9;3.1612259939099583;3.1612259939099583;3.440478562651193
237;49;8;4.006608761338665;4.006608761338665;4.408300783537165
238;46;7;3.1800287078140475;3.1800287078140475;3.886134005332726
239;76;9;4.024288262522427;4.024288262522427;4.483782578075228
240;60;9;4.6661422881592705;4.6661422881592705;5.141873563227697
241;113;9;2.9914370170975992;2.9914370170975992;3.6070923767272762
242;63;7;2.9533750648834745;2.9533750648834745;3.153298241697773
243;66;7;2.1726764808791157;2.1726764808791157;2.925948544646543
244;167;9;3.6049517680737178;3.6049517680737178;4.125265775095868
245;143;9;3.5071871964331742;3.5071871964331742;3.807436079312439
246;81;8;3.953671181928736;3.953671181928736;4.364755977222217
247;82;9;3.1168027046983218;3.1168027046983218;3.335607053062972
248;55;7;4.110470617668467;4.110470617668467;4.4501079165187765
249;47;8;3.1822614921625196;3.1822614921625196;4.013225807950246
250;73;9;4.133290412826627;4.133290412826627;4.46515611385862
251;58;9;4.872682277442084;4.872682277442084;5.368321241757249
252;117;9;3.0443707280486962;3.0443707280486962;3.598001516583423
253;64;7;3.2128348993540135;3.2128348993540135;3.3186634660498058
254;67;7;2.239192851553975;2.239192851553975;2.928131433465266
255;155;9;3.645556415228163;3.645556415228163;4.1332430147339805
256;202;9;4.430598995173446;4.430598995173446;4.546201768002965
257;81;8;4.059992694089061;4.059992694089061;4.40408541682778
258;86;9;3.5276584717787207;3.5276584717787207;3.7378615765689576
259;60;9;3.846183879746957;3.846183879746957;3.953326133896946
260;48;8;3.4401132733010242;3.4401132733010242;4.095827735634689
261;61;9;5.171799737121778;5.171799737121778;5.211239168232364
262;76;9;6.052561086828415;6.052561086828415;6.283373757227166
263;127;9;3.1875270637411677;3.1875270637411677;3.6123379735469774
264;43;8;4.500125810098197;4.500125810098197;4.513198702304481
265;105;8;3.736950952074321;3.736950952074321;3.9688865272938543
266;94;8;3.5747821986763895;3.5747821986763895;3.923400029208482
267;61;9;4.3516090393292615;4.3516090393292615;4.6798266819811145
268;112;9;5.394547851188392;5.394547851188392;5.613869413866396
269;45;9;5.782424514918497;5.782424514918497;5.1982592144903395
270;47;9;5.5616181794436805;5.5616181794436805;5.388761105160506
271;65;9;4.6384909240750485;4.6384909240750485;4.910809014840849
272;110;10;4.60470441349626;4.60470441349626;5.257468875140667
273;49;9;3.656081042685124;3.656081042685124;3.8832088903940414
274;76;9;4.513513651589401;4.513513651589401;4.914463052774992
275;47;8;3.8074036096880715;3.8074036096880715;4.036789328046627
276;100;8;4.035113954585832;4.035113954585832;4.356974558052682
277;97;8;3.5471255619623907;3.5471255619623907;3.903715899765715
278;79;9;4.5555364135189516;4.5555364135189516;4.905557790346059
279;153;9;4.646873303807133;4.646873303807133;5.190488660872119
280;81;9;5.297056499885108;5.297056499885108;5.08578958321494
281;49;9;4.856176897903869;4.856176897903869;4.864156247896705
282;81;10;3.654962498849091;3.654962498849091;4.2631088358905815
283;129;10;4.746017153542082;4.746017153542082;5.199723300870217
284;51;9;3.5863728695297348;3.5863728695297348;3.882589437795569
285;79;9;3.98962901970896;3.98962901970896;4.575674578353056
286;42;9;3.3616506032321123;3.3616506032321123;3.8167348592549186
287;78;8;4.2040904712644895;4.2040904712644895;4.607439709980716
288;102;9;3.2088242574018224;3.2088242574018224;3.507099461480903
289;64;9;4.799480750295165;4.799480750295165;5.182438668281573
290;151;9;4.916687167249293;4.916687167249293;5.2330620485996775
291;121;9;5.334807370528659;5.334807370528659;5.267638211556631
292;69;9;4.471245652780614;4.471245652780614;4.459863676950285
293;112;9;3.694684722037246;3.694684722037246;4.200804542661203
294;140;10;4.244787771274358;4.244787771274358;4.969973558281301
295;50;9;3.259368711130409;3.259368711130409;3.5120573431517013
296;81;9;3.953848787451828;3.953848787451828;4.575027837382332
297;43;9;3.2687786681214823;3.2687786681214823;3.7289276090920156
298;65;9;4.135367403894376;4.135367403894376;4.246853982084559
299;96;9;3.2060052840698;3.2060052840698;3.4409782436256817
300;54;9;4.358905550072581;4.358905550072581;4.649695404561249
301;146;9;4.978374924485544;4.978374924485544;5.39062063245346
302;150;9;4.8329753557911985;4.8329753557911985;4.930882559048271
303;67;9;4.505398210905913;4.505398210905913;4.4151570858080715
304;104;9;3.6858570983176486;3.6858570983176486;4.228240102811561
305;119;9;3.8047593312635617;3.8047593312635617;4.530845517141952
306;46;10;3.2622384846736057;3.2622384846736057;3.6849498861260113
307;73;9;3.915609899569673;3.915609899569673;4.546485652885221
308;47;9;3.2389038296240087;3.2389038296240087;3.672703356034854
309;78;8;4.3637146642584765;4.3637146642584765;4.51729532188069
310;95;8;4.375218991605898;4.375218991605898;4.332942355225218
311;53;9;5.123167207909519;5.123167207909519;5.329232793711107
312;114;9;5.215357820689879;5.215357820689879;5.458259697931283
313;152;9;6.306738086034771;6.306738086034771;6.366457524371444
314;138;9;6.363999598743638;6.363999598743638;6.185217291928351
315;95;9;3.467584225665321;3.467584225665321;3.987197240077733
316;91;10;4.012394336918934;4.012394336918934;4.6997549626596165
317;50;10;3.887131548286474;3.887131548286474;4.35351841487896
318;70;9;3.943588082345325;3.943588082345325;4.527713542237395
319;45;9;3.3180987187799005;3.3180987187799005;3.6753718877688133
320;108;9;3.333168790310529;3.333168790310529;3.42567943296394
321;103;8;3.6157049993385377;3.6157049993385377;3.703597047746862
322;63;9;4.597676794558217;4.597676794558217;5.0023520866701
323;139;9;4.798813021706935;4.798813021706935;5.296409867155926
324;182;9;6.637519059692658;6.637519059692658;6.183639484981032
325;203;9;7.80195950762197;7.80195950762197;7.260313488092826
326;100;9;3.8647651787372594;3.8647651787372594;4.369057770568059
327;103;9;3.9581136899335068;3.9581136899335068;4.569793200429446
328;33;9;4.487915437750702;4.487915437750702;4.667031034750276
329;68;9;4.696032389826776;4.696032389826776;4.820516331535908
330;46;9;4.39825537832884;4.39825537832884;4.329696042807992
331;111;9;5.121069961717302;5.121069961717302;4.926260441583529
332;141;9;5.267100293012805;5.267100293012805;5.570313018894158
333;120;9;5.21794153459176;5.21794153459176;5.6878355064520125
334;170;9;4.245477530305797;4.245477530305797;4.686383225894041
335;322;9;5.353176987107901;5.353176987107901;5.548735157474034
336;165;9;4.647480658825033;4.647480658825033;5.082278435008804
337;102;9;3.9636442218284573;3.9636442218284573;4.20501353811535
338;32;9;5.525964163972258;5.525964163972258;4.773235045043948
339;36;9;5.2246554819301885;5.2246554819301885;5.04694081984985
340;143;9;4.835134802913906;4.835134802913906;5.435550985585609
341;41;9;4.76872728704419;4.76872728704419;4.498680429478974
342;110;8;4.3774033529361995;4.3774033529361995;4.457762758936117
343;148;9;4.64073970251952;4.64073970251952;5.044947745244085
344;133;9;5.4072185268055915;5.4072185268055915;6.201710927065831
345;149;8;4.76193742759511;4.76193742759511;5.0723206258843945
346;318;9;4.324641867470853;4.324641867470853;4.6700468278266065
347;137;9;4.376633684201125;4.376633684201125;4.793166145382045
348;83;9;3.6841576618172356;3.6841576618172356;3.987625228799055
349;53;9;5.586816963863523;5.586816963863523;5.416612316952657
350;29;9;5.133026653749966;5.133026653749966;4.948377826003198
351;159;9;4.331700256689714;4.331700256689714;5.065739485339697
352;44;9;4.329659765167353;4.329659765167353;4.270115220789558
353;102;8;3.9874357134764353;3.9874357134764353;4.215692163514986
354;143;9;4.210346415739226;4.210346415739226;4.775054404144091
355;157;9;5.400042034570478;5.400042034570478;6.239064715128776
356;131;9;4.320211977574223;4.320211977574223;4.762573154687287
357;310;9;4.3857204779914225;4.3857204779914225;4.747524155878341
358;144;9;4.296624095839091;4.296624095839091;4.698653761848112
359;94;9;3.4730438996876245;3.4730438996876245;3.9626529631289524
360;49;9;4.892735470133101;4.892735470133101;4.817794275703804
361;25;9;4.884191948153596;4.884191948153596;4.508265342667434
362;198;9;4.066686995140404;4.066686995140404;4.708931775626259
363;53;9;3.9141102754870576;3.9141102754870576;3.9337914547226664
364;102;8;3.515425398231347;3.515425398231347;3.7636986878261123
365;144;8;4.015633577104138;4.015633577104138;4.3921585477338345
366;142;9;5.302440817280022;5.302440817280022;6.193778953573421
367;146;9;3.7159717942877637;3.7159717942877637;4.1917884478413585
368;299;9;4.983996564398247;4.983996564398247;5.118363708570518
369;158;9;4.0084895816107;4.0084895816107;4.370194783666719
370;92;9;3.6602742182937367;3.6602742182937367;4.063765945393013
371;83;9;4.391462585299914;4.391462585299914;4.462583640704915
372;41;9;4.938787699595224;4.938787699595224;4.722602837787723
373;177;9;4.408988377619995;4.408988377619995;5.220720503983552
374;58;9;3.7731674714898964;3.7731674714898964;3.8557522751326943
375;108;8;3.2826445110339213;3.2826445110339213;3.513005492853932
376;136;8;3.9237804072966336;3.9237804072966336;4.300129613778095
377;147;8;5.148747558030447;5.148747558030447;6.1356622048219
378;136;8;3.913044884162135;3.913044884162135;4.4742397844624735
379;272;10;6.748326114369378;6.748326114369378;6.640277677549546
380;173;9;4.555891985078741;4.555891985078741;4.844853984238994
381;92;9;3.5280465529114915;3.5280465529114915;4.030118396278269
382;99;9;4.548985610687349;4.548985610687349;4.536749373858333
383;50;9;5.439022139630288;5.439022139630288;5.1160139819125465
384;152;9;4.781467128717049;4.781467128717049;5.81241573629704
385;57;9;4.20676060653932;4.20676060653932;4.207141848598282
386;111;8;3.532942924674029;3.532942924674029;3.6555813014015968
387;108;9;4.414700436328189;4.414700436328189;4.725321393277646
388;159;8;5.216078796980296;5.216078796980296;5.824931235090428
389;138;8;4.1162441796021145;4.1162441796021145;4.548107526687139
390;242;9;7.09423906456643;7.09423906456643;6.918112974748289
391;209;9;6.334083826426628;6.334083826426628;6.2323515560496485
392;101;9;4.635901679460981;4.635901679460981;4.728651455872555
393;103;9;4.312192308757303;4.312192308757303;4.0449334172035165
394;28;9;5.3341729288786395;5.3341729288786395;4.78570958842174
395;156;9;4.946958643429644;4.946958643429644;5.9468254802366625
396;50;9;3.8368668200596083;3.8368668200596083;3.7801270599289163
397;98;8;5.13014516678683;5.13014516678683;5.0785776712086745
398;93;9;4.253034065352247;4.253034065352247;4.607362068051144
399;74;9;4.4110207140022055;4.4110207140022055;4.586074463339212
400;74;8;3.8113117707200375;3.8113117707200375;4.195971138010995
401;82;8;5.30003242710251;5.30003242710251;5.166876997336853
402;53;8;3.9562865299627963;3.9562865299627963;4.029354369447271
403;103;8;6.716068842078177;6.716068842078177;5.861395276687737
404;40;9;5.682153446356186;5.682153446356186;5.272844947667951
405;46;9;5.146144676799096;5.146144676799096;4.941245204105759
406;66;9;5.758700623063152;5.758700623063152;5.550924521267885
407;50;9;3.3663566279168373;3.3663566279168373;3.5112002576322916
408;97;8;5.092295664322819;5.092295664322819;5.2294991403288105
409;72;8;4.5114013775664885;4.5114013775664885;4.79955347171994
410;78;9;4.603244228051404;4.603244228051404;4.997963304183729
411;70;8;3.6517654215937876;3.6517654215937876;4.059575935051881
412;88;8;4.887860190915225;4.887860190915225;4.790827989654506
413;54;8;4.051914848888353;4.051914848888353;4.101775588631091
414;125;10;5.169293045287429;5.169293045287429;5.056859352820368
415;44;9;4.76941335330592;4.76941335330592;4.541620123122871
416;39;9;4.1991814956487765;4.1991814956487765;4.261441758295293
417;77;9;5.308887831707696;5.308887831707696;5.211807358317589
418;59;9;3.1837367487820445;3.1837367487820445;3.354943713086175
419;99;8;4.899322536829327;4.899322536829327;5.214981969989783
420;81;9;3.861634139690873;3.861634139690873;4.2531542618597795
421;83;9;4.69691302681052;4.69691302681052;5.229920971407228
422;67;8;3.64197004968268;3.64197004968268;4.018926003036777
423;87;9;4.6239285769042;4.6239285769042;4.580598252014231
424;55;8;4.181113007611903;4.181113007611903;4.25708810153122
425;93;9;4.2913991298867185;4.2913991298867185;4.462018542236624
426;39;9;4.886276061020147;4.886276061020147;4.697742391752016
427;22;9;4.0090338623117825;4.0090338623117825;4.030379427470957
428;105;9;4.428085802548579;4.428085802548579;4.723656545138332
429;53;9;3.2991179777079065;3.2991179777079065;3.3627826103549903
430;93;9;3.8477865488095397;3.8477865488095397;4.189194151550049
431;99;9;3.835446215495181;3.835446215495181;4.188499247811235
432;86;9;4.339166468101016;4.339166468101016;4.927505194811407
433;57;8;3.6305887049020757;3.6305887049020757;4.0103029371675545
434;101;9;5.764729635241312;5.764729635241312;5.623684537390194
435;58;8;4.62181884721987;4.62181884721987;4.567893458246859
436;75;9;3.9255816710399634;3.9255816710399634;4.1637736371429925
437;56;9;5.258442356098702;5.258442356098702;4.936511482850956
438;27;9;3.866023096358057;3.866023096358057;4.079214652350815
439;127;9;4.33922256759409;4.33922256759409;4.79507804111647
440;47;9;3.8546712884517786;3.8546712884517786;3.571803996988894
441;87;9;4.166552471107113;4.166552471107113;4.692086300770302
442;92;9;4.026479233612296;4.026479233612296;4.296957888117128
443;96;9;4.435729447125669;4.435729447125669;4.8403671521961895
444;67;8;3.7085833345847217;3.7085833345847217;4.095968519373797
445;145;9;5.477288629797016;5.477288629797016;5.3782028275625375
446;74;9;4.637667059028718;4.637667059028718;4.68866180257963
447;70;9;3.968870736358348;3.968870736358348;4.073149212837258
448;59;9;5.663073511732879;5.663073511732879;5.223357303636012
449;26;9;3.8861819578438705;3.8861819578438705;3.989934526929724
450;160;9;4.500733835738545;4.500733835738545;4.911922368318585
451;53;8;5.3217142287282195;5.3217142287282195;4.445686128498656
452;88;9;4.44045035812031;4.44045035812031;4.912766800778009
453;82;9;4.65865627648438;4.65865627648438;4.675039011298279
454;106;9;4.557207681101716;4.557207681101716;4.802119379428579
455;80;8;3.773498283635799;3.773498283635799;4.11555855982185
456;153;9;4.2802559945081855;4.2802559945081855;4.369211728032604
457;115;9;4.363969827571808;4.363969827571808;4.383919970860406
458;92;9;4.628348405893191;4.628348405893191;4.75721567263062
459;63;8;5.850350569254464;5.850350569254464;5.327661859937562
460;32;9;3.796749541243735;3.796749541243735;4.001648014598903
461;139;9;4.880494007362558;4.880494007362558;5.090369822599739
462;32;8;3.8388461851199454;3.8388461851199454;4.019454071738098
463;68;8;3.596491997188827;3.596491997188827;3.7849460574096723
464;124;8;3.4550868915776394;3.4550868915776394;3.6801113038532454
465;117;9;6.0608132256719225;6.0608132256719225;6.320845827313759
466;65;9;5.857343851181817;5.857343851181817;5.597395165090646
467;115;9;4.631918693571053;4.631918693571053;4.6209306209006975
468;72;9;6.438059394710726;6.438059394710726;6.402114680313043
469;36;9;4.6409317889260375;4.6409317889260375;4.151686672724144
470;44;9;4.233178606312356;4.233178606312356;4.322246490364107
471;27;9;5.3968796113384725;5.3968796113384725;4.590311883839924
472;82;9;5.221979041290331;5.221979041290331;5.05176018423938
473;31;8;4.156901653391408;4.156901653391408;4.404592922168235
474;54;7;3.246232300021779;3.246232300021779;3.258377941538326
475;103;8;3.333433018651837;3.333433018651837;3.6895185310967493
476;122;9;5.492647862981967;5.492647862981967;5.763057412866306
477;55;8;5.609783153826819;5.609783153826819;5.532943702962059
478;127;9;5.635180686363419;5.635180686363419;5.596837644472596
479;69;9;5.663119651327219;5.663119651327219;5.808653941462337
480;31;9;3.7903920474234223;3.7903920474234223;3.461088702408185
481;39;9;4.043656534241984;4.043656534241984;4.336596794199203
482;29;9;4.318975115071341;4.318975115071341;3.863157614513278
483;85;9;4.362802332070449;4.362802332070449;4.321140339036752
484;33;8;3.9743130666365425;3.9743130666365425;4.288197449066675
485;50;7;3.161173873003113;3.161173873003113;3.181502794994148
486;95;8;3.4417118344880113;3.4417118344880113;3.75296212564036
487;109;9;4.987674845534298;4.987674845534298;5.063969158768922
488;37;9;5.555626182296226;5.555626182296226;5.290431973546797
489;136;9;5.550295807342818;5.550295807342818;5.534751860523264
490;99;9;5.73457191221974;5.73457191221974;5.760821620290578
491;35;9;3.329366460898912;3.329366460898912;3.3340040084266014
492;52;9;3.995897534412539;3.995897534412539;4.275393326098865
493;17;9;4.4345395460508525;4.4345395460508525;3.714102797246414
494;100;8;3.8469543903871863;3.8469543903871863;4.0481582589167955
495;32;7;4.246350371056513;4.246350371056513;4.4331278652472275
496;64;7;3.1968969916321894;3.1968969916321894;3.402128791768818
497;124;8;3.5621202905879548;3.5621202905879548;3.924906314922872
498;98;9;4.868953789447448;4.868953789447448;4.989570992134041
499;58;9;6.734321919156346;6.734321919156346;6.236437805415683
500;118;9;4.823101369699878;4.823101369699878;4.878583929742725
501;78;9;5.621952123224562;5.621952123224562;5.499327245050555
502;30;9;3.5539876273215794;3.5539876273215794;3.3840725886092944
503;49;9;3.8691375250118925;3.8691375250118925;4.315414914462745
504;28;9;4.67622754001409;4.67622754001409;3.9909909800283807
505;103;9;4.452228615542905;4.452228615542905;4.647286876586416
506;33;8;4.160059524268808;4.160059524268808;4.40095089363122
507;66;8;3.0268854074776734;3.0268854074776734;3.3148339524068566
508;141;9;4.374626601135403;4.374626601135403;4.505534347684269
509;90;9;5.174553727796401;5.174553727796401;5.283584928440696
510;63;9;7.756100897340179;7.756100897340179;7.1464904270761425
511;77;9;4.2232460589623875;4.2232460589623875;4.1563463432656595
512;84;9;6.405413001279031;6.405413001279031;6.4593476720223295
513;43;9;3.294277822525139;3.294277822525139;3.3292157438884247
514;41;9;3.9763033172810496;3.9763033172810496;4.205753048975904
515;19;9;4.867825928604854;4.867825928604854;3.8225882398522537
516;99;9;5.351579575920923;5.351579575920923;5.382445310525806
517;35;8;4.41440943336556;4.41440943336556;4.494686795545351
518;53;7;3.0264953459519193;3.0264953459519193;3.242311062589904
519;118;9;4.464212641804254;4.464212641804254;4.579358299647866
520;66;9;6.166331613307231;6.166331613307231;5.98072935621387
521;66;9;6.650176916743985;6.650176916743985;6.094251757398826
522;68;9;4.369103345635147;4.369103345635147;4.147407068094359
523;72;9;7.60419348824807;7.60419348824807;7.191949421479313
524;52;9;3.479493774230574;3.479493774230574;3.5089577144095263
525;31;9;4.299781279327618;4.299781279327618;4.417743442559157
526;24;9;4.537929024227355;4.537929024227355;3.698093260257431
527;61;9;6.430651119716343;6.430651119716343;5.974663570356277
528;43;7;3.1963602192045357;3.1963602192045357;2.8480830605949605
529;125;6;4.697807911181937;4.697807911181937;4.36235006595879
530;165;9;4.482040808202408;4.482040808202408;4.647727217574303
531;74;9;4.3933230638481335;4.3933230638481335;4.221885455095131
532;122;9;4.38275392421705;4.38275392421705;4.487573509163356
533;123;8;3.599414734246442;3.599414734246442;3.881645196131781
534;79;9;3.4880878893674234;3.4880878893674234;3.9852048546702465
535;53;9;4.29268924181603;4.29268924181603;4.31830938310839
536;70;8;5.524627185052049;5.524627185052049;5.3958452760202045
537;55;7;4.582078466788633;4.582078466788633;4.457644136534706
538;70;8;4.275898066688306;4.275898066688306;4.743935564843392
539;38;7;3.2088818517125883;3.2088818517125883;2.7493040296490263
540;128;6;3.6969350813978203;3.6969350813978203;3.723832394638724
541;167;9;5.278908405509;5.278908405509;5.259025063751443
542;90;9;4.54519822691763;4.54519822691763;4.410795773177856
543;128;9;4.449164842488682;4.449164842488682;4.59349138762713
544;140;9;3.021815707976449;3.021815707976449;3.355620256884478
545;72;9;3.500178615486701;3.500178615486701;4.064675922581651
546;52;9;4.178604825952001;4.178604825952001;4.297924429813019
547;94;9;6.282001943963209;6.282001943963209;6.360620578543106
548;51;9;4.38163822228367;4.38163822228367;4.676139807899753
549;76;9;4.18265166066902;4.18265166066902;4.809513056428733
550;34;7;4.148336548109207;4.148336548109207;3.3808911687717744
551;77;7;2.859515827421012;2.859515827421012;3.2369012093470686
552;161;9;7.255579696318126;7.255579696318126;6.925757130701582
553;101;8;4.496011751696783;4.496011751696783;4.330988851266534
554;140;10;4.316149102252831;4.316149102252831;4.661679030888696
555;148;9;3.6436716775908993;3.6436716775908993;3.899447571160128
556;63;7;3.6387853975999933;3.6387853975999933;4.17550408244924
557;64;9;4.668636841514246;4.668636841514246;4.796258359653074
558;88;9;6.31790775673108;6.31790775673108;6.3763190700844605
559;58;9;4.574060775501142;4.574060775501142;4.869652763540622
560;79;9;4.445468227796956;4.445468227796956;5.00751500409113
561;47;7;4.370543070836048;4.370543070836048;3.704385165077428
562;54;7;2.8282555567200287;2.8282555567200287;3.0051921982398926
563;204;9;5.727793936738405;5.727793936738405;5.695317041706501
564;108;8;4.400528970625422;4.400528970625422;4.390959378792834
565;156;9;4.382894795126126;4.382894795126126;4.795437950789921
566;130;9;4.11009862471963;4.11009862471963;4.35827821016852
567;54;7;4.150646273058414;4.150646273058414;4.105752193830223
568;59;9;4.973039898792113;4.973039898792113;4.994366052938244
569;83;9;5.57868442540888;5.57868442540888;5.605146549276543
570;56;9;4.416053394152794;4.416053394152794;4.462177414393978
571;127;9;4.913412393834607;4.913412393834607;5.027875247425786
572;69;8;4.60002172453178;4.60002172453178;4.129925304244514
573;58;7;2.8670904312859653;2.8670904312859653;3.120951055309542
574;130;8;3.9769286643425916;3.9769286643425916;4.129938942644914
575;129;8;4.466771862005753;4.466771862005753;4.525680257446843
576;160;9;4.344910229744696;4.344910229744696;4.602742005102401
577;136;9;5.036758114035162;5.036758114035162;5.189361911785691
578;62;8;3.697647998524215;3.697647998524215;4.226250525194341
579;45;9;4.89933571742179;4.89933571742179;4.829885295193771
580;101;9;5.11461567260273;5.11461567260273;5.300044591615896
581;48;9;4.527339369257137;4.527339369257137;4.4589903489507
582;189;9;5.572525544579867;5.572525544579867;5.430805117063921
583;84;8;4.403011135698523;4.403011135698523;4.010230257456685
584;89;7;3.7149050886523245;3.7149050886523245;3.798533694875532
585;80;7;3.886137089038254;3.886137089038254;3.9237394956879865
586;160;9;4.877552424539443;4.877552424539443;4.711318027919612
587;160;9;4.330412921145279;4.330412921145279;4.430844683931843
588;120;9;5.671495209199772;5.671495209199772;5.589941962318083
589;74;9;3.4226643733373545;3.4226643733373545;3.734614079450584
590;43;9;4.340863779051836;4.340863779051836;4.118948047250158
591;119;9;6.819132401791196;6.819132401791196;6.606403362482019
592;46;9;4.275185172902969;4.275185172902969;4.265973080786683
593;118;9;7.322429261703112;7.322429261703112;6.6325368960117705
594;95;8;2.365559227328725;2.365559227328725;2.8831836397019437
595;128;9;4.126872748468595;4.126872748468595;4.350217916223092
596;121;9;4.359964791388023;4.359964791388023;4.863067596593423
597;106;10;4.124605950806694;4.124605950806694;4.5642564012302715
598;78;9;5.3858454491526055;5.3858454491526055;5.713330452576358
599;182;9;4.906695026522649;4.906695026522649;5.385090875456946
600;198;9;4.896519452539686;4.896519452539686;4.9341462846278805
601;118;9;4.167486326601844;4.167486326601844;4.398001665969749
602;157;9;7.528096300695014;7.528096300695014;7.237577924066519
603;90;9;4.063183415909728;4.063183415909728;4.645983545320168
604;200;9;5.23748918100954;5.23748918100954;5.94630491118723
605;77;7;2.505509069860463;2.505509069860463;3.1652832744885377
606;130;9;4.284832281703065;4.284832281703065;4.694740271622612
607;115;9;4.249905758968148;4.249905758968148;4.806550416631629
608;98;10;4.289533906367826;4.289533906367826;4.889023129759625
609;78;9;4.449648428346498;4.449648428346498;5.041641256969939
610;149;10;5.0753171846776715;5.0753171846776715;5.86654543273408
611;190;9;4.761950205257866;4.761950205257866;5.026563668575402
612;104;9;4.699036441388207;4.699036441388207;5.134673324010685
613;124;9;5.548589508804159;5.548589508804159;5.4987793285965285
614;72;9;4.79461228315338;4.79461228315338;4.844228501299516
615;211;9;4.941105003064322;4.941105003064322;5.7658872445857385
616;78;7;2.469472434503856;2.469472434503856;3.1235137951752723
617;136;9;3.9746129007560485;3.9746129007560485;4.3511678975587955
618;130;9;4.1932635428710885;4.1932635428710885;4.966900520155164
619;89;10;4.008256179842095;4.008256179842095;4.5536594497205956
620;72;9;4.5786485599049715;4.5786485599049715;5.115456033959961
621;161;10;5.223559967460278;5.223559967460278;6.119319666537796
622;135;9;4.7964420353848185;4.7964420353848185;5.331202340835992
623;79;9;5.021837046263639;5.021837046263639;5.209298149788355
624;96;9;5.367357207127638;5.367357207127638;5.20383342710623
625;61;9;4.628295908617791;4.628295908617791;4.582014292897716
626;214;9;5.217050477604709;5.217050477604709;6.4185263977370175
627;78;7;2.427198407041676;2.427198407041676;3.082218951576628
628;142;9;3.8032265434902746;3.8032265434902746;4.111785146894916
629;137;9;4.191038553899788;4.191038553899788;4.910803887024116
630;77;10;4.191785820589907;4.191785820589907;4.727268328687667
631;73;9;4.881554290993601;4.881554290993601;5.414705573788448
632;226;9;5.241475445149262;5.241475445149262;6.043732543858741
633;133;9;5.320329195606422;5.320329195606422;5.79250180203702
634;88;9;4.6865685748082475;4.6865685748082475;5.110408175560988
635;99;9;5.263867898063324;5.263867898063324;5.238915826164267
636;79;9;3.7278883590054046;3.7278883590054046;4.204841284392848
637;207;9;5.488710902665804;5.488710902665804;6.685416474451301
638;78;8;2.4216382522847284;2.4216382522847284;3.006915106472292
639;125;9;4.363033650702178;4.363033650702178;4.541385542701905
640;127;9;4.2159910800343985;4.2159910800343985;4.94309571960616
641;81;10;4.606029963892404;4.606029963892404;5.177556075940346
642;115;9;4.9996936158248975;4.9996936158248975;5.424069606383719
643;283;9;5.275883616322766;5.275883616322766;5.783043654404296
644;131;9;5.176472166764787;5.176472166764787;5.696707304769377
645;78;9;4.714273559198044;4.714273559198044;5.047222261239066
646;82;9;5.215064548169745;5.215064548169745;4.946987810382379
647;84;9;3.8706772063938457;3.8706772063938457;4.367803878528985
648;209;9;5.7764249492639745;5.7764249492639745;6.872591018126026
649;80;8;2.4216326328090667;2.4216326328090667;2.92428951427801
650;108;8;5.337911226759716;5.337911226759716;5.164933558795441
651;126;9;4.396704330409954;4.396704330409954;4.84989930905603
652;128;10;4.501279793696278;4.501279793696278;4.968685411879593
653;132;9;5.3009938922497595;5.3009938922497595;5.346883076785562
654;279;9;6.238196511595351;6.238196511595351;6.281114259020684
655;144;9;5.754401816340046;5.754401816340046;6.113037742141107
656;99;9;4.652922648077464;4.652922648077464;4.94701585914531
657;45;9;5.761994964790156;5.761994964790156;5.130284308495195
658;74;9;3.7995445936628722;3.7995445936628722;4.096011176999892
659;198;9;5.877827478554957;5.877827478554957;6.707728597535905
660;75;8;4.167505440727989;4.167505440727989;4.1591466673134025
661;143;8;3.4759358735754837;3.4759358735754837;4.042498979725165
662;148;9;4.374044571975504;4.374044571975504;4.848490262449789
663;92;9;4.479364732708353;4.479364732708353;4.749337897027861
664;121;9;4.2894756571967685;4.2894756571967685;4.954188194895806
665;55;9;7.1386482321970774;7.1386482321970774;6.334774977170367
666;91;9;5.279980616604623;5.279980616604623;4.981686044319163
667;49;9;4.588563134644728;4.588563134644728;4.716397381432351
668;110;9;5.9605583451405115;5.9605583451405115;5.799431122933408
669;83;9;5.504134484338409;5.504134484338409;5.495657231962966
670;108;9;5.086342737208348;5.086342737208348;5.037551670213627
671;73;8;3.92738758289734;3.92738758289734;3.935739480371255
672;126;8;3.4671609998798174;3.4671609998798174;3.9830108211359354
673;150;9;4.083982649378629;4.083982649378629;4.65106807134963
674;78;9;5.123349468898986;5.123349468898986;5.492262198944879
675;143;9;4.6029273469479755;4.6029273469479755;5.121685862092649
676;59;8;6.671046335731847;6.671046335731847;6.584894307836413
677;100;9;5.309029541580859;5.309029541580859;5.349954935730999
678;61;9;4.444115477930094;4.444115477930094;4.765005490285461
679;135;9;4.526541153460649;4.526541153460649;4.686037671822012
680;92;9;4.659526770544994;4.659526770544994;4.942541048949062
681;106;9;4.695017849099209;4.695017849099209;5.129838696176807
682;71;8;3.3720925201688234;3.3720925201688234;3.4191942924538288
683;123;7;3.407673498705355;3.407673498705355;3.952936791280525
684;158;9;4.441904058714526;4.441904058714526;5.029548402343487
685;68;9;4.89020849265787;4.89020849265787;5.222716212618906
686;129;9;4.537006985983789;4.537006985983789;5.126999045685759
687;53;8;5.797642234494654;5.797642234494654;5.63546970910753
688;86;8;5.555894883071986;5.555894883071986;5.537020829677694
689;79;9;4.2177013132678915;4.2177013132678915;4.675031026801835
690;163;9;4.116853390138756;4.116853390138756;4.364836493633565
691;110;9;4.465608355280956;4.465608355280956;4.94878149675827
692;111;9;4.390854492689002;4.390854492689002;4.7606000142050515
693;49;7;3.1729186346669622;3.1729186346669622;3.1862363522112918
694;128;7;3.8761834739047347;3.8761834739047347;4.328572337003174
695;141;9;5.125132369327366;5.125132369327366;5.45937171888132
696;80;9;4.667459183773971;4.667459183773971;5.0483619038038565
697;120;9;4.339324075800696;4.339324075800696;4.961290692321251
698;52;8;5.6074122258588215;5.6074122258588215;5.360686097792313
699;80;9;5.801565668542621;5.801565668542621;5.530518102403592
700;47;9;4.768424980021212;4.768424980021212;4.66715125301858
701;162;9;7.287635841899722;7.287635841899722;6.88669456084053
702;111;9;4.104152827701304;4.104152827701304;4.619745219077222
703;124;9;4.336858233474393;4.336858233474393;4.87685377408081
704;51;7;3.030572110922942;3.030572110922942;3.109689430531584
705;134;7;4.31089218007417;4.31089218007417;4.455791525556125
706;163;9;4.913479518412401;4.913479518412401;5.307481071733518
707;74;9;4.5561464093369235;4.5561464093369235;4.63578875968988
708;85;9;4.3054558620697065;4.3054558620697065;4.548680012892432
709;42;8;5.079971356172763;5.079971356172763;4.780973861813046
710;49;8;6.9825031333953245;6.9825031333953245;6.038316980810787
711;48;9;4.516935337030246;4.516935337030246;4.563496047509136
712;108;9;9.798476628357987;9.798476628357987;8.730578622377
713;102;9;3.9496820902910743;3.9496820902910743;4.413624888412224
714;133;9;4.259542571123097;4.259542571123097;4.7290109125822894
715;54;8;3.0300333558435253;3.0300333558435253;3.026934125581725
716;107;7;4.35061023525586;4.35061023525586;4.253242942586987
717;192;9;4.651814828619473;4.651814828619473;4.864465222448578
718;82;9;4.72918268139719;4.72918268139719;4.747278496733807
719;72;8;4.361698817243433;4.361698817243433;4.299203219055848
720;49;8;5.299510322943317;5.299510322943317;4.82783916988276
721;26;8;7.479707337770837;7.479707337770837;5.88141425992642
722;93;9;4.912398154782638;4.912398154782638;5.073510973759409
723;161;9;7.4245652100542;7.4245652100542;7.167991526395135
724;100;9;3.9087733695197553;3.9087733695197553;4.148006073237674
725;116;9;4.932468573926476;4.932468573926476;5.157472632693281
726;83;6;3.21267991441296;3.21267991441296;3.604063836384229
727;155;8;3.9607045136256787;3.9607045136256787;3.899427190434657
728;94;9;3.755191303935454;3.755191303935454;3.969306479028791
729;143;9;3.578343866111334;3.578343866111334;4.342473413485758
730;205;9;3.530685687973575;3.530685687973575;4.16721190702239
731;215;8;3.7172695524853747;3.7172695524853747;4.215585393855244
732;111;9;4.6947167865366755;4.6947167865366755;4.726944817215251
733;76;10;4.590950873809424;4.590950873809424;4.322709524458569
734;123;10;3.8782932077152705;3.8782932077152705;4.109302178865076
735;94;9;3.4422488701394056;3.4422488701394056;3.7464418861879283
736;127;9;5.366667768770276;5.366667768770276;6.149416076078543
737;83;6;3.1318136477925846;3.1318136477925846;3.6494627815361906
738;148;8;3.976781992924447;3.976781992924447;4.302577998661613
739;76;9;3.341289861761925;3.341289861761925;3.616683070388921
740;153;9;3.5509762149569064;3.5509762149569064;4.322933720466894
741;180;9;3.3942263875440912;3.3942263875440912;4.011493250075036
742;204;9;3.5368518635602864;3.5368518635602864;4.140303725258939
743;125;9;4.232221010428268;4.232221010428268;4.50573309631467
744;80;10;4.164489507931959;4.164489507931959;4.117272403667335
745;150;10;4.201103073852686;4.201103073852686;4.329092008165895
746;81;9;3.3153084016605354;3.3153084016605354;3.586809849401255
747;122;9;5.6970514355753705;5.6970514355753705;6.574249961761917
748;81;6;3.1057918872403567;3.1057918872403567;3.6616581677016415
749;144;9;3.779627626339963;3.779627626339963;4.302080268762193
750;75;9;3.579862978533817;3.579862978533817;3.896151176450139
751;157;9;3.6765075434471917;3.6765075434471917;4.483358571218308
752;199;9;3.632819562652667;3.632819562652667;4.32485522939953
753;159;9;3.673203037095533;3.673203037095533;4.232167914303429
754;127;9;4.514185434789752;4.514185434789752;4.884406382350254
755;142;10;3.6540712411152825;3.6540712411152825;3.972320194121924
756;184;10;3.5720970328257198;3.5720970328257198;4.032862635850751
757;77;9;3.3286553538667745;3.3286553538667745;3.620591145535727
758;117;9;4.863110582691806;4.863110582691806;5.476365281827304
759;80;6;3.1214096389762007;3.1214096389762007;3.6045301231150115
760;152;9;3.8145032214293413;3.8145032214293413;4.398166016828736
761;80;9;3.2375957560631927;3.2375957560631927;3.751911701696792
762;169;9;3.6700650276754936;3.6700650276754936;4.486646873089762
763;214;9;4.5281028760081945;4.5281028760081945;5.250873188248739
764;191;9;3.5813948181880084;3.5813948181880084;4.103133996626744
765;137;9;4.204117333778531;4.204117333778531;4.645442221258863
766;150;9;3.5537825164539925;3.5537825164539925;4.0061524622847005
767;187;10;3.3946348424654262;3.3946348424654262;3.880973235966511
768;70;9;3.8168100402371508;3.8168100402371508;4.129102028677059
769;116;9;5.108926682065263;5.108926682065263;5.848629578785458
770;79;6;3.3218405174171974;3.3218405174171974;3.6302376792211453
771;137;9;4.195314117790046;4.195314117790046;4.714845249837458
772;85;9;3.229010409758076;3.229010409758076;3.7816612149181563
773;190;9;3.6258825553103513;3.6258825553103513;4.456527445697055
774;217;9;4.770457365897566;4.770457365897566;5.168327586517929
775;176;9;4.007599822317866;4.007599822317866;4.401202089664471
776;134;9;4.311616285808353;4.311616285808353;4.608969813582462
777;159;9;4.033078491549913;4.033078491549913;4.408780714216376
778;212;9;4.486817028440571;4.486817028440571;4.873500017330765
779;61;9;4.069061377021014;4.069061377021014;4.298080803954273
780;143;9;4.657163600663533;4.657163600663533;4.9782573115911015
781;78;6;3.859566946779548;3.859566946779548;3.8618221643024233
782;141;9;4.0537658649460795;4.0537658649460795;4.610009038807629
783;106;9;3.3735986055959564;3.3735986055959564;3.8366027418039046
784;182;10;3.6504324699711743;3.6504324699711743;4.491192421275795
785;219;9;4.510553191162579;4.510553191162579;5.122097775471765
786;153;9;5.298524302955655;5.298524302955655;5.484741529348397
787;138;9;4.708526077134285;4.708526077134285;4.963391273647448
788;156;9;5.220479222655272;5.220479222655272;5.56724759533222
789;183;9;5.414418365997052;5.414418365997052;5.638492252486979
790;59;9;4.064611535377634;4.064611535377634;4.205837062356685
791;172;9;4.109221072555368;4.109221072555368;4.295946933866249
792;60;8;3.45600578708199;3.45600578708199;3.646922854735747
793;151;8;3.302031185851834;3.302031185851834;3.4366622327334237
794;187;8;7.475285435095257;7.475285435095257;7.288680398456063
795;110;9;4.281670844740087;4.281670844740087;4.582430406784102
796;61;9;3.9106211783902527;3.9106211783902527;4.116821028083915
797;154;8;5.379900836943906;5.379900836943906;5.346715867910705
798;77;9;4.620994643186133;4.620994643186133;4.690074217335543
799;87;9;3.5846467665276784;3.5846467665276784;3.7285195317432804
800;127;9;4.452445193002117;4.452445193002117;4.47325280507047
801;134;10;4.546552592953743;4.546552592953743;4.930627136382708
802;244;9;5.1486124220425475;5.1486124220425475;5.514382624512313
803;57;9;3.3472897351026623;3.3472897351026623;3.8349384778455002
804;138;8;3.485358339835171;3.485358339835171;3.7834680965081313
805;153;9;5.347701299916707;5.347701299916707;5.57179008780621
806;91;9;4.234781749049834;4.234781749049834;4.507739875834904
807;60;8;4.557451127509054;4.557451127509054;4.554943238928642
808;193;8;5.801162910069349;5.801162910069349;6.036215620408026
809;70;9;4.645449883542971;4.645449883542971;4.780223023111542
810;96;9;3.6826542280720904;3.6826542280720904;3.9225741905419116
811;196;9;5.245646923873009;5.245646923873009;5.417523170107738
812;112;10;4.3951169970216295;4.3951169970216295;5.0921404568009185
813;200;9;4.211991875328662;4.211991875328662;4.614782687732731
814;62;9;3.3274302433249483;3.3274302433249483;3.887578138956549
815;134;9;3.6185787950635055;3.6185787950635055;3.97814207808772
816;176;8;4.578279346981067;4.578279346981067;4.927563907259572
817;90;9;3.9310762180533896;3.9310762180533896;4.210444516385459
818;65;9;3.9454698491950255;3.9454698491950255;4.1107949916724476
819;235;8;5.082513392616366;5.082513392616366;5.305777119758641
820;76;9;4.788841609413344;4.788841609413344;4.925150599934537
821;129;9;3.591822331441137;3.591822331441137;3.91166787247236
822;153;9;5.435553000343069;5.435553000343069;5.491574284564355
823;96;9;4.576872363037619;4.576872363037619;5.1344108623878295
824;207;9;4.372169504512416;4.372169504512416;4.853224239914223
825;62;9;3.3013987672949923;3.3013987672949923;3.6518180078231746
826;128;9;3.596078835905848;3.596078835905848;3.8791478194743103
827;155;9;4.150831227059033;4.150831227059033;4.426372404414355
828;84;9;4.121826069248245;4.121826069248245;4.498274445262219
829;47;9;3.3559199911108397;3.3559199911108397;3.4847080248339513
830;282;8;4.752147428060527;4.752147428060527;4.874884779540882
831;102;9;3.7890313750111297;3.7890313750111297;3.9669439325103903
832;152;9;3.6848103579372364;3.6848103579372364;4.027527675820302
833;160;9;5.755814029477136;5.755814029477136;5.834294105811414
834;88;9;5.108026186055969;5.108026186055969;5.559129920541039
835;275;9;5.121697864995536;5.121697864995536;5.792861193185099
836;45;8;3.949725149620288;3.949725149620288;3.889387003665622
837;147;9;3.2499563485829794;3.2499563485829794;3.4363659032931637
838;163;9;3.7209798320465763;3.7209798320465763;4.023413884105751
839;77;9;4.650529924793442;4.650529924793442;4.713506681618741
840;40;9;3.5785188554707306;3.5785188554707306;3.5034253522113405
841;209;9;5.709555748872175;5.709555748872175;5.806192198368281
842;99;9;4.008260312428013;4.008260312428013;4.220772690598409
843;145;9;3.863385388133162;3.863385388133162;4.148642714895532
844;188;10;4.416144754019845;4.416144754019845;4.652112239286856
845;93;9;4.427907605667241;4.427907605667241;4.890875969426618
846;292;9;5.740533277482191;5.740533277482191;6.424443374855144
847;40;8;4.421140688120145;4.421140688120145;4.04404858955998
848;139;9;3.390175690674039;3.390175690674039;3.5095936555358236
849;151;8;3.5665868052789818;3.5665868052789818;3.772517537653754
850;73;8;5.260595682022398;5.260595682022398;5.168895457964131
851;42;9;3.454902808295733;3.454902808295733;3.555566682420992
852;157;9;4.8637655560498585;4.8637655560498585;4.845247208104005
853;85;9;4.0175450383629006;4.0175450383629006;4.145039685077299
854;107;10;3.950321338914727;3.950321338914727;3.9400522374232385
855;144;10;4.466251624961268;4.466251624961268;4.508484923461262
856;112;9;4.5827739215513335;4.5827739215513335;4.871967917257494
857;280;9;6.739967772845574;6.739967772845574;6.982634494122257
858;64;8;2.8929273320974627;2.8929273320974627;3.3782132292820144
859;113;8;3.4770339852896948;3.4770339852896948;3.7329643530798715
860;123;8;3.9742798763019658;3.9742798763019658;4.196790220282179
861;154;8;4.484988614530927;4.484988614530927;5.067398072340211
862;68;9;4.20594662938122;4.20594662938122;4.578194999467233
863;156;9;3.4626398199774293;3.4626398199774293;3.865444628993959
864;54;8;4.508851430339574;4.508851430339574;4.327676915894504
865;61;9;4.072944960039292;4.072944960039292;3.880586012006903
866;158;9;3.662968448570742;3.662968448570742;4.049205469090756
867;76;8;3.39416118990017;3.39416118990017;3.4336345624061964
868;102;9;2.9713786361630015;2.9713786361630015;3.4662547331082902
869;59;8;3.068606701565391;3.068606701565391;3.382776097136913
870;117;8;3.1658858334988644;3.1658858334988644;3.403226272438501
871;89;8;3.5520269607440276;3.5520269607440276;3.9538393503191656
872;146;8;4.505874014646923;4.505874014646923;5.16073159593178
873;56;9;4.280779493273065;4.280779493273065;4.416390889162197
874;164;9;3.345572343386715;3.345572343386715;3.7970268115718664
875;41;8;4.48294729065311;4.48294729065311;4.346254757936077
876;81;9;3.9357354469173695;3.9357354469173695;4.065414242380279
877;161;10;3.578747996365147;3.578747996365147;3.9625906727639553
878;65;8;3.445554990199989;3.445554990199989;3.559013401445801
879;109;9;2.8875764389863194;2.8875764389863194;3.351604473949563
880;58;8;3.0435325414941596;3.0435325414941596;3.3975400190505125
881;108;7;2.9020186579088056;2.9020186579088056;3.140546893571905
882;85;8;3.6026084306848976;3.6026084306848976;3.967892433827304
883;107;9;4.691410188149251;4.691410188149251;5.1959777508487495
884;56;9;4.219980657769309;4.219980657769309;4.577043021942279
885;179;9;3.1701474880622698;3.1701474880622698;3.6331540162935307
886;49;9;4.475628489537494;4.475628489537494;4.447886010501845
887;88;9;3.9512581029119667;3.9512581029119667;4.113518162789549
888;157;10;3.3448362924802764;3.3448362924802764;3.7046218411128544
889;53;9;3.4204351249308256;3.4204351249308256;3.5407124269029606
890;117;9;3.0064619781036623;3.0064619781036623;3.497969200524732
891;64;8;2.9666626310175364;2.9666626310175364;3.4214427452690703
892;108;8;3.2270003528342706;3.2270003528342706;3.357688831726863
893;88;8;3.586483540527953;3.586483540527953;4.03186268004495
894;84;9;4.909503220917997;4.909503220917997;5.332159072557765
895;80;9;3.9661944702936824;3.9661944702936824;4.405220042672807
896;174;9;3.3640989177765115;3.3640989177765115;3.8247142265663316
897;64;9;4.602252720308613;4.602252720308613;4.605288000535851
898;79;9;4.023729494504703;4.023729494504703;4.12302122826907
899;139;9;3.136086086056305;3.136086086056305;3.4986357770311116
900;44;9;3.7682119162160905;3.7682119162160905;3.7741571124536066
901;110;9;3.3208913372844724;3.3208913372844724;3.6536449474453696
902;66;8;3.022855832006203;3.022855832006203;3.4538570214310127
903;111;8;2.9973107518792306;2.9973107518792306;3.247012858091705
904;83;9;3.8367027840828833;3.8367027840828833;4.028214965767355
905;107;9;4.337556724980262;4.337556724980262;4.820541955766643
906;66;9;4.342151005256359;4.342151005256359;4.613431092793728
907;169;9;3.352606105338541;3.352606105338541;3.8917566004302984
908;51;7;4.848697731085214;4.848697731085214;4.467425667273721
909;84;9;3.738235251861333;3.738235251861333;3.962373000153242
910;121;9;3.3792463542952076;3.3792463542952076;3.786298492677444
911;46;9;3.5739982597423428;3.5739982597423428;3.639030411283151
912;94;8;3.42914761899498;3.42914761899498;3.7475307650633995
913;69;8;2.9391581524516774;2.9391581524516774;3.3663480965938777
914;111;7;3.157600483187956;3.157600483187956;3.3809955126322935
915;119;9;3.578118972075078;3.578118972075078;3.871774287324782
916;128;9;4.598046530588164;4.598046530588164;4.98399485649748
917;91;9;4.692436215617738;4.692436215617738;4.777183643741671
918;147;9;3.1612338023214646;3.1612338023214646;3.5576144318161185
919;62;8;5.155606371846103;5.155606371846103;4.633154686165317
920;83;9;4.5871086338222655;4.5871086338222655;4.6732158240062605
921;103;9;3.4228510354252744;3.4228510354252744;3.699711371309473
922;49;9;3.698127269961565;3.698127269961565;3.6662819305169463
923;90;8;3.459410862202111;3.459410862202111;3.6733765170782604
924;106;9;3.700938803762513;3.700938803762513;3.775427871326157
925;105;8;3.515609865101047;3.515609865101047;3.5381847120393912
926;158;9;3.8326649138693516;3.8326649138693516;3.888726218253907
927;74;9;4.578770126049254;4.578770126049254;4.6499557088307055
928;97;9;3.9294399744865225;3.9294399744865225;4.469382925883032
929;96;9;3.890451256533614;3.890451256533614;4.386048513453857
930;213;9;5.106209361830649;5.106209361830649;5.850047939207694
931;110;10;3.3089615757844344;3.3089615757844344;3.7209692995565313
932;95;9;4.310916702073545;4.310916702073545;4.989311488635239
933;67;9;4.662748021761776;4.662748021761776;4.787117494613952
934;122;8;3.0744847782656897;3.0744847782656897;3.5411694038736985
935;117;8;3.609941598789955;3.609941598789955;3.748609190871109
936;121;9;4.051900252370182;4.051900252370182;4.0315307173978905
937;155;8;3.8086610423858933;3.8086610423858933;4.0401793339505225
938;84;8;5.085502251013443;5.085502251013443;5.2944873043884195
939;98;9;4.189504406745959;4.189504406745959;4.5664034137288025
940;109;9;3.9845997988551924;3.9845997988551924;4.508856296662709
941;189;9;4.902265017840983;4.902265017840983;5.649650636501652
942;119;10;3.1608616813525217;3.1608616813525217;3.636691201378945
943;99;10;4.173895523272871;4.173895523272871;5.287379013393758
944;64;9;4.502527837520553;4.502527837520553;4.602889280101867
945;128;8;3.064687386844328;3.064687386844328;3.6032580245668937
946;103;8;3.8885169438513;3.8885169438513;4.30199949425475
947;126;9;4.366725855299114;4.366725855299114;4.53649898045458
948;139;8;4.293707465366211;4.293707465366211;4.557840873734418
949;110;8;4.722993065014752;4.722993065014752;5.252434923668962
950;74;9;5.085202132735884;5.085202132735884;5.061561898498801
951;122;9;3.6148169623862683;3.6148169623862683;4.154693457439353
952;208;8;5.296892758904423;5.296892758904423;5.847644165245323
953;112;10;3.3282793168074685;3.3282793168074685;3.7658111090839737
954;100;9;4.17573564142987;4.17573564142987;5.303048137166692
955;58;9;4.35827902736378;4.35827902736378;4.467324704326544
956;129;9;3.197750065752326;3.197750065752326;3.6729131532829014
957;90;8;3.8413927216006085;3.8413927216006085;4.380062927505016
958;119;9;4.717075613985307;4.717075613985307;4.98292268408002
959;132;8;3.912386992245095;3.912386992245095;4.118681724197596
960;124;9;4.285655896513328;4.285655896513328;4.778048373046793
961;83;9;3.806890105218434;3.806890105218434;4.270316904275312
962;110;9;3.332390310757029;3.332390310757029;3.9049355442173685
963;189;9;5.482059330495533;5.482059330495533;6.340642515978192
964;117;10;3.438202460651841;3.438202460651841;3.8145962144889602
965;92;9;3.8094134989443575;3.8094134989443575;4.787349010867048
966;56;8;4.08042737050605;4.08042737050605;4.162011489203945
967;133;9;3.818931664289477;3.818931664289477;4.214705879842457
968;81;8;3.8563266531623035;3.8563266531623035;4.430317615051632
969;103;8;4.778757072093629;4.778757072093629;5.242133641160053
970;148;8;4.083683643211112;4.083683643211112;4.269878326770735
971;113;9;4.021071169395857;4.021071169395857;4.369611497411447
972;97;9;3.2830094522299476;3.2830094522299476;3.8321756383770245
973;111;9;3.3271608723085366;3.3271608723085366;3.9115961509906985
974;150;9;4.909185181358555;4.909185181358555;5.340491109574651
975;88;9;3.507878616606459;3.507878616606459;3.6708069256018643
976;93;9;3.766317223570157;3.766317223570157;4.662118391515771
977;59;8;4.341686927532198;4.341686927532198;4.402254296042666
978;158;9;3.1291237617561403;3.1291237617561403;3.629251893828693
979;81;8;3.841543958876782;3.841543958876782;4.42218884276567
980;113;8;5.012738704964745;5.012738704964745;5.305312465381784
981;156;8;3.862717717697113;3.862717717697113;4.09888737966542
982;106;9;3.7640102169376015;3.7640102169376015;4.010983368494452
983;101;9;3.1470731119166526;3.1470731119166526;3.636262690386529
984;104;9;3.3230452215018387;3.3230452215018387;3.8091837935967017
985;114;9;4.689876700767742;4.689876700767742;4.757351036161116
986;88;10;3.779688579050544;3.779688579050544;3.8600826312480527
987;103;10;4.272044111716023;4.272044111716023;4.833832665333067
988;54;8;4.8237448392354425;4.8237448392354425;4.653934913187703
989;136;9;3.2913781548290086;3.2913781548290086;3.7207544279723486
