Skewness: 1.4376046327936196, Average LID: LPCA: 14.41150442477876  |||  MLE: 13.061750428942997  |||  MLENB: 13.061750428942997  |||  TLE: 10.715446236166434
LPCA: 0.3303327480837114  |||  MLE: -0.4319863562398965  |||  MLENB: -0.4319863562398965  |||  TLE: -0.09059778000036481
node;in_degree;local_intrinsic_dimensionality_LPCA;local_intrinsic_dimensionality_MLE;local_intrinsic_dimensionality_MLENB;local_intrinsic_dimensionality_TLE
0;7;15;13.14560790478211;13.14560790478211;12.71561468736956
1;21;15;13.055407150152075;13.055407150152075;12.00705447840462
2;2;16;18.499538365314734;18.499538365314734;9.175810552314601
3;11;17;17.440429871060083;17.440429871060083;15.638595263838754
4;6;14;9.102149584991375;9.102149584991375;8.676463782043399
5;1;14;10.743614570225821;10.743614570225821;6.247393301367489
6;30;14;9.01245723147679;9.01245723147679;8.872414525166443
7;13;12;15.40063952761083;15.40063952761083;10.38339075187166
8;6;15;12.842432435900639;12.842432435900639;10.146332392294669
9;32;16;11.083436066834542;11.083436066834542;10.42666100034409
10;8;15;15.29182893411216;15.29182893411216;10.59759028246934
11;57;13;7.26730119171784;7.26730119171784;7.422904868951084
12;17;17;12.38160914726931;12.38160914726931;10.252735633950502
13;10;16;9.950093747531685;9.950093747531685;8.321746362867923
14;24;15;8.23784652598558;8.23784652598558;7.596942569707237
15;48;17;9.541305362576638;9.541305362576638;10.033936756146877
16;9;15;13.6081328265013;13.6081328265013;11.140400133416655
17;16;13;11.991416524482315;11.991416524482315;9.92260570131917
18;14;16;11.988026805335274;11.988026805335274;10.660057689926642
19;7;15;16.5693510199443;16.5693510199443;14.641539246582152
20;9;16;21.097659323134273;21.097659323134273;17.57382638915919
21;22;15;9.639330343583836;9.639330343583836;8.933819229641744
22;82;16;9.593446464820277;9.593446464820277;9.993770300934505
23;38;14;8.092027136435467;8.092027136435467;8.932236873331027
24;26;16;15.518411512651308;15.518411512651308;13.741645446320607
25;8;15;18.26697898295455;18.26697898295455;10.488156332043914
26;4;17;10.212654002879136;10.212654002879136;8.796313213843332
27;16;15;13.55907999952728;13.55907999952728;12.204222555686847
28;7;14;15.381486692558717;15.381486692558717;9.716938288940836
29;7;12;8.452604373742945;8.452604373742945;7.183424773961261
30;1;15;15.496229825391254;15.496229825391254;11.483059897998725
31;27;14;8.018702601378282;8.018702601378282;8.08801330114137
32;35;14;8.407052482483419;8.407052482483419;8.073062470084706
33;57;13;13.92971501158369;13.92971501158369;13.335288467324208
34;31;13;9.36680833068913;9.36680833068913;9.38733161670526
35;27;15;9.022426318847753;9.022426318847753;9.0426409813233
36;17;15;12.494358914889897;12.494358914889897;11.40826263129575
37;16;15;11.472948493067022;11.472948493067022;10.509627686252587
38;19;15;9.099125835456121;9.099125835456121;8.661886593792616
39;2;14;9.84433253996675;9.84433253996675;7.221418630364546
40;35;15;15.915508383846289;15.915508383846289;15.452429029223197
41;50;14;12.521581381591146;12.521581381591146;11.861534377228015
42;20;15;17.876262195686785;17.876262195686785;16.20655819199365
43;12;12;11.30404832616899;11.30404832616899;10.108984845298037
44;21;14;11.856860901234274;11.856860901234274;10.150514590594138
45;14;15;8.995950712471686;8.995950712471686;8.18841018781191
46;21;16;14.245187467209586;14.245187467209586;13.078442669089995
47;50;12;7.602057379499792;7.602057379499792;7.853494029161448
48;10;16;10.116372487550645;10.116372487550645;8.749377760683593
49;28;14;13.334828450556824;13.334828450556824;12.294006744998619
50;30;16;9.057687678941187;9.057687678941187;8.755362656877704
51;94;14;14.502135755256162;14.502135755256162;14.682092952513383
52;18;16;7.239838173452853;7.239838173452853;7.057091787894558
53;7;16;9.131222262178213;9.131222262178213;8.422092141411683
54;18;16;9.77834119355678;9.77834119355678;9.006610983515099
55;29;16;8.808944995561834;8.808944995561834;8.717133921369813
56;13;12;12.862260923910506;12.862260923910506;10.113267148197288
57;34;16;7.84122516474769;7.84122516474769;8.18190738885291
58;15;14;11.801915881837672;11.801915881837672;10.32509692608795
59;16;14;11.685571658452162;11.685571658452162;10.991786515384385
60;4;15;17.600853693836452;17.600853693836452;11.838338197392124
61;57;16;7.378707366061264;7.378707366061264;7.959001597029776
62;73;15;9.401899733515089;9.401899733515089;9.994361707059955
63;18;16;7.971726840439001;7.971726840439001;7.622453563533101
64;1;15;13.0865586208301;13.0865586208301;8.4368661562947
65;37;15;6.929852756012892;6.929852756012892;7.106345078489294
66;35;13;11.184786774818274;11.184786774818274;10.7201121148624
67;42;16;11.00014812775065;11.00014812775065;10.646606799643143
68;11;12;24.873832979923126;24.873832979923126;21.441620676799403
69;62;16;9.619161857537827;9.619161857537827;9.86124230695625
70;38;18;8.000583363173135;8.000583363173135;8.490664802686524
71;1;15;28.26936322812653;28.26936322812653;15.911566521706481
72;26;14;9.790811172830459;9.790811172830459;9.812471152468618
73;28;16;18.95602118304624;18.95602118304624;16.245530373882378
74;27;15;13.327133217517632;13.327133217517632;12.197370755083263
75;15;16;9.431127058865359;9.431127058865359;8.990773332961703
76;0;12;21.32136166213446;21.32136166213446;11.920059490990218
77;24;13;12.386191199990195;12.386191199990195;11.324201746386164
78;27;15;14.706245214150945;14.706245214150945;12.764361038212103
79;17;14;13.134557954507507;13.134557954507507;12.304341987856885
80;14;15;8.940547379369344;8.940547379369344;8.515875571695666
81;13;16;15.067090856699142;15.067090856699142;13.368273558461478
82;23;14;12.553467141830247;12.553467141830247;11.948253597682568
83;6;13;25.42093531009374;25.42093531009374;19.51146286012299
84;9;12;8.877112421092226;8.877112421092226;7.52461239200187
85;2;12;12.381212702200695;12.381212702200695;8.684051341049168
86;2;13;22.125466380396183;22.125466380396183;14.468738244839592
87;6;16;20.43005149840187;20.43005149840187;16.735596221325665
88;2;10;15.980529234965246;15.980529234965246;10.03949038044202
89;3;11;18.1650757775277;18.1650757775277;12.826590377826554
90;7;14;8.382574376431394;8.382574376431394;8.263793580599692
91;5;14;16.392104086264542;16.392104086264542;13.03113664942643
92;37;15;7.926038583318054;7.926038583318054;7.989364793818394
93;17;16;14.04028700116533;14.04028700116533;12.082854435956595
94;3;14;14.813798140848835;14.813798140848835;9.263322953978998
95;5;14;17.064600920664528;17.064600920664528;13.704118946991663
96;8;16;13.095520139879419;13.095520139879419;11.281885295278972
97;13;15;10.737051085858496;10.737051085858496;10.579113911861214
98;6;14;7.237890688653894;7.237890688653894;6.905323856060057
99;3;11;11.484842580411248;11.484842580411248;8.36251775538092
100;25;15;14.953560715151434;14.953560715151434;14.001540756133688
101;3;17;9.035665269341498;9.035665269341498;7.2234442496524975
102;0;13;22.477398651721863;22.477398651721863;12.163955981768304
103;0;15;19.072671609295107;19.072671609295107;12.265926059108816
104;14;15;16.875529301035453;16.875529301035453;14.358842781083807
105;1;14;19.09869424426933;19.09869424426933;13.868103401912146
106;0;12;16.329072447112097;16.329072447112097;9.298720595984909
107;46;15;11.168747794732292;11.168747794732292;10.268281035174093
108;3;12;13.432787442334716;13.432787442334716;10.46518622752541
109;13;16;14.141336321750206;14.141336321750206;10.255636463804999
110;3;14;16.640888520441365;16.640888520441365;11.70120274830085
111;42;16;13.400135730849039;13.400135730849039;12.50803969702682
112;17;15;16.552319712426264;16.552319712426264;13.534212473824773
113;5;15;11.551588904544975;11.551588904544975;8.780997152306512
114;35;18;16.400532135398368;16.400532135398368;15.017555620638044
115;43;14;14.374627347215753;14.374627347215753;13.499314355170084
116;7;14;13.4233692320331;13.4233692320331;10.119642494106095
117;15;15;8.61495050845046;8.61495050845046;7.732687531418585
118;17;16;9.814446060419545;9.814446060419545;8.560607136724949
119;89;16;8.767047319544593;8.767047319544593;8.962487256550318
120;10;14;14.072187577595807;14.072187577595807;11.752686171005342
121;43;15;7.285206840690023;7.285206840690023;7.885632629959773
122;37;15;8.369774306864445;8.369774306864445;8.303154050937373
123;0;14;17.58022359218694;17.58022359218694;12.897116073914857
124;34;14;7.933131924294431;7.933131924294431;8.36790954792521
125;37;15;19.22766981380324;19.22766981380324;17.703590527979024
126;8;14;14.428534832282454;14.428534832282454;11.210640981051482
127;8;15;19.05691446173366;19.05691446173366;15.738675203534552
128;35;13;11.897425510515246;11.897425510515246;11.942182846245165
129;10;14;13.854650720963608;13.854650720963608;11.284473386517394
130;23;13;7.725742837251129;7.725742837251129;7.501588211308274
131;49;14;11.45769777360836;11.45769777360836;11.415008045461079
132;34;13;11.904925717299466;11.904925717299466;11.379027830014417
133;8;15;20.37277245016068;20.37277245016068;15.42017331815259
134;74;16;8.089375976715669;8.089375976715669;8.509135818011693
135;12;14;7.468265884326363;7.468265884326363;7.108654980044206
136;56;16;10.187693374481562;10.187693374481562;9.790207963496702
137;11;17;13.71316251328361;13.71316251328361;10.164495925374808
138;1;15;15.321590941230996;15.321590941230996;11.433777467024246
139;32;15;20.46910852441174;20.46910852441174;17.940592660785796
140;24;17;7.293359484396764;7.293359484396764;7.07442277248309
141;1;8;19.036518380108568;19.036518380108568;9.255521227408993
142;67;16;11.353296225437134;11.353296225437134;11.621886653363642
143;50;17;8.219680936535614;8.219680936535614;8.144898261007025
144;42;14;10.182318555246086;10.182318555246086;10.297906439897424
145;19;14;10.6860681370685;10.6860681370685;9.896784166825018
146;10;15;12.444354675567322;12.444354675567322;11.376412648394394
147;29;15;11.723224787025211;11.723224787025211;11.897739217875893
148;54;15;5.962867618065957;5.962867618065957;6.38876364079094
149;29;17;10.655757339621236;10.655757339621236;9.998022757118395
150;53;16;9.066959824893804;9.066959824893804;8.95011223766786
151;15;14;9.39733089527997;9.39733089527997;8.652444465634856
152;30;15;8.271531014558528;8.271531014558528;8.518069524573509
153;2;16;15.845215388157474;15.845215388157474;11.487767527563268
154;34;15;9.192784915897654;9.192784915897654;8.694229728500188
155;16;16;11.892737204924277;11.892737204924277;10.796003420666125
156;71;15;10.569562050561029;10.569562050561029;10.776968179798546
157;30;16;12.773669126747574;12.773669126747574;11.656671618544749
158;5;16;11.055070028775404;11.055070028775404;7.477968405162675
159;62;16;8.572522701116089;8.572522701116089;8.847790324442544
160;30;15;11.241245502243304;11.241245502243304;10.719338415093247
161;41;15;10.825420025384348;10.825420025384348;10.421003983335174
162;6;17;14.952154632223968;14.952154632223968;10.921470331301297
163;17;16;12.582610332907842;12.582610332907842;10.508638302083245
164;62;15;9.170413161400212;9.170413161400212;9.29862525182591
165;31;13;8.151764890926017;8.151764890926017;8.205996992294256
166;31;16;8.986479537754992;8.986479537754992;8.414255965175606
167;9;14;8.659425027388336;8.659425027388336;7.945628636188006
168;70;16;9.076571620942039;9.076571620942039;9.069432783423526
169;7;14;10.807965783334295;10.807965783334295;9.404431346921275
170;7;11;15.143658074959506;15.143658074959506;12.12191584275127
171;33;15;6.659935141827134;6.659935141827134;6.397449427059856
172;32;15;11.251739696022288;11.251739696022288;10.498244999940644
173;25;13;14.584625875996;14.584625875996;13.670544169980102
174;4;11;19.225838402858052;19.225838402858052;11.803240408545879
175;12;14;10.46644099520643;10.46644099520643;9.063175445169563
176;25;14;8.26574364120116;8.26574364120116;8.276733930488199
177;29;16;15.848934850631199;15.848934850631199;13.671033839911233
178;6;16;10.395941494346959;10.395941494346959;9.729530446301553
179;10;11;11.029790237001107;11.029790237001107;9.439813567625666
180;18;15;14.774339276748991;14.774339276748991;13.783262965111147
181;32;14;10.422218683646081;10.422218683646081;10.338582886194997
182;4;14;17.35317010862762;17.35317010862762;12.310815836684732
183;18;16;9.46459884640675;9.46459884640675;8.26619492652905
184;8;13;17.334604011798223;17.334604011798223;11.322848677081213
185;7;14;16.255039105860543;16.255039105860543;13.170130080791974
186;23;15;9.178617143166136;9.178617143166136;8.589726083436403
187;6;11;13.351089320973893;13.351089320973893;9.518883039920471
188;6;11;17.923228298695822;17.923228298695822;13.87448828517417
189;4;10;12.209975170744299;12.209975170744299;9.04637979771807
190;3;14;14.015215169473837;14.015215169473837;9.851714190709375
191;14;15;8.185857588840017;8.185857588840017;8.343369955632165
192;8;15;16.550166807357275;16.550166807357275;13.912283258712835
193;28;15;10.147329822578998;10.147329822578998;8.8531789807989
194;31;14;13.83751595806055;13.83751595806055;14.414943037518515
195;45;15;8.581647158984204;8.581647158984204;8.83123726411892
196;16;13;12.486699924670146;12.486699924670146;11.599695655457909
197;10;17;17.814055377725445;17.814055377725445;15.548457830048998
198;4;16;12.499593349374326;12.499593349374326;8.855053603641679
199;1;14;14.404883189632937;14.404883189632937;8.740790353026938
200;49;16;9.139612983827782;9.139612983827782;9.50020959244769
201;21;16;11.818155119702725;11.818155119702725;11.852885660532655
202;3;10;8.800915271982953;8.800915271982953;6.801313295336418
203;82;16;18.43410240428989;18.43410240428989;18.03838910160304
204;4;13;7.346264686965023;7.346264686965023;6.598371959075784
205;20;14;11.001882043806956;11.001882043806956;10.171716747654301
206;63;15;11.583598625895808;11.583598625895808;12.19264819940911
207;4;14;15.169820029884862;15.169820029884862;9.523227151238176
208;9;12;16.257713677740483;16.257713677740483;12.780383827541634
209;8;15;20.26101960310814;20.26101960310814;15.533281580553744
210;2;15;17.268849482509683;17.268849482509683;10.70503701065014
211;14;17;13.449292656170808;13.449292656170808;10.840292119341258
212;5;14;15.069211967491459;15.069211967491459;11.52692948440624
213;1;13;18.977996492634688;18.977996492634688;12.847307540851997
214;15;14;15.060984239083027;15.060984239083027;12.528359280837922
215;75;13;11.269988802909076;11.269988802909076;11.476459642218092
216;2;14;18.19606063260187;18.19606063260187;11.267591219084776
217;3;10;16.575115628923573;16.575115628923573;10.70402768223633
218;5;12;11.05374002346431;11.05374002346431;9.98035025828936
219;7;12;12.174097527530689;12.174097527530689;10.860800745905928
220;25;14;9.328132409519025;9.328132409519025;8.505113316329112
221;51;14;12.186215960415348;12.186215960415348;11.754662070430713
222;24;16;16.988130919411486;16.988130919411486;15.985091039376426
223;3;17;16.757759539940633;16.757759539940633;12.43939934405901
224;24;17;8.908025392027625;8.908025392027625;8.816417012822773
225;10;12;15.368417710395939;15.368417710395939;11.838966347584554
226;10;14;16.81373490363655;16.81373490363655;14.168055368759711
227;2;15;18.699895097424434;18.699895097424434;14.582339274653295
228;18;16;6.0940039965611765;6.0940039965611765;6.274976471947954
229;13;16;9.722098516150927;9.722098516150927;8.685193298128999
230;27;16;8.898685425064818;8.898685425064818;8.33791603170931
231;3;14;12.054652901594133;12.054652901594133;9.827441725616744
232;33;17;10.285897955023747;10.285897955023747;10.520066839517836
233;7;17;10.376911283814678;10.376911283814678;7.903876809165118
234;3;15;12.131347947309498;12.131347947309498;9.46368661587706
235;14;10;10.065154220105756;10.065154220105756;8.813681497808885
236;27;15;10.837507710107058;10.837507710107058;10.066269738792652
237;5;12;17.925396111446112;17.925396111446112;14.149458319782873
238;32;14;11.71718686714485;11.71718686714485;11.287737360409539
239;13;15;20.649789748091568;20.649789748091568;18.555024509803264
240;68;17;7.724198514850896;7.724198514850896;8.082783561707306
241;8;13;7.32284757609709;7.32284757609709;7.238035643604752
242;13;14;15.58542095736584;15.58542095736584;14.004157163195154
243;6;11;12.687885298910114;12.687885298910114;10.936103999004782
244;62;15;9.922591704993728;9.922591704993728;9.842817635342662
245;13;12;17.877972398122036;17.877972398122036;13.374854214872963
246;7;14;19.0392589268721;19.0392589268721;13.181682869302072
247;22;15;9.6982936005686;9.6982936005686;9.449633296235945
248;9;14;13.38958616933118;13.38958616933118;9.785213676024362
249;17;15;11.538975197015422;11.538975197015422;10.817534753369088
250;23;15;8.297517773440148;8.297517773440148;7.399069994991323
251;4;14;10.390439515250716;10.390439515250716;9.031090264008963
252;6;13;6.612330462189158;6.612330462189158;6.429965686792043
253;9;13;6.187513715471198;6.187513715471198;6.140923064333226
254;18;11;11.75769738285233;11.75769738285233;9.8701406858564
255;30;14;9.907712477465324;9.907712477465324;9.309648687189057
256;5;12;7.182942998976079;7.182942998976079;6.58220141000475
257;5;9;8.858713907216426;8.858713907216426;7.924707547767187
258;25;17;8.009657289689752;8.009657289689752;7.74392374958119
259;10;16;21.094225676668955;21.094225676668955;16.17507242925355
260;9;12;8.340492260026771;8.340492260026771;6.811855086404929
261;32;14;7.216219068388773;7.216219068388773;7.570043900445278
262;47;15;9.863412879955199;9.863412879955199;9.783584343045325
263;57;18;8.149789962475317;8.149789962475317;8.575102243635676
264;37;16;9.879805462176463;9.879805462176463;9.72046191414063
265;32;15;9.042596067360765;9.042596067360765;9.740644021223035
266;49;17;8.766730597501212;8.766730597501212;8.567015822893588
267;11;16;15.294888972423555;15.294888972423555;13.130606846778976
268;13;16;16.149957011096017;16.149957011096017;13.738856412262612
269;15;16;12.00577225659186;12.00577225659186;10.753949859509698
270;63;16;10.912258673293733;10.912258673293733;11.079864292356365
271;1;14;17.45206371549551;17.45206371549551;9.488007433121586
272;41;17;9.6925236325244;9.6925236325244;9.747493866520657
273;50;15;9.755634721584439;9.755634721584439;9.640208160844859
274;62;14;13.435933052323286;13.435933052323286;13.655091337513614
275;30;14;7.288566349758484;7.288566349758484;8.042340660491679
276;5;14;12.442448631439808;12.442448631439808;10.670075951192022
277;10;14;15.141455045865177;15.141455045865177;12.729001348971233
278;11;16;17.07791424984778;17.07791424984778;13.64417047268035
279;44;16;13.452678363246417;13.452678363246417;13.197542603866454
280;9;14;23.66637304996434;23.66637304996434;17.639295498218196
281;10;15;13.947440674232475;13.947440674232475;12.66762149675307
282;46;14;11.578799750974296;11.578799750974296;11.717562909545656
283;32;16;7.009251194655003;7.009251194655003;7.618718641278805
284;4;14;17.801360169538192;17.801360169538192;12.426407986839848
285;10;10;10.105858162171094;10.105858162171094;8.921565879993523
286;66;15;8.359442759247893;8.359442759247893;8.4162109577182
287;55;15;9.578383955558381;9.578383955558381;10.1740362288839
288;22;14;10.409479300292443;10.409479300292443;9.82658665264273
289;28;15;9.555063268612011;9.555063268612011;9.391573471551208
290;33;14;10.397093343006027;10.397093343006027;9.438863275601145
291;0;14;18.577794103633572;18.577794103633572;12.4807628758172
292;5;16;10.032359941501205;10.032359941501205;8.532772532976166
293;1;17;18.289624001901824;18.289624001901824;9.073493970774537
294;16;11;11.192201817914922;11.192201817914922;8.175975233485117
295;11;15;14.30537188721772;14.30537188721772;11.609341031888848
296;2;9;9.741676401083916;9.741676401083916;7.312450089198478
297;0;13;29.185959342628955;29.185959342628955;9.269526702368035
298;6;13;15.538421518051596;15.538421518051596;10.90330169641716
299;10;15;11.970415031625093;11.970415031625093;10.292835832745798
300;4;10;12.875693457482338;12.875693457482338;10.321826052723644
301;18;15;6.626006652289393;6.626006652289393;6.9723226518106705
302;9;15;10.248821164704744;10.248821164704744;8.927237419054412
303;10;12;17.126693633761796;17.126693633761796;11.303416228192637
304;7;14;12.430972439016763;12.430972439016763;9.315304253489142
305;11;16;17.787579267748214;17.787579267748214;16.081903532856106
306;9;10;19.099491927714976;19.099491927714976;11.572185962994588
307;7;15;10.722016731318105;10.722016731318105;9.569412193778938
308;9;12;12.326866936715211;12.326866936715211;10.58979743499117
309;38;16;10.249978885000477;10.249978885000477;10.2431263478201
310;6;13;12.646099057265769;12.646099057265769;9.512765502901912
311;9;15;10.42498965212554;10.42498965212554;9.137483363103486
312;0;13;26.612249456588444;26.612249456588444;14.778495645554617
313;3;13;21.855815982193242;21.855815982193242;11.308734778912925
314;58;14;15.350110536548183;15.350110536548183;15.208774408346075
315;33;14;15.030986480069142;15.030986480069142;14.252173683660002
316;1;5;19.422270461661395;19.422270461661395;7.395067016306548
317;61;15;9.059951375740788;9.059951375740788;9.088575021351614
318;15;16;10.244035196513952;10.244035196513952;8.919883986610456
319;13;12;22.066823411310992;22.066823411310992;13.915742132709884
320;3;13;13.402688943573162;13.402688943573162;8.345967425885505
321;7;15;13.990866052839547;13.990866052839547;10.461726203818776
322;5;12;21.82320878233583;21.82320878233583;14.80193800933758
323;7;12;8.132986041811158;8.132986041811158;6.763510760004109
324;10;15;11.731196711709302;11.731196711709302;8.46014697799599
325;87;15;10.536757363325785;10.536757363325785;10.9654227790299
326;20;14;10.991857208109415;10.991857208109415;9.7161553198259
327;5;13;18.06722344577605;18.06722344577605;9.649922884946305
328;11;13;16.2056344544331;16.2056344544331;12.582162676226284
329;5;14;21.262535650593733;21.262535650593733;13.66380484837937
330;12;17;7.806958372599639;7.806958372599639;8.18088328927728
331;5;15;15.28432190403563;15.28432190403563;13.225240307802528
332;6;15;10.38434002312875;10.38434002312875;8.2696345667533
333;28;16;8.392347764171369;8.392347764171369;7.860674851261406
334;2;16;18.2836145122249;18.2836145122249;12.612622348850874
335;3;16;24.1445998266972;24.1445998266972;15.95064402207608
336;3;16;13.176666536744234;13.176666536744234;9.232951674981107
337;41;15;12.547257581090706;12.547257581090706;12.127319166332374
338;37;17;9.735649082538954;9.735649082538954;10.013620644016681
339;17;15;11.606035086725;11.606035086725;10.956183891804859
340;12;16;11.354672318748818;11.354672318748818;10.133228115482998
341;19;15;15.012892569738314;15.012892569738314;12.404138897232535
342;77;15;10.633997869211527;10.633997869211527;10.72510506785577
343;29;14;10.820366593657853;10.820366593657853;10.306524007379656
344;9;16;12.873199124283072;12.873199124283072;11.348168801553564
345;39;18;10.857092147491777;10.857092147491777;10.241608881264018
346;25;17;16.343902192621588;16.343902192621588;14.622553777190396
347;18;15;12.033128038083055;12.033128038083055;10.64743323767334
348;7;13;23.713212383982178;23.713212383982178;14.608051917820193
349;34;13;11.126844780118681;11.126844780118681;10.930038187208979
350;5;12;17.440903417727625;17.440903417727625;12.70726435024662
351;9;11;16.39266155035298;16.39266155035298;12.20089122660418
352;6;12;19.339389058221734;19.339389058221734;14.861551193204958
353;2;13;20.642434343602307;20.642434343602307;13.822710235430051
354;1;12;17.39934800669183;17.39934800669183;11.316844359937827
355;15;15;8.95984738377889;8.95984738377889;7.414709889362951
356;9;12;5.871481616892605;5.871481616892605;6.094950205837708
357;10;15;16.01000971799312;16.01000971799312;11.846099872965175
358;9;15;16.714009423434405;16.714009423434405;13.620799713971197
359;3;10;11.726976876375105;11.726976876375105;8.807289292510125
360;6;17;12.315402847970788;12.315402847970788;10.135030267851839
361;10;10;8.437997202142279;8.437997202142279;8.151201802894311
362;20;14;7.458539271256029;7.458539271256029;7.470505423806951
363;5;14;11.511438908393984;11.511438908393984;8.514220534351326
364;27;17;6.124238578204445;6.124238578204445;6.451728191922484
365;12;15;11.840892574398579;11.840892574398579;10.828133459467233
366;12;12;12.220375113589482;12.220375113589482;11.025759244534278
367;3;14;23.31805057645053;23.31805057645053;17.705807395254052
368;3;13;23.24531586813078;23.24531586813078;14.494575445561159
369;20;14;15.213442763179682;15.213442763179682;13.604437019593025
370;3;12;21.496665357143414;21.496665357143414;12.901804187250985
371;20;11;14.273410015941167;14.273410015941167;12.447978344813258
372;18;13;15.839696884339558;15.839696884339558;13.02229362880245
373;16;15;15.418256132789502;15.418256132789502;14.544658589293348
374;7;16;10.147461178887612;10.147461178887612;9.209058179094283
375;31;16;9.438031194708769;9.438031194708769;9.388135692296691
376;14;9;9.494637655180476;9.494637655180476;7.819816271270092
377;44;15;6.9062437209208785;6.9062437209208785;7.606105896858498
378;63;15;9.43251831289804;9.43251831289804;9.699383897616707
379;2;14;17.10125388247143;17.10125388247143;8.53496452024205
380;3;12;15.722258054682419;15.722258054682419;10.404027616175645
381;7;14;14.23646402119666;14.23646402119666;9.442979344108414
382;43;17;8.65657274637414;8.65657274637414;8.407548750726384
383;21;17;8.727493005821938;8.727493005821938;8.923491471522688
384;14;16;11.47684828759952;11.47684828759952;10.100382236549597
385;15;13;14.493693728104901;14.493693728104901;12.32475686739854
386;1;14;22.519283183616864;22.519283183616864;13.714081018042041
387;20;15;20.069354589671892;20.069354589671892;17.47340951962909
388;1;11;11.867675527808357;11.867675527808357;7.671061984167258
389;4;10;14.37167524937975;14.37167524937975;9.958677413528402
390;46;15;9.279668811546372;9.279668811546372;9.301214830301403
391;3;14;16.03897668692306;16.03897668692306;12.253415598793584
392;47;16;6.789856155787072;6.789856155787072;7.11038934560583
393;0;14;14.58410090055493;14.58410090055493;6.658447596900272
394;15;16;15.158834356555028;15.158834356555028;12.439158717679069
395;2;12;12.858826074892088;12.858826074892088;9.980139260119504
396;16;15;12.894170676019264;12.894170676019264;10.984978128724663
397;4;17;13.64673189711052;13.64673189711052;9.852335832175791
398;10;12;7.2272586614275545;7.2272586614275545;7.123596381642869
399;41;15;8.436274423717466;8.436274423717466;8.618352501934952
400;47;16;9.97303393657873;9.97303393657873;9.852107590139182
401;8;15;22.293001938905675;22.293001938905675;18.15992193567808
402;11;13;18.484024890507314;18.484024890507314;14.584757130654475
403;0;12;27.49565262086848;27.49565262086848;11.551673855139057
404;10;15;13.961079605845978;13.961079605845978;10.843874301581536
405;19;14;8.620748577237457;8.620748577237457;8.116652029761848
406;25;17;17.81596947028362;17.81596947028362;14.820704211747547
407;2;13;12.233800210717305;12.233800210717305;8.66841863291058
408;15;16;12.302576563373727;12.302576563373727;9.480996870871094
409;13;16;7.642296931817868;7.642296931817868;7.30427807029652
410;4;14;16.15936359035306;16.15936359035306;13.521811470226105
411;29;15;7.563644071859579;7.563644071859579;7.918290549397966
412;3;16;19.843357197368203;19.843357197368203;12.786522871333872
413;11;15;11.957880162353007;11.957880162353007;10.103860213416143
414;7;14;7.925221823597958;7.925221823597958;7.327977188047034
415;26;16;15.723150596731621;15.723150596731621;14.785980150626848
416;19;15;20.58453710818169;20.58453710818169;16.83920556116099
417;4;14;26.463954722274234;26.463954722274234;14.841960395644119
418;30;15;10.616455883979526;10.616455883979526;10.057803647459345
419;2;16;13.925026096323299;13.925026096323299;10.39164134234986
420;6;12;13.011763067929296;13.011763067929296;10.651605113223917
421;11;14;10.97562123471402;10.97562123471402;9.760327673326769
422;37;17;8.219308979362825;8.219308979362825;8.623338744717607
423;33;13;8.296857173531787;8.296857173531787;8.238012141950728
424;1;10;32.03188161429596;32.03188161429596;14.669618198050376
425;54;16;7.741595738268419;7.741595738268419;7.8638514016277945
426;4;14;25.828320611970558;25.828320611970558;17.017860384096505
427;3;15;22.574769491178717;22.574769491178717;11.306427589202233
428;10;12;15.295478920531139;15.295478920531139;10.229067035532378
429;3;14;15.89981044292363;15.89981044292363;11.10277782033742
430;1;14;19.214974247518732;19.214974247518732;9.6824134040361
431;79;15;14.610710360690424;14.610710360690424;14.38624210697468
432;2;16;17.76775510457011;17.76775510457011;11.710140707957722
433;11;11;11.083926859545524;11.083926859545524;8.159017661648846
434;10;15;13.717083628294025;13.717083628294025;11.243145387336002
435;93;17;7.095448856234769;7.095448856234769;7.88511947707527
436;31;16;13.804155273077507;13.804155273077507;13.027559113926515
437;29;15;10.717742788703953;10.717742788703953;10.225807581925466
438;21;16;16.929845626554986;16.929845626554986;13.366346943335975
439;20;15;11.433392954996204;11.433392954996204;10.91692295982044
440;19;15;17.719362269361433;17.719362269361433;14.782183987151091
441;23;16;11.857342840827092;11.857342840827092;10.760904981659388
442;31;16;9.183832028711917;9.183832028711917;8.742298961835782
443;13;16;14.132895734354463;14.132895734354463;11.895224925817713
444;25;15;10.496171924373407;10.496171924373407;10.422023631107615
445;23;16;9.450108756134545;9.450108756134545;8.79684509697124
446;47;17;8.684200999110137;8.684200999110137;8.92658880209637
447;27;14;7.2679449697239145;7.2679449697239145;7.003735864243307
448;2;16;15.176878849486338;15.176878849486338;10.447158842673504
449;0;12;20.926902198560583;20.926902198560583;8.985038771602587
450;4;15;14.25564395541552;14.25564395541552;9.219260702564458
451;11;17;16.311856100478415;16.311856100478415;13.540267540951442
