Skewness: 1.0580956324261468, Average LID: LPCA: 9.149038461538462  |||  MLE: 6.795363028006203  |||  MLENB: 6.795363028006203  |||  TLE: 6.178434745719195
LPCA: -0.18702187854007  |||  MLE: -0.3512064973357244  |||  MLENB: -0.3512064973357244  |||  TLE: -0.3252973711778631
node;in_degree;local_intrinsic_dimensionality_LPCA;local_intrinsic_dimensionality_MLE;local_intrinsic_dimensionality_MLENB;local_intrinsic_dimensionality_TLE
0;18;11;7.646065890434817;7.646065890434817;7.386616191430204
1;11;10;3.889455134674864;3.889455134674864;3.908225212116224
2;4;10;16.599444632879326;16.599444632879326;11.008057087983422
3;7;11;9.448192197687524;9.448192197687524;8.420677581244378
4;11;12;14.9793156247208;14.9793156247208;10.52018075930738
5;7;9;7.423930698437577;7.423930698437577;6.264115686438698
6;10;9;16.83253675769192;16.83253675769192;12.524849733279671
7;8;11;18.07630832897995;18.07630832897995;14.747087561030943
8;7;8;12.313692366832722;12.313692366832722;9.902476012772006
9;23;5;5.4258862650879;5.4258862650879;4.397908955299492
10;30;8;6.9500700414579475;6.9500700414579475;6.57979649612621
11;14;8;8.695311464970603;8.695311464970603;6.433836200933761
12;15;12;7.004952034772143;7.004952034772143;6.2879385984614125
13;18;11;15.18354947529601;15.18354947529601;12.712117273349946
14;19;13;9.564904338863897;9.564904338863897;9.454741750135959
15;8;11;17.452765905011375;17.452765905011375;13.822072328019441
16;28;9;17.381700620789378;17.381700620789378;14.265797994852411
17;4;9;8.901211744929855;8.901211744929855;6.811405420578409
18;20;8;7.4058991651145405;7.4058991651145405;6.21964960465233
19;11;10;7.456188524290608;7.456188524290608;6.2072891082607455
20;14;11;13.991240794494923;13.991240794494923;12.370827685662164
21;15;10;8.433865871097595;8.433865871097595;7.330447797534788
22;10;11;5.129069294566141;5.129069294566141;4.502949380689296
23;27;9;6.107325419252314;6.107325419252314;6.352660779769859
24;9;9;6.949014646102233;6.949014646102233;6.046180202326476
25;17;9;6.54674972177282;6.54674972177282;5.624980578933927
26;33;10;11.120497392798972;11.120497392798972;9.970952972429965
27;5;7;22.962749996599285;22.962749996599285;11.521379032006717
28;24;13;5.679333521436841;5.679333521436841;5.34392997065954
29;3;10;17.04873409456804;17.04873409456804;10.766840139966908
30;11;7;11.98316224301624;11.98316224301624;7.234467809821226
31;9;8;22.337548368048175;22.337548368048175;13.045715368624137
32;15;10;8.935413714929366;8.935413714929366;7.249077798071637
33;8;8;9.528770344482368;9.528770344482368;8.443128226998374
34;7;11;15.258487937536;15.258487937536;13.44943699605741
35;9;9;13.055460207973658;13.055460207973658;9.166911511745804
36;22;9;4.965795976608441;4.965795976608441;4.623297114542507
37;19;8;5.615608089237016;5.615608089237016;5.333371774159309
38;19;7;6.457034300762942;6.457034300762942;5.2518374654773865
39;27;11;9.470451981615419;9.470451981615419;8.504438978247677
40;19;9;8.003577766778278;8.003577766778278;6.944837936174296
41;37;10;5.367861196350519;5.367861196350519;5.710115714411477
42;12;8;6.878137562150182;6.878137562150182;6.345654139648866
43;4;8;6.531321676637316;6.531321676637316;5.490938058786406
44;10;11;9.808051515074961;9.808051515074961;8.075697632250444
45;12;9;7.826245559200759;7.826245559200759;7.006583542773443
46;10;10;5.860617603141635;5.860617603141635;5.053967847422113
47;18;11;7.454504341431713;7.454504341431713;7.478613278726115
48;22;10;6.6081016428252415;6.6081016428252415;7.246775494758201
49;25;8;6.282252815138609;6.282252815138609;6.35004435014235
50;19;8;6.3245097259100564;6.3245097259100564;5.4103692788079485
51;31;11;10.566858579968148;10.566858579968148;9.493252339886723
52;50;8;4.892450709798621;4.892450709798621;4.800748132338824
53;64;8;4.134900766385371;4.134900766385371;4.827307393755382
54;70;9;3.1249771422496155;3.1249771422496155;3.7322097572512964
55;55;8;3.2489311254139874;3.2489311254139874;3.864500559272307
56;54;7;3.2753401846134444;3.2753401846134444;3.740108781188756
57;38;10;4.113918825410433;4.113918825410433;4.609259707999774
58;21;7;2.6659729462827095;2.6659729462827095;3.6142554150420705
59;27;9;3.171245724296045;3.171245724296045;3.9829886945937805
60;19;8;2.685855968093337;2.685855968093337;3.7146645473803512
61;19;7;3.4263311531367915;3.4263311531367915;4.308261034945972
62;22;9;3.220192161127554;3.220192161127554;3.903308605442556
63;36;9;6.695802619049273;6.695802619049273;6.364428220744161
64;17;10;3.314234314538352;3.314234314538352;4.3107127707824
65;17;9;3.077365484314724;3.077365484314724;4.334319239549202
66;17;8;4.062870407476374;4.062870407476374;5.179960146039881
67;19;10;2.8956782047746503;2.8956782047746503;3.9568237856648723
68;22;10;6.795283546465438;6.795283546465438;6.938246503720266
69;7;8;3.372536360925205;3.372536360925205;3.680640266886681
70;7;8;3.4015087229632006;3.4015087229632006;4.101777604093116
71;10;8;2.978405605516831;2.978405605516831;3.517939498440881
72;8;8;3.3484835368845065;3.3484835368845065;3.9944805374589794
73;19;7;8.7806131065516;8.7806131065516;6.7600694895728255
74;18;10;3.762598742167486;3.762598742167486;3.732068877814253
75;13;9;3.7270743269463193;3.7270743269463193;4.301776559929222
76;10;10;3.471704003660783;3.471704003660783;3.9654532451941393
77;29;10;3.854785599212945;3.854785599212945;4.285876399435112
78;19;11;4.2586218081440474;4.2586218081440474;4.414110269893787
79;25;9;6.804578130571905;6.804578130571905;6.137321669294532
80;14;10;6.032267957294498;6.032267957294498;5.527326914893634
81;25;10;4.835040828016536;4.835040828016536;5.5182801170433535
82;15;9;5.4699629187420475;5.4699629187420475;5.57780122358001
83;22;11;4.824831339914995;4.824831339914995;5.4624575320642
84;27;12;4.603011411513048;4.603011411513048;4.923103173859063
85;7;9;4.279136721099603;4.279136721099603;5.1526125112370735
86;7;9;4.104002028863614;4.104002028863614;5.367055800743931
87;7;11;4.807311270333386;4.807311270333386;6.155236600480916
88;21;8;7.521761423941968;7.521761423941968;7.142297144492319
89;8;10;4.412905604163795;4.412905604163795;5.490090191650484
90;5;8;12.205818207791184;12.205818207791184;8.672372842373303
91;2;11;16.7495587109192;16.7495587109192;7.8407639202599375
92;29;10;3.1884282787558496;3.1884282787558496;3.1979396919210568
93;8;9;5.736195702484039;5.736195702484039;4.038887607576119
94;26;10;3.092099547715984;3.092099547715984;3.1160691342866222
95;12;8;7.606275243163823;7.606275243163823;7.289267724481873
96;13;7;7.105811555811405;7.105811555811405;6.704231326856172
97;35;10;8.886630770416346;8.886630770416346;8.684737185837674
98;4;11;14.519609947727892;14.519609947727892;12.530824694787835
99;14;9;14.834234815566257;14.834234815566257;9.822001883232357
100;7;10;4.032164436616115;4.032164436616115;4.092305324159906
101;6;11;4.5196884919765274;4.5196884919765274;4.538911533504478
102;8;10;4.905485466809171;4.905485466809171;5.205936795901315
103;10;8;6.564386686555907;6.564386686555907;6.2395862025713065
104;9;7;7.677022653339518;7.677022653339518;6.714160115006234
105;42;9;5.427175453657161;5.427175453657161;5.638749845223726
106;38;13;4.401486651780131;4.401486651780131;5.02307509939186
107;33;12;4.2271002467991625;4.2271002467991625;4.8369697338918085
108;30;12;3.093126673833644;3.093126673833644;3.7189776104623933
109;38;7;7.102050277721979;7.102050277721979;6.646925405564201
110;34;7;5.577986550418964;5.577986550418964;5.421950823138289
111;19;11;4.130509665992629;4.130509665992629;4.143850696583735
112;28;10;4.142199474962437;4.142199474962437;4.49837205632392
113;45;12;3.8793118094281267;3.8793118094281267;4.430017523539302
114;52;9;10.667302720890182;10.667302720890182;10.315348415231755
115;43;13;3.91220472112451;3.91220472112451;4.352975349893429
116;37;10;5.899107245562338;5.899107245562338;5.891076895490107
117;32;7;3.620595825239489;3.620595825239489;3.9672232230424265
118;28;6;3.3806994518001763;3.3806994518001763;3.4615964838881133
119;33;7;4.014030195918159;4.014030195918159;4.652952415968143
120;33;5;5.121493190293454;5.121493190293454;4.9439470917467245
121;30;8;3.1934878024734425;3.1934878024734425;3.973018353724947
122;23;9;2.8775023733615948;2.8775023733615948;3.439692381936045
123;36;9;3.3648948938881476;3.3648948938881476;4.177600281215462
124;42;7;5.280023107052754;5.280023107052754;5.261517312953872
125;35;9;5.385375614095466;5.385375614095466;5.065316259032892
126;19;10;5.09134737296595;5.09134737296595;5.32660442843437
127;7;9;6.3117584924334285;6.3117584924334285;5.420388161695981
128;27;13;5.335571766684446;5.335571766684446;5.696424739596495
129;23;9;5.841444974965569;5.841444974965569;5.980708201056272
130;10;10;4.449869214075017;4.449869214075017;4.403421417728884
131;7;11;3.9360605644663824;3.9360605644663824;4.741749865179771
132;6;11;4.116506732876485;4.116506732876485;5.207414960165342
133;7;10;4.092223575894694;4.092223575894694;4.90422645063667
134;5;10;3.9111378899715583;3.9111378899715583;4.50698283542661
135;6;10;3.7483108093592956;3.7483108093592956;4.241414667975232
136;6;11;4.271110301894516;4.271110301894516;5.191335564782506
137;4;11;19.274620586065115;19.274620586065115;14.854992176520422
138;4;10;19.962443465905416;19.962443465905416;9.889358782932058
139;41;9;8.341091331825593;8.341091331825593;5.841661694388516
140;12;8;6.365134837534001;6.365134837534001;5.873361988910836
141;8;8;6.987795020539662;6.987795020539662;6.52932913125895
142;20;10;7.559352205299862;7.559352205299862;7.859645709553865
143;10;11;5.909332041874271;5.909332041874271;6.165101374577563
144;15;11;6.8362602497196;6.8362602497196;7.083171981050885
145;20;11;9.811922169178649;9.811922169178649;8.697875136482681
146;10;11;6.704184374472658;6.704184374472658;6.737088619375243
147;4;9;13.099930817716468;13.099930817716468;10.143530242165728
148;3;11;16.311218994593517;16.311218994593517;11.770274216333227
149;11;10;14.9802184394044;14.9802184394044;13.718877558111211
150;9;12;5.872894975853197;5.872894975853197;5.251190187864445
151;30;11;6.595183815418701;6.595183815418701;6.2674021239730235
152;7;10;8.386067134723154;8.386067134723154;7.230948466661162
153;20;10;5.815335478085233;5.815335478085233;6.1558765475285595
154;27;9;8.189889374064935;8.189889374064935;7.955378349969147
155;22;9;6.524820025122247;6.524820025122247;6.342566266463853
156;16;9;3.425482096499134;3.425482096499134;4.456306006088934
157;20;10;3.0668671446040188;3.0668671446040188;4.427489961218538
158;17;10;2.973403591150928;2.973403591150928;3.842412103474283
159;19;9;4.2288218666202875;4.2288218666202875;5.11789942869806
160;18;9;3.8701555446099896;3.8701555446099896;5.002725748891845
161;16;10;3.3966815632396954;3.3966815632396954;4.860856453038283
162;39;8;10.868152441479143;10.868152441479143;8.163693065543429
163;16;9;9.160346330256402;9.160346330256402;8.689439172229509
164;6;11;8.360332614390465;8.360332614390465;7.750689341420589
165;11;10;6.191589636947028;6.191589636947028;6.00663142812147
166;20;7;12.930525024515013;12.930525024515013;10.807204689958391
167;10;10;6.612343918908523;6.612343918908523;6.265362279314842
168;11;10;3.8785115842005835;3.8785115842005835;4.279202460738141
169;11;9;4.33878190681156;4.33878190681156;4.6867721952961645
170;10;9;4.595053952995282;4.595053952995282;4.881861682249434
171;10;8;12.114570667847092;12.114570667847092;9.799485714616193
172;13;10;14.22978992431344;14.22978992431344;8.839986743044166
173;12;9;13.958599216012137;13.958599216012137;11.410539369852476
174;14;8;8.657312977820425;8.657312977820425;7.400236644935913
175;14;8;7.264278698232253;7.264278698232253;7.006233673220038
176;11;7;8.995648683139754;8.995648683139754;8.487110453271073
177;36;6;7.819220566539956;7.819220566539956;6.130455536042933
178;47;9;4.23771570516793;4.23771570516793;4.256040420052872
179;36;9;9.280811649953064;9.280811649953064;6.547345779017248
180;12;8;4.358056309731567;4.358056309731567;4.430591828763998
181;14;10;6.064585377684712;6.064585377684712;6.322503469308899
182;12;9;4.505794626061281;4.505794626061281;5.753182893173939
183;12;9;3.5540956962577215;3.5540956962577215;4.315764743347397
184;11;7;4.918602990809319;4.918602990809319;4.519763681800308
185;11;6;3.861475018656206;3.861475018656206;4.522677069666625
186;14;9;6.891761576876395;6.891761576876395;5.972047753180092
187;32;9;3.4844491345027064;3.4844491345027064;3.449400923402086
188;32;9;2.7947784495245322;2.7947784495245322;3.025634700414982
189;49;8;2.516009136459144;2.516009136459144;2.991466435036717
190;47;9;2.644875122610901;2.644875122610901;3.3263020716604643
191;49;7;2.449615469242274;2.449615469242274;3.194229979288188
192;43;7;2.890904151588396;2.890904151588396;3.697587061190103
193;39;8;2.8730247672889675;2.8730247672889675;3.5207631797063232
194;38;7;6.658351924761498;6.658351924761498;6.001753449054999
195;31;7;2.5700788929386804;2.5700788929386804;3.1571485551722067
196;22;6;2.4845484818609522;2.4845484818609522;3.3504075703846734
197;33;7;2.2284880613186617;2.2284880613186617;2.9277034117285283
198;29;8;2.1550065314707543;2.1550065314707543;2.779209507040547
199;28;6;2.397437963488085;2.397437963488085;3.0329456317897665
200;23;7;2.8088897861975037;2.8088897861975037;3.4497520026952744
201;28;6;2.7862488174963236;2.7862488174963236;3.5427351150194624
202;14;8;3.8198034518882564;3.8198034518882564;3.5177951344410796
203;25;9;4.677838185569263;4.677838185569263;4.634576936873973
204;15;8;3.553106077002085;3.553106077002085;3.5575998892600755
205;13;9;3.078536852039948;3.078536852039948;3.111802160344944
206;24;6;4.914098277776869;4.914098277776869;4.784521469552145
207;28;6;4.913712047721104;4.913712047721104;4.566729370605087
