Skewness: 0.6500646147003835, Average LID: LPCA: 7.521367521367521  |||  MLE: 9.27754391351066  |||  MLENB: 9.27754391351066  |||  TLE: 3.933164270247799
LPCA: 0.03293125381704888  |||  MLE: -0.57465390056476  |||  MLENB: -0.57465390056476  |||  TLE: -0.423547902899443
node;in_degree;local_intrinsic_dimensionality_LPCA;local_intrinsic_dimensionality_MLE;local_intrinsic_dimensionality_MLENB;local_intrinsic_dimensionality_TLE
0;26;4;5.086314570127781;5.086314570127781;4.456233795935049
1;7;6;10.089579251311845;10.089579251311845;4.916219387375456
2;39;5;7.15542296430579;7.15542296430579;5.351955061976723
3;1;9;24.865958599433075;24.865958599433075;6.667500340945491
4;20;4;6.802372762471858;6.802372762471858;5.185834745654875
5;100;13;2.1589323521758796;2.1589323521758796;2.9239090168365296
6;18;5;3.3772514686645634;3.3772514686645634;3.2053509493966255
7;3;10;22.876255929097752;22.876255929097752;5.915612067124716
8;20;5;3.0771390163671675;3.0771390163671675;3.128840944989502
9;67;14;3.688421714567263;3.688421714567263;3.323929599117737
10;17;6;2.6301722487667725;2.6301722487667725;2.7389763314291455
11;0;8;19.89486703718891;19.89486703718891;4.33326406812267
12;24;4;3.2077957535906565;3.2077957535906565;2.8926885822243262
13;2;8;21.94543635968497;21.94543635968497;3.4257427561816187
14;22;6;4.451224961921309;4.451224961921309;2.4712239826062095
15;3;7;20.57182649919293;20.57182649919293;5.687836161402231
16;79;7;3.3480100180267716;3.3480100180267716;3.0157248942869535
17;0;15;21.655695829630076;21.655695829630076;4.334267598276573
18;37;10;7.427624925219435;7.427624925219435;4.814308018958768
19;0;6;40.223462218052376;40.223462218052376;8.801878004922784
20;29;4;3.2295324231969667;3.2295324231969667;2.783747583992689
21;0;13;13.750207771064337;13.750207771064337;4.019952496507958
22;62;8;5.9493331238137985;5.9493331238137985;5.135156108579822
23;0;14;21.66865236609566;21.66865236609566;5.390847659432541
24;41;6;4.867216404290068;4.867216404290068;3.8804865337719403
25;3;6;5.706258511150588;5.706258511150588;2.8601407940695283
26;12;6;4.675174047034274;4.675174047034274;3.3663045337589486
27;0;12;15.019453686214712;15.019453686214712;3.9371610871665856
28;12;4;4.2207392173231355;4.2207392173231355;3.138762698913927
29;0;11;43.35089314532702;43.35089314532702;9.213959266738879
30;19;5;4.021418059207004;4.021418059207004;2.8264831938253914
31;0;10;52.565212486442825;52.565212486442825;5.173445599915423
32;28;3;3.4095553591861254;3.4095553591861254;3.1207476202638516
33;2;8;23.50583368156806;23.50583368156806;7.221572556034239
34;7;10;18.655470473417395;18.655470473417395;3.9381514695435524
35;4;9;42.818707261970225;42.818707261970225;5.807149942003675
36;70;5;3.036058512389293;3.036058512389293;2.9484111730594025
37;0;11;22.32653216433995;22.32653216433995;4.792737245206918
38;76;6;4.185930817771639;4.185930817771639;3.7559159435047533
39;11;8;12.25762466186238;12.25762466186238;4.987633017185052
40;31;3;2.245234167405609;2.245234167405609;2.7558292299011664
41;0;12;27.46031333574451;27.46031333574451;5.816294078293264
42;36;3;3.8363962982233506;3.8363962982233506;3.653444965692966
43;0;9;63.876525037801365;63.876525037801365;7.254175232944794
44;21;5;2.9511819563907746;2.9511819563907746;3.0684617870072057
45;0;8;18.466937021031505;18.466937021031505;5.6302851368632725
46;33;4;2.957470482559598;2.957470482559598;2.6219105899855477
47;10;13;17.46330331074023;17.46330331074023;7.011651734678937
48;65;7;3.5721173621723437;3.5721173621723437;3.2775682516246047
49;5;14;9.620249559912981;9.620249559912981;3.9585411310082246
50;8;7;18.01678647970895;18.01678647970895;4.829356604103669
51;0;8;50.58674306902062;50.58674306902062;8.203840945718587
52;18;2;2.3916777754807668;2.3916777754807668;1.9219943472644414
53;0;14;17.67864657550474;17.67864657550474;4.2900674127208465
54;34;5;3.4468877132396964;3.4468877132396964;2.973015677778122
55;1;10;18.7629396586014;18.7629396586014;5.446903335528405
56;17;7;9.015764624297029;9.015764624297029;3.9030429748537756
57;0;10;31.497120318479602;31.497120318479602;6.712595941799677
58;47;8;3.6461524805196843;3.6461524805196843;2.75293345783217
59;2;16;10.779487530783163;10.779487530783163;4.209748790846097
60;33;5;6.016392677122603;6.016392677122603;4.307388723477702
61;8;8;11.483515238623022;11.483515238623022;4.8662638168726495
62;30;4;2.611538137271362;2.611538137271362;2.9661402679770426
63;4;4;30.357852929080504;30.357852929080504;8.807230621231518
64;7;9;21.64971512696673;21.64971512696673;5.719305268962996
65;2;8;18.800887618058667;18.800887618058667;3.8938405114438988
66;17;7;6.679952733265528;6.679952733265528;3.66766414418397
67;1;6;46.85053686487237;46.85053686487237;4.399641534120278
68;28;3;2.1692116331772433;2.1692116331772433;2.1335865040024027
69;0;7;41.01833918543447;41.01833918543447;4.091760583458629
70;21;3;5.037668325902602;5.037668325902602;3.5787785653375526
71;0;9;32.632481513604176;32.632481513604176;8.148467811146412
72;28;4;2.371863710497845;2.371863710497845;2.7936421972387953
73;48;8;6.212048280701583;6.212048280701583;3.9904832551148623
74;24;5;2.905308283798853;2.905308283798853;3.0971752126937497
75;1;8;47.97783487021897;47.97783487021897;6.275693698358323
76;28;4;3.1755253425972727;3.1755253425972727;3.281102728913276
77;1;6;13.893864083414723;13.893864083414723;4.450005208224412
78;14;2;3.599475745432083;3.599475745432083;2.6479786340857876
79;1;8;36.1616595686231;36.1616595686231;9.191689040086324
80;10;4;7.14828470270723;7.14828470270723;3.2846696796412815
81;1;7;47.76422309709473;47.76422309709473;3.696118983836453
82;34;3;2.1955898448298856;2.1955898448298856;2.714654264969752
83;70;5;6.421795825733024;6.421795825733024;4.912315789476937
84;69;8;4.539660512000608;4.539660512000608;4.114693498737405
85;4;11;12.959885133671369;12.959885133671369;5.769277367676975
86;66;7;5.129219038417874;5.129219038417874;4.6820845673938924
87;5;11;15.054130395203813;15.054130395203813;5.813562606880077
88;104;9;3.7824526375386545;3.7824526375386545;3.870798991181368
89;78;5;5.64102893084366;5.64102893084366;4.362934389582648
90;32;4;5.417525360634074;5.417525360634074;4.301683221916875
91;7;8;16.81683008156203;16.81683008156203;6.947518103427648
92;45;10;6.882425582269856;6.882425582269856;5.078830316382235
93;15;6;9.862508646869873;9.862508646869873;4.464695305885971
94;86;10;4.120995777045847;4.120995777045847;3.828795949452548
95;24;3;4.517179521734048;4.517179521734048;3.4246471307632316
96;25;3;1.721972288432134;1.721972288432134;2.1120582165386668
97;26;3;1.8103076929620179;1.8103076929620179;2.1683047347123705
98;1;11;18.387649322456504;18.387649322456504;5.425242302300674
99;84;7;3.611057527627681;3.611057527627681;3.6125729971908314
100;1;6;22.425043381550925;22.425043381550925;7.836276400431332
101;52;5;3.046873952229725;3.046873952229725;2.8246147258316676
102;71;11;0.0;0.0;3.6577717723148453
103;35;5;4.093820575173141;4.093820575173141;3.0651621591964258
104;19;7;12.981961449051303;12.981961449051303;5.966624037800202
105;19;5;8.159950923209875;8.159950923209875;3.4216579413560226
106;46;10;8.58229646836144;8.58229646836144;4.955726694716194
107;66;6;3.6203759067113124;3.6203759067113124;3.156370426085759
108;18;9;10.188201077316128;10.188201077316128;4.909695084491913
109;10;6;4.188369750034662;4.188369750034662;2.9212838804664614
110;9;9;20.431126259570444;20.431126259570444;7.6515558540870305
111;32;4;1.7650638535986605;1.7650638535986605;2.1343124356613243
112;13;8;13.76287219386437;13.76287219386437;5.471889124234377
113;31;3;1.999598357920485;1.999598357920485;2.4172304149372126
114;51;14;5.381459085792999;5.381459085792999;3.791817597971175
115;119;4;3.4135595848227878;3.4135595848227878;3.1628309798966914
116;33;9;7.592170582706091;7.592170582706091;5.234820355826983
117;71;8;4.537496971919235;4.537496971919235;4.2895082274774
118;8;14;10.607171231729692;10.607171231729692;4.9514470111481685
119;52;7;4.2475167581404465;4.2475167581404465;3.214239249158061
120;67;3;6.325512281477098;6.325512281477098;4.412331745878257
121;9;6;30.48929238785719;30.48929238785719;6.639178402794941
122;13;10;7.80533582367609;7.80533582367609;3.972521525380724
123;107;9;3.319885450602383;3.319885450602383;3.2041820288546936
124;4;11;14.925484420117522;14.925484420117522;4.9285977113299175
125;26;6;5.490627910972942;5.490627910972942;4.341339045161761
126;3;10;14.917482207462095;14.917482207462095;5.118397233921784
127;76;8;2.343311751248496;2.343311751248496;2.582162680463898
128;13;10;12.000141161917165;12.000141161917165;4.711361315254539
129;77;8;1.6223106785308379;1.6223106785308379;2.023672301055498
130;11;11;13.502009574150826;13.502009574150826;5.227618939385987
131;124;5;4.252162961556151;4.252162961556151;4.000217156130065
132;1;9;27.03796617698177;27.03796617698177;6.227156893442871
133;47;3;4.163725177463883;4.163725177463883;3.650913824484929
134;2;11;17.06673401448532;17.06673401448532;4.871969539263799
135;35;3;2.008195335388819;2.008195335388819;2.2913941048800863
136;1;6;18.632777225779083;18.632777225779083;6.182871399200666
137;85;11;3.924946237500068;3.924946237500068;3.773483865591358
138;83;12;2.4396945971465174;2.4396945971465174;2.904461556197521
139;31;9;10.421370163384216;10.421370163384216;6.360799716243141
140;7;16;12.016869406445092;12.016869406445092;5.217393978332831
141;85;9;1.7792408083866367;1.7792408083866367;2.18230899273127
142;8;4;12.61220220127494;12.61220220127494;4.356730976927717
143;116;11;2.2348988651282964;2.2348988651282964;2.9458779809035534
144;68;9;5.517074346842731;5.517074346842731;5.137409890279461
145;149;13;2.5643985758918797;2.5643985758918797;3.130736756884315
146;66;10;4.293195998647963;4.293195998647963;3.4702814531015544
147;67;7;1.8071384205467107;1.8071384205467107;2.1131718293335067
148;6;7;14.650208925413255;14.650208925413255;4.137022398784421
149;73;7;1.926276565053394;1.926276565053394;2.311421689466871
150;81;13;4.602473584591507;4.602473584591507;3.601833403477272
151;76;7;3.767215044051346;3.767215044051346;3.845743130632454
152;106;13;1.9110237037465672;1.9110237037465672;2.7773631181562566
153;44;4;1.507544431963029;1.507544431963029;2.0036198117153545
154;110;16;1.8700604267248087;1.8700604267248087;2.741917277557426
155;100;7;3.4798713075229246;3.4798713075229246;3.62515675856406
156;107;12;1.8014446203324308;1.8014446203324308;2.6878588658772817
157;98;4;4.065495690025968;4.065495690025968;3.287182495649685
158;108;8;2.392355698444355;2.392355698444355;2.7126610291483173
159;27;4;3.030689350738834;3.030689350738834;3.2736569212086697
160;112;13;1.8034665473571;1.8034665473571;2.6918562867413134
161;109;8;4.237329626668843;4.237329626668843;3.9894249142494553
162;0;9;39.686358235816996;39.686358235816996;8.610260435320793
163;25;3;2.0934679390860893;2.0934679390860893;2.474591714082333
164;0;3;14.71652581219508;14.71652581219508;4.773224276625689
165;17;4;2.2313967083991706;2.2313967083991706;2.4727336389376284
166;0;18;17.107494805460107;17.107494805460107;4.57106966501116
167;14;4;3.9002454560180166;3.9002454560180166;3.4198755489675268
168;90;12;3.746713181275065;3.746713181275065;3.4738603265340973
169;31;8;9.242177623614188;9.242177623614188;4.790331850527623
170;0;12;19.499280154387545;19.499280154387545;5.170026573569019
171;31;9;8.371717765919104;8.371717765919104;4.913956554349532
172;2;16;13.00606910211424;13.00606910211424;4.6212264222469415
173;10;9;7.282944346709754;7.282944346709754;3.3767634747310447
174;57;8;7.253091603413957;7.253091603413957;4.398644397144913
175;19;9;5.527916852607472;5.527916852607472;2.778555676871137
176;1;10;15.88200542425518;15.88200542425518;4.9285504165175915
177;39;8;6.465906352363211;6.465906352363211;4.369914448500734
178;109;11;2.3678594918137;2.3678594918137;3.065016975949787
179;17;6;2.6284258400875804;2.6284258400875804;2.7757308949557418
180;4;10;23.73063507628743;23.73063507628743;7.2426105131067775
181;22;4;4.555107791837257;4.555107791837257;4.091011119376981
182;0;11;22.996007796231382;22.996007796231382;5.74426689561638
183;21;5;3.994988520342756;3.994988520342756;3.701620576431885
184;0;7;40.336102833759206;40.336102833759206;6.624712646754727
185;29;4;1.8471100464559653;1.8471100464559653;2.3343657752151286
186;0;8;50.64010450912924;50.64010450912924;7.236768397957504
187;22;3;2.691227215133878;2.691227215133878;2.1320695607422215
188;0;14;18.947859647063712;18.947859647063712;4.720343339212487
189;7;4;8.645864147717244;8.645864147717244;4.10519122591326
190;4;9;15.335267645454067;15.335267645454067;4.611752084265662
191;83;6;5.513183373424203;5.513183373424203;4.383049855748142
192;7;15;7.36937881043737;7.36937881043737;3.9689242459729317
193;36;5;7.244966288971153;7.244966288971153;5.227553308896853
194;2;14;18.231186024744417;18.231186024744417;5.1745306763233705
195;18;8;11.699182792935272;11.699182792935272;4.974115223903688
196;0;8;17.94924071359222;17.94924071359222;5.773896512142871
197;11;8;8.174017597642376;8.174017597642376;3.693602025116364
198;6;15;14.419047792508872;14.419047792508872;5.122874739930874
199;20;7;5.617541185957372;5.617541185957372;3.432137765174052
200;0;11;29.164427668734874;29.164427668734874;4.885877346107572
201;19;5;2.7453449291456815;2.7453449291456815;2.765906994601451
202;0;11;17.493383500067576;17.493383500067576;4.592858967005648
203;76;8;3.3174977511948827;3.3174977511948827;3.1904236968138924
204;0;7;22.539836023677637;22.539836023677637;5.387616961160958
205;70;7;3.500002271712251;3.500002271712251;3.063524513150901
206;0;12;18.11797825455161;18.11797825455161;4.314711836383538
207;46;7;4.897166196438244;4.897166196438244;3.868308486610867
208;17;14;5.795399258779321;5.795399258779321;3.702234592986295
209;5;11;17.869184406713245;17.869184406713245;4.460098357100733
210;0;11;27.730069186872996;27.730069186872996;5.925462288636691
211;107;8;2.987948661129308;2.987948661129308;2.9685093869414576
212;12;18;6.334256463866492;6.334256463866492;3.393040836909136
213;6;9;20.162381934520376;20.162381934520376;4.748476411054772
214;0;7;29.42840234864912;29.42840234864912;4.341745813871727
215;30;4;1.9499723631951977;1.9499723631951977;2.425818092875008
216;0;7;35.88399861992439;35.88399861992439;3.583279016394757
217;37;3;2.9959989917074754;2.9959989917074754;3.1053051350342735
218;3;7;35.83588202189479;35.83588202189479;8.211441237583207
219;27;3;2.0619498231259596;2.0619498231259596;2.356507380546392
220;0;14;20.356036409746686;20.356036409746686;8.158026687898298
221;49;3;3.7156520503507333;3.7156520503507333;3.411479356953518
222;0;10;45.49189327895651;45.49189327895651;3.7201322745193135
223;32;2;2.1416386886585577;2.1416386886585577;2.6005587706863977
224;5;9;16.46833695842907;16.46833695842907;5.421713267927935
225;28;3;1.9289974941158305;1.9289974941158305;2.2676398017946853
226;2;7;19.60248950784236;19.60248950784236;6.200122104337365
227;44;3;1.495523580308167;1.495523580308167;1.8735642654430131
228;1;8;32.458098047567184;32.458098047567184;4.719221386695601
229;28;4;6.190925633211801;6.190925633211801;4.631491645915406
230;61;11;4.409472669566505;4.409472669566505;3.401717333198904
231;77;8;1.664690179194013;1.664690179194013;2.1230072984113226
232;0;15;11.682997444501279;11.682997444501279;4.044173231342071
233;68;10;4.2145115606936985;4.2145115606936985;4.198393626877263
234;8;9;13.894265172522541;13.894265172522541;4.455887311640068
235;11;8;15.65858168054654;15.65858168054654;5.127957437766437
236;99;10;4.207323740155756;4.207323740155756;3.8895842797203883
237;72;8;3.4319790815471305;3.4319790815471305;3.7230027100356105
238;106;11;2.440014283942871;2.440014283942871;3.0484799356764465
239;73;7;3.9871372991675895;3.9871372991675895;4.075169577241138
240;31;13;6.106686958382872;6.106686958382872;3.937954791053492
241;89;9;3.408386913428226;3.408386913428226;3.299087042221359
242;16;9;8.74335521767974;8.74335521767974;4.393380157462217
243;98;9;3.7394720429319652;3.7394720429319652;3.788705342553569
244;5;8;19.22800798122472;19.22800798122472;5.6779690121489645
245;119;9;3.866122392448771;3.866122392448771;3.8867223745877406
246;15;13;8.476630482430652;8.476630482430652;4.53768924628123
247;94;9;3.5289718570074866;3.5289718570074866;3.8226202011393418
248;71;11;0.0;0.0;3.6577717723148453
249;70;3;4.219152530240335;4.219152530240335;3.6694164916026697
250;3;7;28.366331504622462;28.366331504622462;6.662228301917355
251;42;3;1.4610807732079887;1.4610807732079887;1.796667884055847
252;12;9;10.464404114953764;10.464404114953764;4.732922797291684
253;35;3;1.8719902173683907;1.8719902173683907;1.9083378784896559
254;68;3;5.040699008504101;5.040699008504101;4.289817761485421
255;28;3;1.9196183524854002;1.9196183524854002;2.3729781486825203
256;75;10;3.770660334692489;3.770660334692489;4.084187322017131
257;63;7;5.965950027532481;5.965950027532481;4.5743647661621205
258;79;8;3.6611721108481317;3.6611721108481317;3.6516009058655814
259;89;7;3.752624342821191;3.752624342821191;4.0170546840665375
260;107;9;3.4480228893469893;3.4480228893469893;3.501574625690157
261;35;3;2.3810445846713293;2.3810445846713293;2.668630406734643
262;29;3;2.0703535379748463;2.0703535379748463;2.4133072983833763
263;30;3;1.8833723129637436;1.8833723129637436;2.187264361528911
264;24;3;2.006237321944274;2.006237321944274;2.277907756821002
265;27;3;1.7255860586020662;1.7255860586020662;2.1181301075750913
266;67;3;4.643435583414528;4.643435583414528;3.8014151196318626
267;42;10;8.08437492265855;8.08437492265855;5.4347435968606055
268;60;9;6.07641305862669;6.07641305862669;4.749821451820305
269;77;9;4.174234538447393;4.174234538447393;4.047820547045842
270;85;8;2.0679715270394854;2.0679715270394854;2.405980422124148
271;48;9;5.7705265857119;5.7705265857119;4.34456445944332
272;37;9;8.00240214114209;8.00240214114209;5.157955314969457
273;79;9;3.515090496866697;3.515090496866697;3.87307785340016
274;78;10;4.348421068334807;4.348421068334807;4.231140173722259
275;71;8;4.0237784143191355;4.0237784143191355;3.98550079656895
276;79;8;3.4154226699543404;3.4154226699543404;3.6845954173354856
277;101;8;3.017728126609581;3.017728126609581;3.0428404699100287
278;33;3;2.1040274776299133;2.1040274776299133;2.3981438504583474
279;28;3;1.7442816873720957;1.7442816873720957;2.1361390519919987
280;33;3;1.7449577676886008;1.7449577676886008;2.1343643600428415
281;26;4;1.6722800483412998;1.6722800483412998;2.0764787169380603
282;38;3;2.0858494223718345;2.0858494223718345;2.277421138238038
283;51;3;1.9968512690791345;1.9968512690791345;2.3395003438200983
284;143;15;2.7446451135039096;2.7446451135039096;3.4592448343655966
285;30;11;8.636328140311807;8.636328140311807;5.426542134294656
286;105;7;4.4516691464552745;4.4516691464552745;3.9283806609307685
287;102;7;3.8522517592422068;3.8522517592422068;3.7870507165049285
288;26;8;7.871778990154958;7.871778990154958;4.396204285356649
289;77;7;4.592529464249832;4.592529464249832;3.5871591185565177
290;71;10;4.424212790724198;4.424212790724198;3.8819901573051814
291;59;7;4.993911751184719;4.993911751184719;4.126370433683806
292;55;6;5.543908701244611;5.543908701244611;4.669879341692529
293;81;8;5.7036184726284285;5.7036184726284285;4.539250958904761
294;66;9;6.638202652751692;6.638202652751692;5.329265184095997
295;81;9;3.794755209358468;3.794755209358468;3.891038606674537
296;37;3;2.0893881535009977;2.0893881535009977;2.3126801392136915
297;30;3;2.2381378558210017;2.2381378558210017;2.2303489858525696
298;34;3;2.1236526001602307;2.1236526001602307;2.182009810497951
299;40;4;1.8474516217963481;1.8474516217963481;2.1012813373630372
300;31;3;1.8143393759676265;1.8143393759676265;2.03770242292411
301;41;4;1.5764393780914678;1.5764393780914678;1.981331585868231
302;69;8;2.207814249951788;2.207814249951788;2.3088709680960355
303;90;8;2.04176876453018;2.04176876453018;2.3050613264789885
304;68;8;3.7955292974895904;3.7955292974895904;3.0988405645485977
305;33;7;6.840033140930879;6.840033140930879;4.680733102136992
306;89;8;4.3139832149124056;4.3139832149124056;3.617273978127861
307;19;4;2.4502790987446526;2.4502790987446526;2.335240074473381
308;33;3;2.333018819382852;2.333018819382852;2.545728477373938
309;41;4;1.6210599193210666;1.6210599193210666;1.9969919552323894
310;28;3;1.5912673388464444;1.5912673388464444;1.8513457703201992
311;32;4;1.6296148118405498;1.6296148118405498;1.9600355713780968
312;59;9;2.6438719901920544;2.6438719901920544;2.61409700394772
313;6;8;12.946954606478094;12.946954606478094;5.169693057266791
314;53;4;1.7908580662646174;1.7908580662646174;2.167698949026172
315;37;4;1.418506715278468;1.418506715278468;1.845298408287464
316;35;3;1.4954632506026457;1.4954632506026457;1.7681970369271218
317;14;8;11.298245199068013;11.298245199068013;5.09704198119482
318;84;8;3.0848688569797074;3.0848688569797074;3.2252715617686305
319;94;7;2.3187839273856463;2.3187839273856463;2.426166284398593
320;74;8;1.6932751168255586;1.6932751168255586;2.0399207655528295
321;98;8;2.558160176237744;2.558160176237744;2.7901524560514783
322;80;7;1.8774015746826955;1.8774015746826955;2.1727139147132184
323;81;12;4.998565358075036;4.998565358075036;4.5315332187174695
324;50;4;1.519088506448276;1.519088506448276;2.0080034360197945
325;39;3;1.408032621343267;1.408032621343267;1.8351310853178424
326;34;3;1.566930723859866;1.566930723859866;1.7884814465309034
327;31;4;3.239119785747732;3.239119785747732;2.7875512399253877
328;30;4;3.8509351284040614;3.8509351284040614;3.655118255527757
329;84;8;1.776982184729016;1.776982184729016;2.1555909993929077
330;83;8;3.1766298028999027;3.1766298028999027;2.9048466790060443
331;92;7;3.2922370765518445;3.2922370765518445;3.0993325568961194
332;113;8;3.2139469644006;3.2139469644006;3.170204076622998
333;71;8;1.619076096756991;1.619076096756991;2.074759632111536
334;75;8;1.5683537450880407;1.5683537450880407;2.0113315264978926
335;56;8;1.7203229691550426;1.7203229691550426;2.048576010446916
336;42;3;1.3975430028643359;1.3975430028643359;1.874767410578006
337;34;3;1.6483091299592103;1.6483091299592103;1.8209587482846163
338;58;3;4.213195258358855;4.213195258358855;3.724857495593396
339;27;3;2.2784574933375947;2.2784574933375947;2.783191511821886
340;72;13;3.7510808501087776;3.7510808501087776;3.30000366664862
341;72;7;1.6058993538060105;1.6058993538060105;2.0233973390982176
342;94;9;4.291225940345629;4.291225940345629;4.160326166124476
343;91;10;4.450776159597823;4.450776159597823;4.424653275416066
344;90;7;2.9096705356031296;2.9096705356031296;3.1514286827426004
345;8;9;11.54248127814018;11.54248127814018;5.607692618333497
346;75;7;5.0953161502315;5.0953161502315;4.064493635032771
347;86;8;1.7450379469512856;1.7450379469512856;2.1512954170412835
348;89;7;1.7780445869785988;1.7780445869785988;2.184351117390408
349;94;9;3.9922339444427326;3.9922339444427326;3.830882292392462
350;99;10;4.086933872372302;4.086933872372302;3.996684918838685
