Skewness: 0.41555004070429963, Average LID: LPCA: 7.589743589743589  |||  MLE: 6.477152741279537  |||  MLENB: 6.477152741279537  |||  TLE: 3.334267266300322
LPCA: -0.0850610088054101  |||  MLE: -0.6006179769608256  |||  MLENB: -0.6006179769608256  |||  TLE: -0.5099811471732387
node;in_degree;local_intrinsic_dimensionality_LPCA;local_intrinsic_dimensionality_MLE;local_intrinsic_dimensionality_MLENB;local_intrinsic_dimensionality_TLE
0;58;4;4.742100466636695;4.742100466636695;3.598642502381892
1;24;9;8.365301169524834;8.365301169524834;4.566752814640862
2;132;7;5.225252946646757;5.225252946646757;4.019858680361901
3;6;7;16.839969479040008;16.839969479040008;5.854693849081677
4;84;3;5.483372751535588;5.483372751535588;3.7900255945828034
5;164;13;2.255874721755567;2.255874721755567;2.7590808577579002
6;21;6;4.475411919097147;4.475411919097147;3.3774136316120993
7;5;10;12.320649395744212;12.320649395744212;4.192908096603353
8;26;5;3.813291426865057;3.813291426865057;3.05435762353913
9;147;10;3.3429727947052723;3.3429727947052723;3.068932740621465
10;20;6;3.6961466463588346;3.6961466463588346;2.902094668549742
11;3;9;13.006350389748459;13.006350389748459;3.0279663240209422
12;38;5;3.9844547564467065;3.9844547564467065;3.0687110954293133
13;6;11;9.793582366262235;9.793582366262235;2.9601554143613242
14;66;7;3.1538468812957965;3.1538468812957965;2.29329542849889
15;7;10;12.490895102321325;12.490895102321325;4.73957864666019
16;151;8;2.0308574006387845;2.0308574006387845;2.171134703005692
17;0;12;22.421473790657707;22.421473790657707;5.985368884990198
18;132;7;4.565542475569362;4.565542475569362;3.438945432883544
19;0;5;25.77785263415177;25.77785263415177;5.953337153901035
20;67;5;3.455010430373297;3.455010430373297;2.73508003948042
21;2;14;12.01694037135058;12.01694037135058;5.059902336630522
22;190;7;3.999899678914547;3.999899678914547;3.5163626570850095
23;1;15;14.187352255646553;14.187352255646553;4.669657188792994
24;109;6;3.9337140681763167;3.9337140681763167;3.1060649715055066
25;8;5;6.950210668113288;6.950210668113288;2.7073329919584097
26;21;8;5.778603303568;5.778603303568;3.4478148088740967
27;1;15;12.840285859563664;12.840285859563664;4.34579731696943
28;19;3;5.271451970641475;5.271451970641475;2.836818135224886
29;0;10;25.69032916333968;25.69032916333968;5.568025599216878
30;30;5;4.510241598423183;4.510241598423183;2.8428717373414525
31;2;13;20.820657721112152;20.820657721112152;3.2132757835942587
32;48;5;4.041851425258355;4.041851425258355;3.297502132519552
33;5;7;18.16000002699628;18.16000002699628;5.681512263145148
34;11;9;5.572775681818167;5.572775681818167;2.610968323825081
35;4;11;16.806798389315507;16.806798389315507;3.297051394215834
36;123;9;1.6919706005960022;1.6919706005960022;1.8692562031201143
37;0;10;17.532592180561664;17.532592180561664;5.081728755710519
38;167;7;2.545335657233248;2.545335657233248;2.581497883846336
39;26;6;10.480112541847356;10.480112541847356;4.402216344272665
40;43;3;3.166550752972567;3.166550752972567;3.1799189632410085
41;1;11;22.05721105120847;22.05721105120847;6.180487912577759
42;62;3;4.355244525766673;4.355244525766673;3.666404404582496
43;0;8;38.97703962183482;38.97703962183482;4.530769016860972
44;28;5;3.6427312449899736;3.6427312449899736;2.990959212118063
45;4;7;12.314405504195877;12.314405504195877;5.2083627326223825
46;66;6;3.418730148713437;3.418730148713437;2.7806557019364084
47;21;11;9.645590643490813;9.645590643490813;4.512064687519068
48;140;9;2.1134043465575374;2.1134043465575374;2.1541598357945704
49;15;12;8.111569888325969;8.111569888325969;3.9928845770857953
50;18;7;8.93473695767895;8.93473695767895;3.6584845719853636
51;1;6;27.722310815061153;27.722310815061153;5.549998770640765
52;29;6;3.3942893861166357;3.3942893861166357;2.7366578807346893
53;0;15;16.029685742573342;16.029685742573342;4.400277416692822
54;91;6;2.7620160496229573;2.7620160496229573;2.397956327729491
55;1;11;11.7344779833841;11.7344779833841;4.878491764858937
56;62;7;4.002998737868024;4.002998737868024;2.5857936067182834
57;0;9;18.600782221666297;18.600782221666297;4.936972466997742
58;118;7;2.347690399923635;2.347690399923635;2.2150961098161366
59;6;15;8.121365909879147;8.121365909879147;4.002543567183105
60;68;4;4.574601175940071;4.574601175940071;3.1720661449549987
61;45;10;7.719496425960611;7.719496425960611;4.229799343204912
62;41;4;3.5736814234915215;3.5736814234915215;3.2398128155173045
63;7;4;22.484954677830977;22.484954677830977;7.051905238690667
64;29;10;7.189167346607943;7.189167346607943;3.4883156949086334
65;11;7;7.797202539732193;7.797202539732193;3.046328071970203
66;97;11;2.4841580476103164;2.4841580476103164;2.2171423632730445
67;1;10;29.903003014044852;29.903003014044852;3.5183556908694054
68;39;6;2.923851626818198;2.923851626818198;2.834553964017185
69;0;7;24.290306928098186;24.290306928098186;3.403982514338184
70;29;4;4.750316153681663;4.750316153681663;2.869455752362777
71;0;9;25.42406620272694;25.42406620272694;6.035340484398544
72;36;3;3.2906478606957825;3.2906478606957825;3.0902095205579005
73;114;7;5.4548555088490325;5.4548555088490325;3.907487285188064
74;37;3;3.84654341848886;3.84654341848886;3.043336877254588
75;1;7;35.114395405283624;35.114395405283624;4.089075113583497
76;40;5;3.806196081566154;3.806196081566154;2.981216468282822
77;1;7;13.26634170644467;13.26634170644467;4.929788091297364
78;19;4;5.08265127139389;5.08265127139389;3.150489650620123
79;2;7;29.596414682588385;29.596414682588385;7.045098437353474
80;15;6;6.712347689252992;6.712347689252992;2.948505764632294
81;1;11;25.726924717387593;25.726924717387593;3.1334704316560873
82;46;3;3.0224251742977013;3.0224251742977013;3.048739259622283
83;149;4;5.068393833110759;5.068393833110759;4.134012475660633
84;206;7;3.8871705799760896;3.8871705799760896;3.6129329726341024
85;48;7;6.743495684042158;6.743495684042158;3.751558151160449
86;186;5;3.733182931461852;3.733182931461852;3.340237094209811
87;10;10;11.29365047557067;11.29365047557067;4.337102388297444
88;198;7;2.5030270612404473;2.5030270612404473;2.54551289104361
89;124;6;4.721644860935827;4.721644860935827;4.147117126918706
90;47;4;5.082481636357968;5.082481636357968;3.4014251389949743
91;17;8;9.768171797786609;9.768171797786609;4.586684421067078
92;181;7;3.752066487572531;3.752066487572531;3.0789014386445492
93;53;7;6.61980747134112;6.61980747134112;3.73276087138787
94;176;7;2.836554826470247;2.836554826470247;2.6772697595986568
95;31;7;4.282437264115148;4.282437264115148;3.4516686181608285
96;37;5;2.452548789236897;2.452548789236897;2.804609319197738
97;41;4;2.479810411613065;2.479810411613065;2.72733519378267
98;5;9;13.606387547582223;13.606387547582223;4.773980969882289
99;190;6;3.416630213295363;3.416630213295363;3.3698708907010273
100;1;6;12.168147913486965;12.168147913486965;4.550486926415256
101;109;9;1.7131395722174134;1.7131395722174134;1.8504745746266358
102;132;13;0.0;0.0;3.5636465701860827
103;90;7;3.172433358935259;3.172433358935259;2.595247925183779
104;58;8;7.888979275516263;7.888979275516263;4.309226759522007
105;37;7;4.445501472354253;4.445501472354253;2.57297782669371
106;104;11;5.155288373929636;5.155288373929636;3.656100653940573
107;129;10;2.0678438988858696;2.0678438988858696;2.1471668777307884
108;78;8;9.368739616150355;9.368739616150355;5.228430050928485
109;15;5;5.379871580046831;5.379871580046831;2.9205363684611947
110;22;8;12.328129864424753;12.328129864424753;5.410523384359251
111;52;4;2.440581776388735;2.440581776388735;2.788508730428349
112;29;7;9.86240998898278;9.86240998898278;4.57880654218073
113;47;4;2.4409465798050105;2.4409465798050105;2.7252538646035136
114;124;9;4.921145528412088;4.921145528412088;4.013686874856226
115;194;6;2.784873364023956;2.784873364023956;2.7393055386193286
116;101;6;5.417255917624571;5.417255917624571;4.019610503313537
117;173;7;3.375722631453468;3.375722631453468;3.091784978639823
118;28;13;7.115680527984271;7.115680527984271;4.0920210321961665
119;115;9;2.11902872054785;2.11902872054785;2.145707948564025
120;131;4;4.098744355254074;4.098744355254074;3.2570421346467673
121;14;8;12.566803284252947;12.566803284252947;3.7924713333257287
122;48;11;6.775412410591678;6.775412410591678;4.032837576743793
123;192;3;2.864792568003153;2.864792568003153;2.738494276978043
124;10;11;12.31136628557876;12.31136628557876;5.194004828626219
125;35;4;5.725863252975752;5.725863252975752;3.797560928398097
126;7;9;11.437460123327623;11.437460123327623;3.465614025562151
127;117;11;1.362557305574479;1.362557305574479;1.6652693153770175
128;32;10;9.021979646558798;9.021979646558798;4.412598394592036
129;112;11;1.2598347136629886;1.2598347136629886;1.6352028566531036
130;17;8;8.985184583262042;8.985184583262042;4.086358597852115
131;200;4;2.8246595646316677;2.8246595646316677;2.7566062337328905
132;2;8;22.46587557948395;22.46587557948395;5.021335315752778
133;102;6;3.281735911228028;3.281735911228028;3.173137372590961
134;9;9;13.953409149636418;13.953409149636418;4.255938244739822
135;53;5;2.5123347284915973;2.5123347284915973;2.7271745669347878
136;8;7;7.108586215774581;7.108586215774581;3.8482043804004795
137;168;6;2.9240230671584952;2.9240230671584952;2.810217768944338
138;152;14;2.515386591446639;2.515386591446639;2.85517791956952
139;86;7;6.847574253704155;6.847574253704155;4.530939653998616
140;11;19;9.113691148489272;9.113691148489272;4.507144457139527
141;128;11;1.2508999904430484;1.2508999904430484;1.6246517952002204
142;18;7;9.649355616305648;9.649355616305648;3.5981888416803405
143;172;9;2.3278837489655824;2.3278837489655824;2.8087658688120185
144;161;6;3.5847103918537524;3.5847103918537524;3.360441960188489
145;169;9;2.5629328573209667;2.5629328573209667;2.973166130921598
146;135;12;3.68694132483021;3.68694132483021;3.2617257765320717
147;111;10;1.3703620938296421;1.3703620938296421;1.709543585086255
148;11;7;9.26040001209812;9.26040001209812;3.1779044892005777
149;119;11;1.3764719615905854;1.3764719615905854;1.7461891000092662
150;129;8;4.328954316353703;4.328954316353703;3.7596593999362833
151;207;5;2.969606480255114;2.969606480255114;2.9745084044220573
152;169;10;2.0512321094138892;2.0512321094138892;2.6059460727195454
153;67;5;2.0864569667833464;2.0864569667833464;2.6301310491110534
154;162;11;2.066507634057576;2.066507634057576;2.6611298456179004
155;191;7;2.2700302075681638;2.2700302075681638;2.391215558622361
156;164;10;2.028064543891718;2.028064543891718;2.6404065768088443
157;135;4;3.4523204804768115;3.4523204804768115;3.273707528346135
158;180;8;2.5758610986997414;2.5758610986997414;2.8811706406082775
159;46;6;3.696817076757829;3.696817076757829;3.5371284611795937
160;167;10;2.026961381325825;2.026961381325825;2.648993965063393
161;179;7;2.2033304205686144;2.2033304205686144;2.39790034436598
162;0;9;29.473231683782604;29.473231683782604;6.253542340119774
163;43;7;2.958210370107973;2.958210370107973;3.1695554381971
164;1;4;15.862090527102268;15.862090527102268;4.691027475384674
165;31;7;3.2612002619533547;3.2612002619533547;3.1901205273202673
166;1;19;10.989629202658477;10.989629202658477;4.086580103259442
167;26;8;4.228571867737224;4.228571867737224;3.319712407176048
168;152;12;3.4644769290843387;3.4644769290843387;3.3181586226270037
169;87;7;4.89264950911968;4.89264950911968;3.1427043064241262
170;0;13;15.180826822475975;15.180826822475975;4.587175388057159
171;149;9;2.6057701910214015;2.6057701910214015;2.4670890752277312
172;8;16;9.088185694014923;9.088185694014923;4.190887522704874
173;69;11;2.5145794248101425;2.5145794248101425;2.0084834083276997
174;134;7;6.394263638372814;6.394263638372814;4.679994768796396
175;72;10;3.0423243053218494;3.0423243053218494;2.30116251170175
176;6;9;8.715353000206068;8.715353000206068;3.61744154919921
177;161;7;3.0095158258488524;3.0095158258488524;2.701216327652271
178;167;10;2.3377040844483337;2.3377040844483337;2.759556460186662
179;21;6;3.6804394174342265;3.6804394174342265;2.983036320620073
180;11;8;13.553188909134125;13.553188909134125;4.780987429580011
181;47;4;5.0409340233179565;5.0409340233179565;3.798651137974359
182;1;11;14.035923161100406;14.035923161100406;4.194182954234266
183;32;5;4.717563883296013;4.717563883296013;3.491437433177898
184;0;7;19.240289727602978;19.240289727602978;4.272749979290604
185;47;6;2.653833665737529;2.653833665737529;3.014938123161353
186;1;8;27.768094542299842;27.768094542299842;5.4479881056716986
187;27;6;3.626867339787647;3.626867339787647;2.894005241447683
188;0;13;17.285263626075338;17.285263626075338;5.609063127943224
189;12;4;7.94018684803055;7.94018684803055;3.0485691289862595
190;8;12;11.986454004877487;11.986454004877487;4.618634205995707
191;160;8;3.852569847729801;3.852569847729801;3.4508005078003734
192;62;8;6.4273382145899705;6.4273382145899705;4.159035497927123
193;85;6;5.026221118604922;5.026221118604922;3.816230347934448
194;3;16;15.197372352279523;15.197372352279523;4.853177875885773
195;132;9;3.3925644220316102;3.3925644220316102;2.7245948401036895
196;0;7;16.9679951731541;16.9679951731541;4.191205201417149
197;71;9;2.8023791632099657;2.8023791632099657;2.238632306819947
198;12;14;9.513703894461703;9.513703894461703;4.693694744222418
199;96;10;2.2822421891988953;2.2822421891988953;2.135961649025404
200;0;8;21.95124239809434;21.95124239809434;4.262199472690672
201;22;6;3.7517219347488786;3.7517219347488786;3.0429188809098497
202;1;9;13.340191421043183;13.340191421043183;4.504740140100486
203;147;10;1.5585433217693352;1.5585433217693352;1.8269595705305617
204;0;8;14.333628241177308;14.333628241177308;4.961387132746572
205;136;9;1.7487610382557601;1.7487610382557601;1.952806974923089
206;0;8;16.131387208567734;16.131387208567734;4.999348611427963
207;157;6;4.534021267040525;4.534021267040525;3.637141043434027
208;101;9;5.4241942109206045;5.4241942109206045;3.9914877055681144
209;11;10;6.837160856875419;6.837160856875419;3.058083847770276
210;1;11;13.201267571473478;13.201267571473478;3.916328136910234
211;194;4;3.1215829542851883;3.1215829542851883;3.0957374552582566
212;30;10;6.987722062560831;6.987722062560831;4.314818777181303
213;14;9;5.4873209461274755;5.4873209461274755;2.7651646998988415
214;0;9;18.558709671907607;18.558709671907607;3.0977564990138533
215;51;6;2.706976824202232;2.706976824202232;3.0404684088577985
216;0;8;19.670314532420136;19.670314532420136;2.9629159708112285
217;56;4;3.5011761817315494;3.5011761817315494;3.123722792218757
218;4;7;24.445177855026323;24.445177855026323;6.120721039532685
219;38;3;3.0731835208648586;3.0731835208648586;3.246314349566819
220;2;12;17.542965243049093;17.542965243049093;6.120067326376037
221;112;3;3.6310562524001906;3.6310562524001906;3.369012973929309
222;0;10;21.278383987935044;21.278383987935044;2.892855922869092
223;45;3;3.0015394541579217;3.0015394541579217;2.982238961328318
224;15;9;12.310292609197836;12.310292609197836;5.054017392898567
225;44;3;2.7162068043142504;2.7162068043142504;2.961568188419397
226;8;8;11.528041477769873;11.528041477769873;4.91125713001746
227;63;5;2.1272846678410233;2.1272846678410233;2.6353669534255997
228;1;10;22.385273193509317;22.385273193509317;3.2955790968697634
229;50;5;5.352980301727767;5.352980301727767;3.708297736183501
230;115;11;4.097193766885628;4.097193766885628;3.415731946467484
231;118;10;1.2606784615930486;1.2606784615930486;1.6473748050296644
232;2;20;9.724946436363792;9.724946436363792;4.150013597808813
233;187;6;3.042550038803332;3.042550038803332;3.01945280416454
234;14;6;9.425916626453771;9.425916626453771;3.4005741439039365
235;27;8;7.9977939205998965;7.9977939205998965;3.511082151178976
236;167;6;3.6470390298045046;3.6470390298045046;3.4990338141991564
237;208;7;2.8628766011956674;2.8628766011956674;3.018335202889735
238;165;11;2.496105804945748;2.496105804945748;2.9310197972462464
239;202;6;3.170155520890275;3.170155520890275;3.1084198912953362
240;90;13;4.86962802973367;4.86962802973367;3.566885930629049
241;150;10;1.9025976977496881;1.9025976977496881;2.1219171925973455
242;59;10;7.094948298408262;7.094948298408262;4.36209112691161
243;157;10;1.7384443663118;1.7384443663118;2.0094539592821725
244;12;7;16.039767950160225;16.039767950160225;5.175665156156219
245;173;7;2.240999659899036;2.240999659899036;2.421551057031148
246;70;10;5.610813935805632;5.610813935805632;3.6674367595806188
247;187;6;2.354808070228329;2.354808070228329;2.470212701076145
248;131;13;0.0;0.0;3.5636465701860827
249;114;4;4.1745619422497455;4.1745619422497455;3.8406352452093873
250;4;9;14.982167877806608;14.982167877806608;4.68138585660567
251;58;5;2.1347273509486677;2.1347273509486677;2.6127198896864625
252;42;7;9.17397878363082;9.17397878363082;4.965933219197607
253;48;4;2.6642892974149714;2.6642892974149714;2.7331163514584884
254;115;6;3.771089698398969;3.771089698398969;3.576835380452943
255;46;5;2.773491423302403;2.773491423302403;3.0676568160248316
256;220;7;2.875926379297996;2.875926379297996;3.0196383507800375
257;160;6;4.433184092354747;4.433184092354747;3.7405502123159167
258;212;6;3.275519988394685;3.275519988394685;3.345902986743592
259;200;6;2.741729610672471;2.741729610672471;2.7945101204488068
260;202;4;2.9419252832978833;2.9419252832978833;2.9235262153208725
261;56;3;3.3819612114047612;3.3819612114047612;3.4908293494791374
262;40;3;2.964581259454587;2.964581259454587;3.209174751991537
263;49;4;2.65572712382441;2.65572712382441;2.9961379603565703
264;31;4;2.7661619978039114;2.7661619978039114;2.885317410644709
265;40;4;2.506569791131872;2.506569791131872;2.9066291474356403
266;121;6;3.7894351981306325;3.7894351981306325;3.5098271556226965
267;118;8;4.959143282269369;4.959143282269369;3.76029160277069
268;154;7;4.002503486803987;4.002503486803987;3.4441283591747003
269;183;6;3.0598566146495854;3.0598566146495854;3.0368300246632076
270;131;11;1.3237321399247988;1.3237321399247988;1.679121218417751
271;131;6;3.9550626652691867;3.9550626652691867;3.2056740398757277
272;110;6;5.213791880955154;5.213791880955154;3.823825188189235
273;200;7;2.608997067981814;2.608997067981814;2.8017303942343106
274;188;7;2.793996768906944;2.793996768906944;2.797294972555223
275;232;7;3.3138473207708734;3.3138473207708734;3.2925305500046895
276;200;7;2.6896652763549587;2.6896652763549587;2.8541941434267555
277;195;4;2.812956580983054;2.812956580983054;2.7452048430595406
278;46;3;3.1426250784014718;3.1426250784014718;3.3602155053832745
279;37;4;2.577279009807564;2.577279009807564;2.980588810395361
280;51;4;2.4001432778112712;2.4001432778112712;2.770079961756185
281;36;5;2.4274303591921687;2.4274303591921687;2.764853648036923
282;48;4;2.456542693864163;2.456542693864163;2.6316161170681784
283;77;5;2.5768066091399895;2.5768066091399895;2.9193223029404174
284;169;9;2.4826389796442045;2.4826389796442045;2.932247769843166
285;105;7;5.409061948510119;5.409061948510119;3.9293562589584825
286;200;4;3.495305505426257;3.495305505426257;3.2318152954366655
287;175;8;2.0404505120556617;2.0404505120556617;2.221224611985332
288;141;10;3.1568225634747384;3.1568225634747384;2.7614320378080013
289;169;8;2.231289439884988;2.231289439884988;2.288728323244341
290;168;5;3.0196678789210307;3.0196678789210307;2.747188272131155
291;157;7;4.473142334064165;4.473142334064165;3.9015167916940032
292;159;6;4.504873135540102;4.504873135540102;3.7817834410311857
293;167;7;2.802083375047485;2.802083375047485;2.739696879679841
294;177;7;4.437990777316888;4.437990777316888;3.880273771067549
295;174;6;2.616871964697829;2.616871964697829;2.6625241930822496
296;47;4;2.414920359118367;2.414920359118367;2.563238397146926
297;43;4;2.6783531197469994;2.6783531197469994;2.634406977481649
298;43;5;2.608768678097087;2.608768678097087;2.671139124447123
299;64;5;2.3050413449368308;2.3050413449368308;2.620832790048702
300;40;5;2.397341892127877;2.397341892127877;2.631226557711403
301;62;5;2.218509484980722;2.218509484980722;2.7005053039601834
302;113;10;1.4580693601059114;1.4580693601059114;1.7230519732553529
303;144;11;1.3303221675990617;1.3303221675990617;1.6887260953855763
304;121;11;1.9129930548096186;1.9129930548096186;2.0535826318967234
305;116;6;5.3342952397002295;5.3342952397002295;3.9888971365787693
306;166;5;3.779252856452626;3.779252856452626;3.372766387678561
307;25;5;3.149006773809644;3.149006773809644;2.7684995272515884
308;48;4;2.526505273416427;2.526505273416427;2.6202002502932653
309;62;4;2.1986566009019106;2.1986566009019106;2.6550155721223367
310;44;5;2.337756108272162;2.337756108272162;2.6480100416428103
311;44;5;2.235810849199582;2.235810849199582;2.5659668048676583
312;105;10;1.4868116170526102;1.4868116170526102;1.7019411618134348
313;107;8;3.170781902324128;3.170781902324128;2.5256447027128885
314;80;4;2.347445632675469;2.347445632675469;2.7658350123597146
315;55;5;2.026472669886272;2.026472669886272;2.544263641328045
316;46;5;2.2428469206649755;2.2428469206649755;2.5910681386846415
317;133;10;3.5207697909407183;3.5207697909407183;2.7653233521756064
318;194;6;3.2340178556182297;3.2340178556182297;3.2317027772586915
319;161;8;1.5804233040855113;1.5804233040855113;1.8703762777492763
320;111;11;1.304771880102452;1.304771880102452;1.6597601407826073
321;162;9;1.393881054250728;1.393881054250728;1.7332237530465542
322;134;10;1.3619353872763735;1.3619353872763735;1.7074653099504316
323;178;6;2.9420913074342034;2.9420913074342034;2.748775831638275
324;68;5;2.097503157029399;2.097503157029399;2.642800738152185
325;52;6;2.004374462140168;2.004374462140168;2.549783860172415
326;43;5;2.4029166454824824;2.4029166454824824;2.6748871260157854
327;45;6;4.066262980906505;4.066262980906505;3.4749181502648914
328;53;4;4.65561889421;4.65561889421;3.9924427072443414
329;133;10;1.3008636477227513;1.3008636477227513;1.6792796313620881
330;153;9;1.8803033059390148;1.8803033059390148;2.095540125935099
331;171;8;1.8479566489935337;1.8479566489935337;2.0593632900256593
332;180;8;1.7254670334500104;1.7254670334500104;1.99136502738751
333;114;11;1.2812882885095824;1.2812882885095824;1.6630030908478874
334;115;11;1.2264453304904643;1.2264453304904643;1.6124122363543605
335;110;11;1.3904872225024196;1.3904872225024196;1.7247218700882234
336;57;5;1.9844518354707121;1.9844518354707121;2.5626389676857517
337;43;4;2.522918703948023;2.522918703948023;2.7166103435322886
338;106;5;3.353519457456512;3.353519457456512;3.238549342118526
339;44;6;3.0517308761146715;3.0517308761146715;3.230736814056433
340;135;9;3.753623528582057;3.753623528582057;3.447115255324335
341;117;11;1.3026551042215113;1.3026551042215113;1.6831890405692922
342;185;7;2.392879687422933;2.392879687422933;2.4612074178614534
343;173;6;2.777367943411601;2.777367943411601;2.8071350105901587
344;198;7;2.588808268459946;2.588808268459946;2.692362429456036
345;59;7;7.1969085703171345;7.1969085703171345;4.131612474605094
346;158;9;1.907397334972563;1.907397334972563;2.083849288399418
347;136;10;1.2974922786177685;1.2974922786177685;1.6795264354609154
348;145;10;1.2349450578518117;1.2349450578518117;1.6074971577069557
349;160;10;1.6642936834298954;1.6642936834298954;1.9586638810791221
350;179;7;2.5018204260058825;2.5018204260058825;2.630676402427874
