Skewness: 0.03743929883620444, Average LID: LPCA: 4.09375  |||  MLE: 1.9903776304788596  |||  MLENB: 1.9903776304788596  |||  TLE: 1.9292496579769296
LPCA: 0.44369251554270417  |||  MLE: -0.02482734986531434  |||  MLENB: -0.02482734986531434  |||  TLE: 0.49822114088027647
node;in_degree;local_intrinsic_dimensionality_LPCA;local_intrinsic_dimensionality_MLE;local_intrinsic_dimensionality_MLENB;local_intrinsic_dimensionality_TLE
0;484;6;2.0795188850600854;2.0795188850600854;2.045119867973668
1;534;6;1.6415182456827653;1.6415182456827653;1.8869829775732478
2;251;6;2.265213200555626;2.265213200555626;2.007189222230594
3;393;2;1.927266094244843;1.927266094244843;2.219718293477573
4;277;2;1.4496333416594593;1.4496333416594593;1.5093896935629725
5;518;6;1.3691271639516356;1.3691271639516356;1.6636836362129315
6;404;3;2.2928813652540514;2.2928813652540514;2.425821635324464
7;256;6;3.046904064249396;3.046904064249396;2.384463551256073
8;46;2;2.8216011799580056;2.8216011799580056;1.2342519611942042
9;373;5;2.1459406929118345;2.1459406929118345;1.9787035110277913
10;473;5;1.506790572077627;1.506790572077627;1.7160184218252246
11;357;6;1.8679164473796899;1.8679164473796899;1.8921403248263042
12;405;5;1.6834348596641824;1.6834348596641824;1.8279299215764633
13;17;2;4.746098160558675;4.746098160558675;1.121049669071878
14;255;2;1.5748555480558444;1.5748555480558444;1.6024402974968157
15;226;6;2.98942147846332;2.98942147846332;2.3611060069524332
16;210;2;1.4152683995052813;1.4152683995052813;1.3394289252922276
17;518;6;1.3753692942571574;1.3753692942571574;1.6884518658317458
18;424;3;2.9555291462762305;2.9555291462762305;2.8186199375463596
19;387;2;1.7406530047621764;1.7406530047621764;1.9517608742668822
20;208;2;1.4061027693444064;1.4061027693444064;1.3227015215057754
21;465;5;1.5440450087398894;1.5440450087398894;1.7379572552419902
22;162;6;2.389958619554852;2.389958619554852;1.9516980894831524
23;622;5;1.7351526365447698;1.7351526365447698;1.9240332463064804
24;296;2;1.580743741925434;1.580743741925434;1.6864189904013833
25;353;2;1.5661557673569295;1.5661557673569295;1.752357587573075
26;425;6;1.6173713671587986;1.6173713671587986;1.775924259302136
27;324;2;1.5338804622027198;1.5338804622027198;1.6383006996099732
28;333;2;2.3256013166409866;2.3256013166409866;2.3264943689480777
29;469;5;1.4853429138940035;1.4853429138940035;1.706586696154996
30;510;5;1.796218698497389;1.796218698497389;1.905749775156933
31;198;2;1.4724153143905945;1.4724153143905945;1.336166198126144
32;706;4;2.5046702638129474;2.5046702638129474;2.4724744520391844
33;458;5;1.6502059000025135;1.6502059000025135;1.7701158291330084
34;586;5;1.689944442856988;1.689944442856988;1.8544541866724704
35;260;2;1.3530301079045903;1.3530301079045903;1.3874939987282708
36;457;6;1.5137037395118984;1.5137037395118984;1.7249973849506088
37;554;5;1.731082227717132;1.731082227717132;1.9061354102155432
38;532;5;1.821828000659678;1.821828000659678;1.9772050865137158
39;236;2;1.4248891898766403;1.4248891898766403;1.3926664927995085
40;400;4;5.14109086968418;5.14109086968418;3.684523245522597
41;457;5;1.4643841913015294;1.4643841913015294;1.6731743886592445
42;498;5;1.6619898481899298;1.6619898481899298;1.8118722860805163
43;193;2;1.747622975169459;1.747622975169459;1.4833832450509468
44;406;6;1.8459769116181246;1.8459769116181246;1.9090917773865985
45;272;6;2.524174692041587;2.524174692041587;2.0871749909778132
46;426;6;1.9215567825143565;1.9215567825143565;1.9891055931016668
47;449;6;1.8630959476755666;1.8630959476755666;1.9427300011658986
48;599;6;1.6593615073240224;1.6593615073240224;1.9277152669215902
49;141;6;3.35321294083782;3.35321294083782;2.4233368546557874
50;409;3;2.4781564161216973;2.4781564161216973;2.689017376554666
51;767;5;2.8451330060645637;2.8451330060645637;2.6405597211259577
52;758;5;1.9242464193707318;1.9242464193707318;1.9922693839202248
53;146;2;1.7850081991316085;1.7850081991316085;1.3607194325676641
54;123;2;1.7928773339866664;1.7928773339866664;1.269941146580512
55;427;6;1.9903737833207906;1.9903737833207906;2.011551431401781
56;141;2;1.8008102771149046;1.8008102771149046;1.3619916843017292
57;355;2;2.1228038083998855;2.1228038083998855;2.1250962320814506
58;411;6;1.639771988395855;1.639771988395855;1.78576524785378
59;320;2;1.4218891175178938;1.4218891175178938;1.5500628683094204
60;113;6;3.2838180701961264;3.2838180701961264;2.333028462678363
61;473;6;1.4590455207777295;1.4590455207777295;1.6957674842515986
62;246;6;2.5701881605432133;2.5701881605432133;2.0611113286566396
63;324;2;1.5451060013265123;1.5451060013265123;1.7005872241630209
64;505;6;1.4753696960450617;1.4753696960450617;1.7708074381954286
65;587;5;1.42378809177272;1.42378809177272;1.692600067693838
66;576;5;1.6703247922279834;1.6703247922279834;1.8613213546103529
67;438;5;1.7643921367616147;1.7643921367616147;1.878503185258391
68;767;5;2.3930364824776014;2.3930364824776014;2.3078937256548393
69;372;2;2.282378745805531;2.282378745805531;2.3707297281424267
70;393;3;1.8983448632317728;1.8983448632317728;2.202452692979004
71;311;2;1.3823137853175083;1.3823137853175083;1.5364075100945687
72;439;5;1.5872684364335896;1.5872684364335896;1.7492995835114098
73;176;2;1.532633873557848;1.532633873557848;1.2990927460046247
74;502;6;1.7567784395328987;1.7567784395328987;1.917323543146509
75;36;5;3.8354187563230817;3.8354187563230817;2.087538375947532
76;360;6;2.047041171112584;2.047041171112584;1.9414001430310337
77;566;5;1.5806775795843158;1.5806775795843158;1.839702847778725
78;206;6;3.275531524277116;3.275531524277116;2.4609671715357617
79;616;6;1.533552559604672;1.533552559604672;1.8516243680957558
80;517;6;2.026079141993178;2.026079141993178;2.1068104790784385
81;104;6;3.398444991528785;3.398444991528785;2.3210482727460384
82;520;4;2.4622555612611206;2.4622555612611206;2.595647108458713
83;580;6;1.5993308489049294;1.5993308489049294;1.9149589583450277
84;354;5;2.0490674282536667;2.0490674282536667;1.9493716102500303
85;349;2;1.4051925214853203;1.4051925214853203;1.5621624408251529
86;511;5;2.4424506820469936;2.4424506820469936;2.3072280620178445
87;614;4;2.2994385612773516;2.2994385612773516;2.5085219228665725
88;348;2;1.8050268609521603;1.8050268609521603;1.9661122905171449
89;594;6;1.4360943645273732;1.4360943645273732;1.748545277178789
90;458;6;1.8814198350416458;1.8814198350416458;1.9822174992242905
91;274;2;1.2958984566821858;1.2958984566821858;1.3870485841788571
92;649;4;3.010868212818202;3.010868212818202;2.7035623695556357
93;410;6;1.777131217502064;1.777131217502064;1.9160556025958448
94;616;4;4.738262056520168;4.738262056520168;3.8870560970970667
95;213;2;1.3735103508783195;1.3735103508783195;1.3094963860289663
96;553;6;1.622370902331968;1.622370902331968;1.9194874353851459
97;441;4;2.7530218797006896;2.7530218797006896;2.64474536062097
98;600;4;2.4368793019466914;2.4368793019466914;2.4910624582019314
99;223;2;1.4285987506325777;1.4285987506325777;1.370599541289191
100;389;6;1.8274649476679872;1.8274649476679872;1.8830430089472667
101;417;6;2.031000540368821;2.031000540368821;2.0495159437446455
102;445;5;1.7290605066031313;1.7290605066031313;1.8405259914197223
103;735;5;2.178024048002603;2.178024048002603;2.147729462796013
104;491;6;1.6775050264496427;1.6775050264496427;1.8825252466252298
105;304;2;1.3287311334187022;1.3287311334187022;1.4592713223802551
106;356;5;2.5040188909199097;2.5040188909199097;2.0705306404478225
107;306;2;1.454847114447638;1.454847114447638;1.6101637526804282
108;733;5;2.084534359867385;2.084534359867385;2.155342523214284
109;764;5;2.5837564108701145;2.5837564108701145;2.4176563493234124
110;291;2;1.8776563724047153;1.8776563724047153;1.9374911909541457
111;57;1;2.429504535587649;2.429504535587649;1.2270762622674873
112;763;5;2.36139438706693;2.36139438706693;2.2858166772750477
113;459;6;1.7878707130860778;1.7878707130860778;1.9255438152233835
114;262;2;1.4651368193625727;1.4651368193625727;1.5165368034379652
115;372;5;1.7645472095501915;1.7645472095501915;1.7992900493500177
116;502;5;1.422484148689473;1.422484148689473;1.6980910256331954
117;445;6;1.9851489148159653;1.9851489148159653;2.018400320110154
118;566;6;1.5878568440173295;1.5878568440173295;1.9033081843148307
119;767;4;2.7307686003769898;2.7307686003769898;2.6249768415181514
120;329;2;2.94077714560753;2.94077714560753;2.641683529792646
121;613;6;1.8251943246676712;1.8251943246676712;2.044086343239009
122;383;2;1.6701542845862196;1.6701542845862196;1.8925128622142064
123;389;5;1.861930026411035;1.861930026411035;1.9129308982188693
124;516;6;1.4464805799247122;1.4464805799247122;1.7321984141088627
125;360;3;2.705204997107017;2.705204997107017;2.493115774698911
126;329;2;1.3509198038861754;1.3509198038861754;1.5038913023233966
127;387;2;1.8734688634824872;1.8734688634824872;2.073450242418918
128;314;2;1.401936385137648;1.401936385137648;1.529450853025851
129;436;5;1.7291685750570405;1.7291685750570405;1.849386371648056
130;260;2;1.6643324690848016;1.6643324690848016;1.6872241115851168
131;486;6;1.642232790415177;1.642232790415177;1.868649956556174
132;207;2;1.5078205875242832;1.5078205875242832;1.4001067200595754
133;523;5;1.6627434268225523;1.6627434268225523;1.8338922228794632
134;767;4;2.619829692327102;2.619829692327102;2.5573087447362375
135;320;2;1.3632609924518215;1.3632609924518215;1.514382420190917
136;767;4;2.680128931916712;2.680128931916712;2.58517405531278
137;394;3;1.8873618275371054;1.8873618275371054;2.189727873312988
138;484;5;1.420126688198015;1.420126688198015;1.671594004870771
139;135;2;1.7838330675354441;1.7838330675354441;1.2845216362736673
140;430;5;1.605116205075732;1.605116205075732;1.7831210837335623
141;584;5;1.6117692468945273;1.6117692468945273;1.8318760964908511
142;761;4;2.695627522055807;2.695627522055807;2.679364114444344
143;500;6;1.4995603624062719;1.4995603624062719;1.7911700030382751
144;163;2;1.576459389128623;1.576459389128623;1.2969294342111672
145;491;6;2.0913638479717616;2.0913638479717616;2.0976960514001415
146;307;5;2.4034826697742453;2.4034826697742453;2.0875657550027134
147;361;2;1.491719201481554;1.491719201481554;1.662305891745064
148;384;6;1.8749348913099482;1.8749348913099482;1.9294078786186146
149;537;6;1.5012223017194344;1.5012223017194344;1.7887199948322992
150;241;2;1.3395066445515946;1.3395066445515946;1.352110455713067
151;509;6;1.495025080540245;1.495025080540245;1.7874822893564866
152;279;2;1.5098460418893218;1.5098460418893218;1.6185677877752005
153;58;1;2.374861026120349;2.374861026120349;1.232411478693104
154;205;6;2.257893900633979;2.257893900633979;1.9539011908134443
155;405;5;2.2679679231354144;2.2679679231354144;2.051784371936849
156;396;2;2.049623618685172;2.049623618685172;2.2967660888410637
157;327;2;1.4521136777201298;1.4521136777201298;1.590637852070951
158;735;4;2.4555568540349926;2.4555568540349926;2.484792616991535
159;312;2;2.3370198883310254;2.3370198883310254;2.317500302754847
160;460;5;2.0004654614845214;2.0004654614845214;1.926029815009479
161;376;2;1.8122302863674562;1.8122302863674562;1.9669966435180848
162;161;2;1.6038416931289323;1.6038416931289323;1.295648320445612
163;578;6;1.5392932422856291;1.5392932422856291;1.8699657448950386
164;459;5;1.446150068900976;1.446150068900976;1.652462782142864
165;302;2;1.392862200848761;1.392862200848761;1.4958684330026013
166;522;6;2.049039257753102;2.049039257753102;2.0543308316592075
167;521;6;1.4046818468794329;1.4046818468794329;1.7025249373266929
168;534;6;1.4471406086150793;1.4471406086150793;1.776695575934145
169;502;3;2.874254245172264;2.874254245172264;2.9525023865196456
170;495;5;1.3630832226959586;1.3630832226959586;1.6201183643655643
171;332;2;1.4210981156648692;1.4210981156648692;1.5912275716749757
172;185;6;3.2718587772942254;3.2718587772942254;2.3812896287406544
173;621;4;2.6305108247143565;2.6305108247143565;2.4586695364923656
174;628;4;2.389921118504986;2.389921118504986;2.370917695906971
175;283;2;2.1850777782934094;2.1850777782934094;2.138405603708713
176;471;6;1.6029911802157026;1.6029911802157026;1.796113162668192
177;302;2;2.1078814282547707;2.1078814282547707;1.982717505913134
178;414;6;1.6781960966791825;1.6781960966791825;1.822444460670743
179;471;5;1.425371051524402;1.425371051524402;1.655525116996122
180;480;6;1.564459977645463;1.564459977645463;1.7772432226457922
181;388;2;1.9962263585671127;1.9962263585671127;2.2128467231622615
182;52;5;3.892455975164469;3.892455975164469;2.1631192045971592
183;442;6;1.8344205392758455;1.8344205392758455;1.941580906217513
184;440;6;1.5410096910151845;1.5410096910151845;1.7363244710092693
185;206;6;2.46652552717227;2.46652552717227;2.012448757778096
186;56;2;2.5230109888745855;2.5230109888745855;1.2446418419261387
187;649;4;4.735170028849399;4.735170028849399;3.844063540904577
188;365;2;1.5644088814671284;1.5644088814671284;1.7374159632104225
189;288;2;1.3097919874762622;1.3097919874762622;1.4245194516377917
190;517;6;1.6312353365733379;1.6312353365733379;1.9345537494765792
191;386;2;1.9931773358818472;1.9931773358818472;2.1219883696388315
192;407;6;1.8142679100987322;1.8142679100987322;1.8954413738613796
193;164;6;3.658794553322199;3.658794553322199;2.530607574112648
194;505;6;1.8421292302959165;1.8421292302959165;1.9865321604012356
195;227;2;1.415005308775116;1.415005308775116;1.3847839933463224
196;516;6;1.6457699897951432;1.6457699897951432;1.9287877887844305
197;767;5;2.969947509547981;2.969947509547981;2.7253643088425425
198;384;2;1.7351845277096263;1.7351845277096263;1.9276299184002066
199;138;2;1.6816040273438417;1.6816040273438417;1.270547808691498
200;585;5;1.448280759848325;1.448280759848325;1.689201492628714
201;439;5;1.5718749340323785;1.5718749340323785;1.7577176209113115
202;610;6;1.41498558197646;1.41498558197646;1.6961516252669833
203;767;5;2.649681929295872;2.649681929295872;2.5264524738252643
204;256;2;1.4032641988073529;1.4032641988073529;1.4229588945103833
205;624;5;1.4926157714511958;1.4926157714511958;1.7644320927391732
206;156;2;1.872406774788637;1.872406774788637;1.4467609665970407
207;276;5;1.9843916941063389;1.9843916941063389;1.8414431826060087
208;397;3;1.9051826159404965;1.9051826159404965;2.2101943041732617
209;267;6;2.3104952894236654;2.3104952894236654;1.9961444595508213
210;512;6;1.7061568696284046;1.7061568696284046;1.9218799911223143
211;404;5;2.6406418474388635;2.6406418474388635;2.26781440456697
212;224;6;2.401953952421036;2.401953952421036;1.9989379614542426
213;325;2;1.509660643069523;1.509660643069523;1.6708606810631048
214;277;2;1.2925819204189437;1.2925819204189437;1.383359519839753
215;174;2;1.5348731069820505;1.5348731069820505;1.309064061315838
216;338;2;1.4410695638867428;1.4410695638867428;1.5902431660948162
217;347;2;1.4317131655279156;1.4317131655279156;1.6067480577072408
218;531;6;1.5035544761931279;1.5035544761931279;1.7465020363655421
219;504;6;1.49849383845089;1.49849383845089;1.7823063495527685
220;58;2;2.3991640240876473;2.3991640240876473;1.2448982832202402
221;302;6;1.9824583314696813;1.9824583314696813;1.9003163212690912
222;252;6;2.978781153166906;2.978781153166906;2.34541684250799
223;250;2;1.4338548457498441;1.4338548457498441;1.4387292242105665
224;767;4;2.6847292763565367;2.6847292763565367;2.670924238763443
225;763;5;2.2304406872650864;2.2304406872650864;2.1896593127428936
226;510;6;1.4658391904842987;1.4658391904842987;1.7502232431587743
227;401;6;2.6830268725717956;2.6830268725717956;2.281741988154594
228;22;2;4.061816852167235;4.061816852167235;1.1541139430527438
229;759;4;3.94033748878774;3.94033748878774;3.424394335857179
230;416;5;1.7474479450123044;1.7474479450123044;1.8430118987607926
231;101;2;1.9349445364898716;1.9349445364898716;1.26303387664925
232;708;5;2.243470538854261;2.243470538854261;2.184105293242704
233;519;6;1.4508925728434465;1.4508925728434465;1.739439930801299
234;664;4;2.3485478709850107;2.3485478709850107;2.3079826753382187
235;323;6;2.030866885039686;2.030866885039686;1.954558362316913
236;233;2;1.7236238752077915;1.7236238752077915;1.6356980927258085
237;269;6;2.3714788943358256;2.3714788943358256;2.032062544321613
238;425;6;1.8942342106215515;1.8942342106215515;1.8704443318253885
239;500;6;1.5359644260946272;1.5359644260946272;1.8090732653619805
240;548;6;1.5741928675548527;1.5741928675548527;1.8738777467259151
241;398;3;1.9456136688090901;1.9456136688090901;2.2375926072813996
242;442;6;2.024244467671212;2.024244467671212;2.0893302517180032
243;278;2;1.3344235392568176;1.3344235392568176;1.413739259370802
244;252;2;1.3004041841023894;1.3004041841023894;1.3450636322772658
245;256;6;2.137752668244002;2.137752668244002;1.9312287950675664
246;494;6;1.495457005931241;1.495457005931241;1.776122475159356
247;25;2;3.591915212533222;3.591915212533222;1.1682909934030703
248;84;1;2.0682375914071165;2.0682375914071165;1.2507555131889392
249;572;5;1.5197840515335264;1.5197840515335264;1.7479457600241133
250;485;6;1.7741555976836534;1.7741555976836534;1.9529157647075825
251;475;5;1.4218898056682783;1.4218898056682783;1.649331418100705
252;734;4;2.738628343876186;2.738628343876186;2.7059791157911164
253;534;6;1.6662471601328237;1.6662471601328237;1.8991443874753322
254;178;2;1.6865941786772731;1.6865941786772731;1.3848539252718701
255;617;6;1.7887337768985583;1.7887337768985583;2.0318307267628675
256;586;6;2.0237040665877437;2.0237040665877437;2.1974202601465675
257;630;6;1.482929106498622;1.482929106498622;1.7794147010970636
258;93;2;2.1441977782570967;2.1441977782570967;1.3232118548612715
259;286;2;1.5563882401466316;1.5563882401466316;1.6730316986275098
260;268;2;2.6298778657058492;2.6298778657058492;2.36711157690858
261;182;6;3.2469294946699847;3.2469294946699847;2.4452685549800535
262;565;6;1.547529133910196;1.547529133910196;1.8327156990756404
263;426;6;1.8166749954811798;1.8166749954811798;1.8817859437140545
264;512;6;1.5111177869220889;1.5111177869220889;1.7838671953727894
265;694;4;2.8505041395783173;2.8505041395783173;2.886455658989609
266;185;6;3.2435225553022153;3.2435225553022153;2.4567047922126934
267;585;6;2.290622553404119;2.290622553404119;2.3143015955245736
268;504;6;1.7355939871442292;1.7355939871442292;1.9456230959339276
269;164;6;3.2877971752994712;3.2877971752994712;2.4082255574097364
270;538;5;1.8810566329872884;1.8810566329872884;1.9859705784739825
271;767;4;2.8052429934933363;2.8052429934933363;2.721932905275349
272;490;5;1.4070178171570602;1.4070178171570602;1.6541812932466637
273;563;4;2.818521300505545;2.818521300505545;2.5022268917809405
274;465;6;1.612660040004351;1.612660040004351;1.841450420726922
275;604;4;2.9279135501615494;2.9279135501615494;2.763312132458384
276;595;6;1.598952023208032;1.598952023208032;1.9082302526425703
277;369;2;1.5334163369876723;1.5334163369876723;1.7190150618473878
278;450;5;1.5852147773707415;1.5852147773707415;1.8088396967463929
279;166;2;1.6416928743945043;1.6416928743945043;1.3263509273600165
280;430;6;1.6920110286929422;1.6920110286929422;1.8378362377241968
281;339;2;1.4903379339876148;1.4903379339876148;1.6669470261939507
282;294;2;1.405474828385583;1.405474828385583;1.523180202090126
283;364;6;1.727553369426747;1.727553369426747;1.7942851491446272
284;468;5;1.4847786574726107;1.4847786574726107;1.7194029479810367
285;318;2;1.5094173972084288;1.5094173972084288;1.6640676717704892
286;49;1;2.6993455589336928;2.6993455589336928;1.2126264823742674
287;225;2;1.3647687843898608;1.3647687843898608;1.3337141641941528
288;767;4;2.650239438979786;2.650239438979786;2.571842597950541
289;480;3;2.3136469862015443;2.3136469862015443;2.4423220193460655
290;677;5;2.6090254938491455;2.6090254938491455;2.422970344350059
291;540;3;2.2253413011656593;2.2253413011656593;2.413875494698611
292;266;2;1.2636315668262914;1.2636315668262914;1.3459753358706252
293;253;2;1.3749528824710455;1.3749528824710455;1.3889494089860475
294;305;6;2.441820217688196;2.441820217688196;2.1037077460472635
295;325;2;1.7454131032730063;1.7454131032730063;1.8922934950262638
296;109;2;1.8644547278995016;1.8644547278995016;1.2601691476188228
297;228;2;1.3254964873909199;1.3254964873909199;1.316134950400027
298;265;2;1.4004988028538299;1.4004988028538299;1.4360119057763048
299;444;6;1.653614030981548;1.653614030981548;1.8623844815504247
300;120;6;3.528684312915293;3.528684312915293;2.325636690206072
301;314;2;1.4861017521651732;1.4861017521651732;1.6440657834832215
302;659;5;2.653014606421833;2.653014606421833;2.4508141693305134
303;422;5;1.9506506383950069;1.9506506383950069;1.969424479838617
304;416;6;1.725300105637736;1.725300105637736;1.85022017261889
305;374;2;1.6634046439206498;1.6634046439206498;1.8420682794996215
306;302;2;1.8410397723044076;1.8410397723044076;1.9454440342980412
307;302;2;1.4312373884391711;1.4312373884391711;1.556370187982139
308;272;2;1.2621984433370166;1.2621984433370166;1.3549890899951116
309;243;2;1.267494885175225;1.267494885175225;1.2998499652226492
310;509;6;1.8095381753647821;1.8095381753647821;1.9629544768948963
311;314;2;1.3627032245826936;1.3627032245826936;1.4879127352306707
312;380;2;2.758060902549058;2.758060902549058;2.691365261851822
313;425;3;2.4224402004255063;2.4224402004255063;2.5505934997590693
314;586;5;1.6410836057612426;1.6410836057612426;1.8569612222161236
315;385;2;1.801555698711814;1.801555698711814;2.0484060647716564
316;732;4;3.0397998401766806;3.0397998401766806;3.031173548367215
317;267;6;2.1299299711226642;2.1299299711226642;1.9615210689220117
318;323;2;1.3427678244210512;1.3427678244210512;1.4888411988899137
319;163;6;2.405151415637762;2.405151415637762;1.9504841709628313
320;214;2;1.4302344579545818;1.4302344579545818;1.3282560336301512
321;630;5;1.5100245839180924;1.5100245839180924;1.7773224782807764
322;626;6;1.522023631257118;1.522023631257118;1.7325032933234987
323;687;5;3.316401778482535;3.316401778482535;2.757715704464509
324;624;5;1.618756285664904;1.618756285664904;1.8559076773887495
325;269;2;1.4425345675488752;1.4425345675488752;1.524277655227481
326;300;2;1.2592672282272386;1.2592672282272386;1.389616048988484
327;285;6;2.0332080893499462;2.0332080893499462;1.9295016454302076
328;353;2;1.6549237451196235;1.6549237451196235;1.78290342547444
329;712;4;2.5427849612665256;2.5427849612665256;2.6416400777450466
330;574;6;1.5204124679760116;1.5204124679760116;1.7254146325279134
331;735;4;2.410846072390281;2.410846072390281;2.3982359886344073
332;105;6;3.7771853225006518;3.7771853225006518;2.3001363706381985
333;481;5;1.4604493271496033;1.4604493271496033;1.7026602873854375
334;762;4;2.4721283727652033;2.4721283727652033;2.539027527805022
335;190;2;1.5619510595351438;1.5619510595351438;1.3653442433103966
336;250;6;3.144040878382541;3.144040878382541;2.3947687764598213
337;496;6;1.367014865917669;1.367014865917669;1.636187946436845
338;268;2;1.3557183876181569;1.3557183876181569;1.4439839405479615
339;278;6;1.9901970385275243;1.9901970385275243;1.8956108931791427
340;366;2;1.8901397478469;1.8901397478469;2.06203901780914
341;564;4;2.392128555833513;2.392128555833513;2.6192450728653407
342;32;5;3.772301097855462;3.772301097855462;2.075153878027804
343;488;5;1.4036404029849296;1.4036404029849296;1.647204323460134
344;455;6;1.7701576191942616;1.7701576191942616;1.9160215649665946
345;356;2;1.917456068706314;1.917456068706314;2.048238540342359
346;450;3;3.0927884722963004;3.0927884722963004;2.927534952622643
347;232;6;3.0335032706359435;3.0335032706359435;2.377340005292628
348;529;3;2.2606079976155984;2.2606079976155984;2.4799684791442655
349;31;5;3.789984210364489;3.789984210364489;2.05872455586313
350;488;6;1.5679025955694035;1.5679025955694035;1.7756638504717543
351;454;5;1.4720537730492718;1.4720537730492718;1.675725510643807
352;359;5;2.184948208252628;2.184948208252628;2.005048775795908
353;766;5;2.333825976274373;2.333825976274373;2.269256081725831
354;490;6;1.6860875296543723;1.6860875296543723;1.8611161113982813
355;331;6;1.805459606582209;1.805459606582209;1.8251593726114341
356;283;2;1.331701439744143;1.331701439744143;1.43746235540196
357;192;6;3.9490100585979477;3.9490100585979477;2.6364661999690284
358;664;4;3.1472208607860606;3.1472208607860606;2.862411383718808
359;185;2;1.7867576191928638;1.7867576191928638;1.48917283269914
360;131;2;1.8824778403615259;1.8824778403615259;1.341857386238215
361;361;6;1.93895767367625;1.93895767367625;1.9148102828229219
362;368;5;2.7362397981136337;2.7362397981136337;2.2582165201033755
363;376;6;1.935602246148219;1.935602246148219;1.9520051666498093
364;156;2;1.5746959501338396;1.5746959501338396;1.2768446542962235
365;416;3;2.105429530502246;2.105429530502246;2.3844698956822286
366;514;6;1.428496116213091;1.428496116213091;1.7136456588534692
367;558;6;1.5564175678480674;1.5564175678480674;1.868021465886225
368;550;4;2.6944369004219886;2.6944369004219886;2.6771046725812493
369;303;2;1.6240388816422127;1.6240388816422127;1.7214963692998275
370;62;1;2.3417776441098113;2.3417776441098113;1.2498818514252705
371;384;2;2.5786610976116093;2.5786610976116093;2.59732216983196
372;577;4;2.251556991882436;2.251556991882436;2.3848700830919616
373;389;2;1.8228527960638774;1.8228527960638774;2.0468225185163647
374;294;2;1.349183549541917;1.349183549541917;1.4644638627164952
375;135;2;1.7719754085212545;1.7719754085212545;1.2913054376377469
376;403;3;2.3175309802766266;2.3175309802766266;2.5873306894410115
377;460;3;2.22018363565497;2.22018363565497;2.413483924304966
378;392;6;1.8371564499313964;1.8371564499313964;1.8839546336963873
379;457;4;3.1623165123058574;3.1623165123058574;2.963567106973924
380;408;3;2.0055643532265557;2.0055643532265557;2.2506573472349305
381;574;6;1.5689711159940285;1.5689711159940285;1.877843507340499
382;271;2;1.40918371955222;1.40918371955222;1.4473522830875492
383;696;4;2.345409305805165;2.345409305805165;2.437630864952639
384;364;2;1.6064140061040597;1.6064140061040597;1.802660955658454
385;767;5;3.893185805487297;3.893185805487297;3.2969937586237155
386;651;5;1.4984333414216078;1.4984333414216078;1.7317100138383288
387;446;5;2.1747376071825513;2.1747376071825513;2.1127181436629723
388;162;2;1.6193850345242506;1.6193850345242506;1.3136745941562615
389;428;3;2.0170985301532642;2.0170985301532642;2.308349084315414
390;248;2;1.3631305185576772;1.3631305185576772;1.386086255232917
391;350;6;1.9350885504263415;1.9350885504263415;1.9089400469601074
392;79;1;2.1428731030393857;2.1428731030393857;1.2539382198240105
393;402;2;2.3557164002573354;2.3557164002573354;2.5306874360092158
394;404;6;1.7309577531672657;1.7309577531672657;1.8253775584583805
395;172;2;1.547131502091087;1.547131502091087;1.2904199816081336
396;367;2;1.6991614261360137;1.6991614261360137;1.853188413978529
397;594;5;2.1732663657526166;2.1732663657526166;2.2224033656252526
398;477;6;1.6461485265699478;1.6461485265699478;1.8468401668748307
399;199;6;2.5428163130779833;2.5428163130779833;2.0361358843743163
400;513;6;1.5224144958277543;1.5224144958277543;1.8148010910661918
401;413;6;1.9259007218644646;1.9259007218644646;2.028873246867842
402;414;3;2.4942868394543765;2.4942868394543765;2.5292801204597746
403;460;5;1.7876423216978101;1.7876423216978101;1.8737980198305404
404;363;6;1.9188785277093805;1.9188785277093805;1.9148639971105639
405;284;2;1.3488066357100799;1.3488066357100799;1.4525218093890944
406;491;6;1.416444902711706;1.416444902711706;1.6921970594473916
407;513;6;1.5689883992024405;1.5689883992024405;1.8640191093944596
408;179;6;2.388585161773033;2.388585161773033;1.9666185702821823
409;39;2;2.9361781875332458;2.9361781875332458;1.2062313190383727
410;549;5;1.8881801809336425;1.8881801809336425;1.9997926679727474
411;277;2;1.2600457637790048;1.2600457637790048;1.3597511286952881
412;149;2;1.6649156283492186;1.6649156283492186;1.2810847159263437
413;680;4;4.687882259538386;4.687882259538386;3.794631960737282
414;281;2;1.3106684059262317;1.3106684059262317;1.4175719066876293
415;60;2;2.3586187775415555;2.3586187775415555;1.2447911145281552
416;564;6;1.4759054162516954;1.4759054162516954;1.796489749383651
417;534;5;1.8262462144760312;1.8262462144760312;1.8737434619791626
418;478;6;1.6637872271978156;1.6637872271978156;1.8601787961568264
419;352;2;1.5372090993401784;1.5372090993401784;1.718670860014885
420;275;2;1.349699645433591;1.349699645433591;1.4361065905016848
421;486;3;2.194308643500287;2.194308643500287;2.45888573833908
422;419;3;2.2461382487868327;2.2461382487868327;2.39875810588163
423;618;6;1.6356956403394374;1.6356956403394374;1.9349739317956434
424;230;2;1.359930490003154;1.359930490003154;1.348497834772726
425;162;2;1.7015619779560807;1.7015619779560807;1.386646295016942
426;126;6;3.263924907682597;3.263924907682597;2.355859982205264
427;242;2;1.6710074264162844;1.6710074264162844;1.6452862997183395
428;302;2;1.5072559817494497;1.5072559817494497;1.608792749438951
429;270;2;1.4246650500375755;1.4246650500375755;1.4604840908402146
430;205;6;2.965780676831655;2.965780676831655;2.3517570618531063
431;408;3;2.312768063068091;2.312768063068091;2.5715602251806358
432;628;4;2.552317095011031;2.552317095011031;2.544518630940032
433;465;6;1.5504210302352472;1.5504210302352472;1.7543275707284467
434;519;6;1.4998544215269598;1.4998544215269598;1.7613988790529462
435;174;6;3.2969159539265323;3.2969159539265323;2.4520888891432007
436;517;5;1.8799185039023278;1.8799185039023278;1.91722966989157
437;434;6;1.6450619680157743;1.6450619680157743;1.8042314973347227
438;543;6;1.5741131515007682;1.5741131515007682;1.8627875773881402
439;488;5;1.4546072911169121;1.4546072911169121;1.6891997565638255
440;176;6;2.4780521073138457;2.4780521073138457;1.9776658699570775
441;701;4;2.23052784525061;2.23052784525061;2.2531325085991485
442;355;2;1.4329609411024837;1.4329609411024837;1.605596914019585
443;521;6;1.3777898937597413;1.3777898937597413;1.6921270034731792
444;596;6;1.5260267664972182;1.5260267664972182;1.8028960245101116
445;268;5;3.955016457618239;3.955016457618239;2.587569463043557
446;687;4;2.5691552712411307;2.5691552712411307;2.7453599342807204
447;387;2;1.9863030740183352;1.9863030740183352;2.156942074537927
448;696;4;2.4757570772360005;2.4757570772360005;2.550560826941385
449;767;4;3.377189609620393;3.377189609620393;3.1585512574054477
450;391;2;2.2077357060786524;2.2077357060786524;2.383350598462655
451;480;6;1.6169780672510325;1.6169780672510325;1.8555538983933209
452;235;2;1.4644006208445952;1.4644006208445952;1.4029829637764162
453;134;6;3.9452384020034104;3.9452384020034104;2.4913083139993053
454;380;2;1.724974943484368;1.724974943484368;1.9459171536367552
455;352;6;2.272550179793282;2.272550179793282;2.0172391837221313
456;392;6;2.195915681572851;2.195915681572851;2.148990448882731
457;520;4;2.1677530523951907;2.1677530523951907;2.3864826823571406
458;204;2;1.4866105328408625;1.4866105328408625;1.3594768928373882
459;508;4;6.587463228395286;6.587463228395286;4.366164575654541
460;767;4;4.73601414848846;4.73601414848846;3.916549275897592
461;421;6;1.9097919355273394;1.9097919355273394;1.973658926233234
462;614;4;2.658383444642195;2.658383444642195;2.480706624920737
463;539;5;1.5605077188966363;1.5605077188966363;1.7704057166174338
464;453;5;1.6478343438233696;1.6478343438233696;1.799804537687749
465;370;2;1.9154809784782254;1.9154809784782254;2.081690794944869
466;672;5;2.659810487573064;2.659810487573064;2.4697803523272244
467;388;2;1.7168043642338315;1.7168043642338315;1.94783708704811
468;251;6;3.002207424757614;3.002207424757614;2.362082663928782
469;298;2;1.5844333247225957;1.5844333247225957;1.6961254495447078
470;515;5;2.0940239974676325;2.0940239974676325;2.0491336596464387
471;580;5;2.109065179508294;2.109065179508294;2.131938433487578
472;625;6;1.7434607505340005;1.7434607505340005;1.9785969160639927
473;418;5;1.5581880212153671;1.5581880212153671;1.7119152977682857
474;530;6;1.5210886753840105;1.5210886753840105;1.8441712187741763
475;464;5;1.8870016085024084;1.8870016085024084;1.909861763173155
476;257;2;1.3493550932196945;1.3493550932196945;1.387995816373179
477;373;2;1.6557211112762529;1.6557211112762529;1.8541652668382909
478;501;3;2.834652183353711;2.834652183353711;2.82081714699204
479;454;5;2.040100328452573;2.040100328452573;2.006244832111171
480;133;2;1.7270907642624995;1.7270907642624995;1.27584100538536
481;580;5;1.9283207099670165;1.9283207099670165;2.025226284510193
482;726;4;2.3272495705843212;2.3272495705843212;2.3198916516908628
483;348;2;1.749647816591443;1.749647816591443;1.8350171603419978
484;155;6;3.3972586658303667;3.3972586658303667;2.459628229603667
485;195;2;1.451480677869651;1.451480677869651;1.3043830513078127
486;58;1;2.3690516088128053;2.3690516088128053;1.2302909287685742
487;175;2;1.6714949867267932;1.6714949867267932;1.392644896674149
488;566;6;1.3870297658507358;1.3870297658507358;1.6739605874138141
489;150;6;2.487999527668094;2.487999527668094;1.9513262345196611
490;565;4;2.2248004279515956;2.2248004279515956;2.3656090160763754
491;505;5;1.72395561699159;1.72395561699159;1.838028116718291
492;582;6;1.6640280232236733;1.6640280232236733;1.9133319449609738
493;341;2;1.5617151931412976;1.5617151931412976;1.728256145574313
494;108;6;3.2727675889572967;3.2727675889572967;2.3045062056574905
495;294;6;2.078166503191689;2.078166503191689;1.9490178487216132
496;529;6;1.414532832510569;1.414532832510569;1.7449744346747071
497;468;4;2.3426795256303943;2.3426795256303943;2.515910981986534
498;255;2;2.465455096718284;2.465455096718284;2.1959165380419496
499;247;2;1.350471133979706;1.350471133979706;1.3852035402734113
500;617;4;3.166141250069088;3.166141250069088;3.1000254754044865
501;526;5;1.6172311223751092;1.6172311223751092;1.82462747627823
502;30;5;3.951753952904623;3.951753952904623;2.1143209425226304
503;449;3;2.3261433931758098;2.3261433931758098;2.5689144291299604
504;554;5;1.7470432515782808;1.7470432515782808;1.9230620190655296
505;440;5;1.8260365307108244;1.8260365307108244;1.905005914665898
506;347;2;4.08868474973455;4.08868474973455;3.2530259631604714
507;281;2;1.2903905387944286;1.2903905387944286;1.398833840841858
508;468;3;2.34722656316855;2.34722656316855;2.4860844653597094
509;418;5;1.7410810631053646;1.7410810631053646;1.879559736773098
510;514;6;1.773521792733285;1.773521792733285;1.906959142811073
511;234;2;1.3817015226411216;1.3817015226411216;1.3545964248100344
512;455;6;1.8948017767917722;1.8948017767917722;1.991743563119458
513;495;6;1.603438662182363;1.603438662182363;1.8708013992061845
514;412;3;2.087462012005818;2.087462012005818;2.3771159151564905
515;346;2;2.566369439940192;2.566369439940192;2.5181080476944286
516;271;2;1.4524992029961978;1.4524992029961978;1.5312515718707838
517;452;5;1.5179265647397155;1.5179265647397155;1.7114293488386576
518;448;6;1.9487228702484032;1.9487228702484032;2.0187735049776294
519;132;2;1.855122101634078;1.855122101634078;1.3143004438372876
520;490;4;2.4972818060547306;2.4972818060547306;2.4437002429049732
521;334;2;1.3874269099044019;1.3874269099044019;1.5408871943378755
522;151;6;3.3582475235384535;3.3582475235384535;2.4170942204834684
523;465;6;1.52192739383458;1.52192739383458;1.7579276380803457
524;499;6;1.6671397357303182;1.6671397357303182;1.9020546296751448
525;517;6;1.6452785903038074;1.6452785903038074;1.8890633099017515
526;424;3;2.1772039872342788;2.1772039872342788;2.444159714690961
527;378;2;1.7311065008055937;1.7311065008055937;1.9438201404071036
528;264;2;1.2631857736478278;1.2631857736478278;1.3368704327017176
529;526;6;1.4806835216986622;1.4806835216986622;1.7998339103648466
530;372;2;1.7197422550210328;1.7197422550210328;1.9234083415911858
531;499;6;1.602957358777539;1.602957358777539;1.8400316401675236
532;494;4;2.6277832121129405;2.6277832121129405;2.5570403902387064
533;197;6;2.9931768103986016;2.9931768103986016;2.3365443539998663
534;607;4;2.378531934611413;2.378531934611413;2.371631095986149
535;208;6;3.1668718721844975;3.1668718721844975;2.429705439689848
536;466;5;1.5338196973577602;1.5338196973577602;1.7352908131107692
537;272;6;2.778241065485772;2.778241065485772;2.1581026917456563
538;237;2;1.3007744425409598;1.3007744425409598;1.3156411098791423
539;294;2;1.429661417974922;1.429661417974922;1.529724912491849
540;230;2;1.4256512681840439;1.4256512681840439;1.3743784887249901
541;258;2;1.2404508352458208;1.2404508352458208;1.3141416918722706
542;475;5;1.9185837046086414;1.9185837046086414;1.9414056011421874
543;643;4;2.9567983349232083;2.9567983349232083;2.7960131073298076
544;467;3;2.2360833835754574;2.2360833835754574;2.4851346847870057
545;204;2;1.693123146789189;1.693123146789189;1.5081550235244128
546;213;2;1.7514909834855572;1.7514909834855572;1.5958554475540065
547;284;2;1.2626451283938154;1.2626451283938154;1.3828984646277467
548;429;4;5.350558249196886;5.350558249196886;3.960194409426781
549;159;5;2.649646541284821;2.649646541284821;1.9974492322738633
550;631;6;1.5757447170872638;1.5757447170872638;1.8374599360884
551;384;2;1.8445961485679445;1.8445961485679445;2.050012700709038
552;412;5;1.7853761233781842;1.7853761233781842;1.8604745145068577
553;765;4;2.276086180190573;2.276086180190573;2.2537005131814
554;368;2;1.786394511665674;1.786394511665674;1.9445071376250562
555;228;2;1.3172540981025371;1.3172540981025371;1.306695531947512
556;563;6;1.723200421538352;1.723200421538352;1.9371680293239644
557;451;6;1.5982652550513816;1.5982652550513816;1.8141219410209901
558;543;6;1.9874466726675006;1.9874466726675006;2.0803704401638634
559;481;6;1.5926934408847233;1.5926934408847233;1.8132765656082188
560;451;5;1.5460862676090088;1.5460862676090088;1.7666772807414337
561;162;2;1.8360380387954334;1.8360380387954334;1.44543181557212
562;446;3;2.156539970071099;2.156539970071099;2.403968875481669
563;767;4;2.726191830841843;2.726191830841843;2.6499554682142814
564;492;6;1.5141483413822978;1.5141483413822978;1.7465440865397046
565;407;3;2.134997871837587;2.134997871837587;2.393490138777139
566;761;5;1.9070728520228815;1.9070728520228815;2.0103608427346047
567;343;2;1.6633097128762913;1.6633097128762913;1.7723819278547652
568;316;2;1.680813444646962;1.680813444646962;1.8432811094482322
569;288;2;1.243257620573276;1.243257620573276;1.3641942093622137
570;468;6;1.7279213257679025;1.7279213257679025;1.8909325403300241
571;431;5;1.7298985939107645;1.7298985939107645;1.825470190770756
572;767;5;3.125169369567846;3.125169369567846;2.805401428923868
573;358;2;1.6160705729373446;1.6160705729373446;1.7855599749625997
574;133;2;1.7409796696560702;1.7409796696560702;1.2710940037779062
575;576;3;3.403738283980109;3.403738283980109;3.0434454824035444
576;329;2;1.6287378043255654;1.6287378043255654;1.7482353914533417
577;489;5;1.561164988280272;1.561164988280272;1.781329462779813
578;475;6;1.5460126094359983;1.5460126094359983;1.7758174337194206
579;41;5;5.130260220817002;5.130260220817002;2.421935261211402
580;404;5;2.4032614700639243;2.4032614700639243;2.131722402228816
581;605;6;1.6834914316387544;1.6834914316387544;1.9944569264621634
582;480;5;1.7857956544213334;1.7857956544213334;1.8994956684020323
583;488;6;1.4833548878966951;1.4833548878966951;1.736770395235349
584;36;1;3.073130658054076;3.073130658054076;1.1903631127111831
585;520;6;1.6543997772964756;1.6543997772964756;1.9135338567432214
586;434;6;1.6857196078208212;1.6857196078208212;1.853903076170489
587;519;6;1.4696888902249372;1.4696888902249372;1.7887492479495524
588;261;2;1.876568971656551;1.876568971656551;1.8642222729047184
589;127;6;3.210471731019241;3.210471731019241;2.288542638765533
590;530;5;2.084709403587778;2.084709403587778;2.122185213693329
591;321;2;1.4549175302561779;1.4549175302561779;1.5782191368927012
592;458;6;1.4517599896232036;1.4517599896232036;1.67976470903727
593;367;2;1.897098479321176;1.897098479321176;2.0114825816762476
594;216;2;1.3766159715277615;1.3766159715277615;1.3119630507777358
595;237;2;1.8419031868622044;1.8419031868622044;1.7079964901894258
596;382;6;2.1347000984726896;2.1347000984726896;2.004500743896747
597;643;5;3.026293424475821;3.026293424475821;2.5225668759201145
598;315;6;1.8975623543995421;1.8975623543995421;1.8811104110164827
599;345;2;1.8225170156905472;1.8225170156905472;1.9214801499775251
600;555;5;1.5377368384669314;1.5377368384669314;1.7564282826677005
601;208;6;2.9591650040714006;2.9591650040714006;2.346143075383771
602;634;5;1.7796895170761982;1.7796895170761982;1.9538933696068956
603;314;2;1.7916052690103599;1.7916052690103599;1.9185047752431252
604;102;6;3.806181736657795;3.806181736657795;2.301205779025483
605;610;6;2.045103961850177;2.045103961850177;2.206203721951118
606;152;2;1.7372543086971235;1.7372543086971235;1.3593401479695288
607;767;5;2.4007661625847794;2.4007661625847794;2.33817764540371
608;173;2;1.5389195119865706;1.5389195119865706;1.310797133664579
609;271;2;1.3561056345800107;1.3561056345800107;1.4148152258726565
610;301;2;1.377872531593735;1.377872531593735;1.4851465306208733
611;237;2;1.5708129707187308;1.5708129707187308;1.5335069819242027
612;135;2;1.7732321110709008;1.7732321110709008;1.3108887432412586
613;594;5;1.500972192932763;1.500972192932763;1.7535472419635871
614;302;2;1.4462037507039371;1.4462037507039371;1.5920193345093072
615;522;6;1.4152603779959256;1.4152603779959256;1.734244375979671
616;463;5;1.5882574067310737;1.5882574067310737;1.778187503909618
617;598;5;2.1400336013662784;2.1400336013662784;2.121760133294465
618;545;5;1.579158591882491;1.579158591882491;1.7610186052907517
619;244;6;3.028421528172328;3.028421528172328;2.374439493963497
620;294;2;1.3541690891691953;1.3541690891691953;1.4555191389178
621;541;5;1.4493986959947796;1.4493986959947796;1.711732767412357
622;211;6;2.1576671947867174;2.1576671947867174;1.913142176607612
623;368;2;1.6748398987496556;1.6748398987496556;1.8492919109058916
624;527;6;1.5660802266987957;1.5660802266987957;1.8843922444192978
625;617;4;3.1312878163669673;3.1312878163669673;2.8943909026464967
626;504;6;1.6020410387417419;1.6020410387417419;1.860386325628746
627;473;5;1.5704231383510072;1.5704231383510072;1.7943060227273617
628;467;5;1.41058492600361;1.41058492600361;1.6435245779312868
629;553;6;1.5440320496181048;1.5440320496181048;1.8574081401982858
630;524;6;1.4608401681286822;1.4608401681286822;1.7742835041891682
631;392;2;1.9068050198683117;1.9068050198683117;2.1202051497321284
632;524;6;1.6030878329508316;1.6030878329508316;1.9161174255935933
633;267;2;1.3103919958524854;1.3103919958524854;1.381858056474742
634;495;6;1.5945464931137365;1.5945464931137365;1.8628021598965783
635;500;6;1.4320730604574006;1.4320730604574006;1.713223673461678
636;483;6;1.4688668889456549;1.4688668889456549;1.734968574884352
637;657;4;2.430192060085871;2.430192060085871;2.5820610629191667
638;392;2;1.947801396852324;1.947801396852324;2.1819249611029643
639;767;5;2.8400822396170544;2.8400822396170544;2.6593558966852453
640;381;2;1.8614382039984472;1.8614382039984472;2.0584177254807687
641;499;6;1.5385155392082495;1.5385155392082495;1.8040896046476016
642;412;6;1.6428989660090036;1.6428989660090036;1.7942239208832091
643;191;6;3.0053623025334777;3.0053623025334777;2.34521318482592
644;311;2;1.352211545053147;1.352211545053147;1.4661594863508771
645;69;1;2.2119442543519146;2.2119442543519146;1.2448615758035004
646;284;2;1.769530859494764;1.769530859494764;1.8448359398733827
647;262;2;1.8703732720648356;1.8703732720648356;1.8087143044481921
648;324;2;1.515804572783665;1.515804572783665;1.6728267250830706
649;594;6;1.6611227686087113;1.6611227686087113;1.987345717473737
650;388;2;1.8893251720813784;1.8893251720813784;2.1278976895359665
651;375;2;1.6329458236628307;1.6329458236628307;1.8440344578034742
652;468;3;2.4738734821271975;2.4738734821271975;2.5551210094374714
653;495;6;1.7115186342158613;1.7115186342158613;1.9376598532767368
654;331;2;1.3868807521515871;1.3868807521515871;1.5273447554883253
655;50;1;2.679254378135458;2.679254378135458;1.2129117530655424
656;393;3;1.9454172677181156;1.9454172677181156;2.1881036394338587
657;248;2;1.334663285045236;1.334663285045236;1.3601567574010187
658;366;5;1.937073527389467;1.937073527389467;1.9204218911540634
659;495;4;2.430226176163003;2.430226176163003;2.5293057453056496
660;344;6;1.8059883122869194;1.8059883122869194;1.8356603826899076
661;146;6;2.972603054056197;2.972603054056197;2.125262996721001
662;201;2;1.6325918554107257;1.6325918554107257;1.4485441352838069
663;316;2;1.593685640000925;1.593685640000925;1.7243251227293486
664;591;6;2.008322336061444;2.008322336061444;2.1533716025594347
665;332;2;1.4612713038167429;1.4612713038167429;1.601449326548303
666;394;6;2.0073477640167603;2.0073477640167603;1.9560693779360399
667;602;6;1.5432980323689929;1.5432980323689929;1.7813058551776713
668;261;2;1.3977271576592765;1.3977271576592765;1.4213438199879789
669;361;2;2.5380392638915876;2.5380392638915876;2.5443129014639174
670;263;2;1.5466408216818426;1.5466408216818426;1.6099648646300846
671;537;6;1.610402544402498;1.610402544402498;1.9057095562103081
672;524;5;3.80088157631924;3.80088157631924;2.8559255179484775
673;202;2;1.5354157792919234;1.5354157792919234;1.370150064743223
674;425;5;2.0410521191277216;2.0410521191277216;1.977573997789612
675;192;6;2.4092238723948705;2.4092238723948705;2.004865449398273
676;371;6;1.7783710897856837;1.7783710897856837;1.8358686695204227
677;499;6;1.6572869300317614;1.6572869300317614;1.9160490643066905
678;486;6;1.8052677123831553;1.8052677123831553;1.9837247791345418
679;177;2;1.6199387855539367;1.6199387855539367;1.3421954494382493
680;525;4;2.795042735717577;2.795042735717577;2.4223050534642034
681;415;6;2.3218623821111732;2.3218623821111732;2.102534107544167
682;382;2;1.773992022188812;1.773992022188812;1.9562675490503791
683;500;5;1.4021436220182113;1.4021436220182113;1.6638675627947621
684;374;5;2.3377076129883134;2.3377076129883134;2.054758377514322
685;244;2;1.2714080956710563;1.2714080956710563;1.3037184662854753
686;488;6;1.7016053461427523;1.7016053461427523;1.9234177019890777
687;559;6;1.8232706247330943;1.8232706247330943;2.043371658485418
688;267;2;1.2945404286568316;1.2945404286568316;1.3756994553015547
689;260;2;1.3996679791977527;1.3996679791977527;1.4449120983307913
690;498;5;1.375038191962009;1.375038191962009;1.6453044061299968
691;257;5;2.189613582296058;2.189613582296058;1.904320074353495
692;386;2;1.841746417905692;1.841746417905692;2.0405417447560343
693;333;2;1.5807928540557958;1.5807928540557958;1.7171051508595505
694;491;6;1.62651808048032;1.62651808048032;1.8841023707999585
695;59;1;2.382013224875248;2.382013224875248;1.2323186498374523
696;302;2;2.082595457422944;2.082595457422944;2.126630896378284
697;206;6;2.984232888911014;2.984232888911014;2.3545344541894964
698;294;2;1.4185685651505344;1.4185685651505344;1.5262342031138287
699;501;6;1.601422557608072;1.601422557608072;1.8555470475280804
700;249;2;1.2617814673501004;1.2617814673501004;1.310563415064383
701;572;5;1.7715800833625095;1.7715800833625095;1.9087578090954582
702;345;6;2.0871127149952184;2.0871127149952184;1.9400010291154932
703;219;6;3.2136329982143033;3.2136329982143033;2.42764108694736
704;384;2;1.742632604426102;1.742632604426102;1.9773432679656338
705;495;5;1.8054280794895015;1.8054280794895015;1.8948005868195525
706;148;6;3.3421832238477585;3.3421832238477585;2.3936991734651922
707;128;2;1.8158581285072024;1.8158581285072024;1.2800412464028648
708;373;6;1.7562252201858493;1.7562252201858493;1.821439653012694
709;297;2;1.4332318716901615;1.4332318716901615;1.5118131535809773
710;91;2;2.0280920120618373;2.0280920120618373;1.2695451808599136
711;767;5;2.549631441245715;2.549631441245715;2.481258723893204
712;583;6;2.1784226310310486;2.1784226310310486;2.228326329420198
713;156;2;1.608958511518706;1.608958511518706;1.2884755670326238
714;514;6;1.3869188793289613;1.3869188793289613;1.690089787060779
715;85;2;2.14852751851163;2.14852751851163;1.2963505926153363
716;243;2;1.5418464346393015;1.5418464346393015;1.539368176034285
717;492;6;1.7719297468969144;1.7719297468969144;1.9089311343928967
718;275;2;1.3509578813027052;1.3509578813027052;1.4205280158732907
719;527;5;1.6408442757532;1.6408442757532;1.8055065962909627
720;503;5;1.5831116679907808;1.5831116679907808;1.7475274837173613
721;249;2;1.3050211153715283;1.3050211153715283;1.3402552167018467
722;320;2;1.6189584563937358;1.6189584563937358;1.7846987857583885
723;370;2;1.8173309570258924;1.8173309570258924;1.9896594790703583
724;461;5;1.566481074550767;1.566481074550767;1.7545596671013415
725;587;5;1.8358785850437844;1.8358785850437844;2.008819532287175
726;273;2;1.2550080669943482;1.2550080669943482;1.3466352545232827
727;542;5;1.8253570300745485;1.8253570300745485;1.8804921496779536
728;267;6;2.1710303563136986;2.1710303563136986;1.94813387904543
729;491;6;1.792929141058055;1.792929141058055;1.9888623385359492
730;491;3;2.768270067344898;2.768270067344898;2.775030966551277
731;486;5;1.5076153616203882;1.5076153616203882;1.7319284767065646
732;299;2;2.440410229551413;2.440410229551413;2.324534470935348
733;291;2;1.3484489496065923;1.3484489496065923;1.449341833788724
734;462;6;1.58463038167385;1.58463038167385;1.8163990371829004
735;557;6;1.709341740088729;1.709341740088729;1.9762742937560203
736;343;2;1.586448500954619;1.586448500954619;1.7473501393844808
737;406;6;1.97038220516891;1.97038220516891;1.9537361418528365
738;296;2;1.4272068484110776;1.4272068484110776;1.5134750238000498
739;490;6;1.4759866766817815;1.4759866766817815;1.729351091453209
740;302;2;1.4021861273757423;1.4021861273757423;1.5174320935621546
741;400;2;2.0904505122072576;2.0904505122072576;2.295595102868783
742;366;2;1.583548943106801;1.583548943106801;1.772982099714453
743;403;5;1.5941538850411558;1.5941538850411558;1.716516093879164
744;296;2;1.6154500512202747;1.6154500512202747;1.7338203305919941
745;377;2;1.9354768648839482;1.9354768648839482;2.078519983248536
746;413;5;2.324620105607141;2.324620105607141;2.1094967322166367
747;582;4;2.696666195854764;2.696666195854764;2.587752333527699
748;224;2;1.708717179131478;1.708717179131478;1.5990279275865442
749;376;6;1.964929992442561;1.964929992442561;1.940914609314077
750;473;6;1.6519396023674915;1.6519396023674915;1.8725222932155905
751;523;3;2.6325910548322295;2.6325910548322295;2.6713587176731024
752;607;6;1.5653606593271794;1.5653606593271794;1.898175885126637
753;54;2;2.5695506270092774;2.5695506270092774;1.2376577956238857
754;474;6;1.9459443836030736;1.9459443836030736;1.9335261815791587
755;355;2;1.7571247632083518;1.7571247632083518;1.9055602550784942
756;506;5;2.0941751508617283;2.0941751508617283;2.0620693611112344
757;454;6;1.6225525995556653;1.6225525995556653;1.8540828345929543
758;510;6;1.451572063399228;1.451572063399228;1.7401578393577501
759;157;6;2.4294704492259758;2.4294704492259758;1.9379963961218218
760;730;5;1.9839934160564205;1.9839934160564205;2.128099090972922
761;383;6;2.1441035139681235;2.1441035139681235;1.9856437979700978
762;489;6;1.61796337123302;1.61796337123302;1.8585437428057126
763;260;2;1.5469999646106438;1.5469999646106438;1.5244130457857181
764;650;6;1.6102760853944544;1.6102760853944544;1.8318211850228532
765;367;2;1.5414735491739768;1.5414735491739768;1.7374793792333858
766;457;6;1.7181014964181935;1.7181014964181935;1.9232138529361524
767;555;6;1.5554770615297422;1.5554770615297422;1.836396170583072
