Skewness: -0.1512391733750567, Average LID: LPCA: 4.5703125  |||  MLE: 2.692747654009502  |||  MLENB: 2.692747654009502  |||  TLE: 2.5308967713198984
LPCA: 0.3065164166124978  |||  MLE: -0.3812524457270542  |||  MLENB: -0.3812524457270542  |||  TLE: 0.11132202153956923
node;in_degree;local_intrinsic_dimensionality_LPCA;local_intrinsic_dimensionality_MLE;local_intrinsic_dimensionality_MLENB;local_intrinsic_dimensionality_TLE
0;164;5;3.7098855200525476;3.7098855200525476;3.33056229441603
1;252;6;2.264696504200323;2.264696504200323;2.4652644038065437
2;85;6;2.6834380395586583;2.6834380395586583;2.4242100067620718
3;228;4;1.722174198139449;1.722174198139449;1.9219349029621124
4;214;5;2.435902434100717;2.435902434100717;2.4048808793942396
5;379;5;2.163465121530278;2.163465121530278;2.4415854112131012
6;174;4;1.9232669754970606;1.9232669754970606;1.9990972761677106
7;36;6;3.5816637268896927;3.5816637268896927;2.9383139273323757
8;26;1;2.9272090162038964;2.9272090162038964;1.4643445306360072
9;106;5;4.585520801547725;4.585520801547725;3.310429490264514
10;307;5;2.997755026175027;2.997755026175027;3.0546211720037593
11;128;5;2.303619900558544;2.303619900558544;2.362727592520422
12;191;5;2.4593754655078226;2.4593754655078226;2.5341665912936473
13;10;1;5.43187700984245;5.43187700984245;1.299640793224968
14;195;3;2.0939908430648533;2.0939908430648533;2.069542899314044
15;37;6;3.5239350221024006;3.5239350221024006;2.874757290340318
16;144;2;1.985215106962103;1.985215106962103;1.9520476597880028
17;366;5;2.105211741063914;2.105211741063914;2.4002474844239505
18;163;4;2.9257744627075977;2.9257744627075977;2.5457199630032012
19;268;5;1.9259101092617625;1.9259101092617625;2.0925502151857693
20;142;2;1.903260474581446;1.903260474581446;1.8522788725436634
21;241;5;2.9595674890931383;2.9595674890931383;2.986958611629147
22;60;6;2.5523995127714687;2.5523995127714687;2.160916667582724
23;303;5;3.0559626512385405;3.0559626512385405;3.082965792306551
24;235;5;2.287498873521873;2.287498873521873;2.333797652287195
25;298;5;2.1230527737029465;2.1230527737029465;2.2942462755555315
26;195;5;2.4902552058794245;2.4902552058794245;2.62752455193649
27;300;4;2.5211185830945806;2.5211185830945806;2.4605303672576104
28;235;5;2.9443544452088712;2.9443544452088712;2.698034716841911
29;291;5;2.6865464554506566;2.6865464554506566;2.8494116114962047
30;240;5;4.093553103971931;4.093553103971931;3.6441168519644855
31;134;2;1.8560903172139671;1.8560903172139671;1.7180146499949969
32;173;4;2.5533820651812196;2.5533820651812196;2.8259795229393143
33;196;5;3.6171780355988146;3.6171780355988146;3.2230027330431867
34;298;5;3.715052599453294;3.715052599453294;3.582317021151319
35;181;3;2.014461362091607;2.014461362091607;2.1004377947064525
36;252;5;2.410300930197497;2.410300930197497;2.6210442296255625
37;226;6;2.9534984152012767;2.9534984152012767;3.005289906519765
38;190;6;2.5325745819729524;2.5325745819729524;2.6358607450808935
39;161;3;2.0959588523804866;2.0959588523804866;2.054953862623274
40;68;3;6.365057196337717;6.365057196337717;4.53185150618869
41;244;5;2.389748123156122;2.389748123156122;2.6048583632625397
42;281;5;3.995981612802483;3.995981612802483;3.6344351499415817
43;117;2;2.259303106605996;2.259303106605996;1.896992394567466
44;162;5;2.540412276022634;2.540412276022634;2.58116139918174
45;77;6;3.3058733142660293;3.3058733142660293;2.6880567234750785
46;201;5;2.9342395339720273;2.9342395339720273;2.8102113953821584
47;166;6;2.6395125955076875;2.6395125955076875;2.552669413464198
48;316;6;2.4555908591693876;2.4555908591693876;2.657077197788138
49;35;6;3.826061993816412;3.826061993816412;2.791507837141361
50;213;4;1.8399067471645014;1.8399067471645014;1.9801222771364562
51;231;4;4.49394345024722;4.49394345024722;3.870997758604781
52;294;6;3.9140770315591333;3.9140770315591333;3.4739913987020277
53;82;2;2.1028939401932165;2.1028939401932165;1.72227554895662
54;69;2;2.0970595849487776;2.0970595849487776;1.6009212769844061
55;150;6;3.000586761966727;3.000586761966727;2.7558031035281125
56;80;2;2.0651238216479215;2.0651238216479215;1.6909373308340496
57;236;4;3.228556969143616;3.228556969143616;2.818846077870694
58;184;5;2.58022841238978;2.58022841238978;2.685075280180512
59;295;4;2.3219512172269527;2.3219512172269527;2.3948772895181922
60;35;6;4.1279403516143685;4.1279403516143685;2.95125798057169
61;283;5;2.2521903453938155;2.2521903453938155;2.489232380064153
62;46;6;4.096097720254245;4.096097720254245;2.7743405444673472
63;303;5;2.3585654333130153;2.3585654333130153;2.47116775146722
64;370;5;2.3552927913414337;2.3552927913414337;2.6427952002464536
65;336;6;2.348341952100903;2.348341952100903;2.5655611955233413
66;301;6;3.366695984557302;3.366695984557302;3.3276481491075347
67;194;5;3.1798137735652108;3.1798137735652108;2.9845916484982773
68;223;4;3.8994794508838106;3.8994794508838106;3.696675415703724
69;239;5;2.622091625969282;2.622091625969282;2.5438900815496894
70;246;4;1.6772759287806758;1.6772759287806758;1.8806681744438365
71;278;5;2.143631722063933;2.143631722063933;2.292996632537863
72;235;5;2.852090923090107;2.852090923090107;2.875861432198663
73;110;2;1.9416934999423816;1.9416934999423816;1.7168513060321757
74;189;6;2.4984376324348636;2.4984376324348636;2.5589609546084175
75;6;6;6.1760623793308485;6.1760623793308485;2.8136517820248357
76;83;6;3.2809267104873103;3.2809267104873103;2.693594485351813
77;260;6;2.2832073278670535;2.2832073278670535;2.5354410295472847
78;35;5;3.7808513573738285;3.7808513573738285;3.029073704138594
79;391;5;2.3348030664754162;2.3348030664754162;2.6418925626636502
80;222;6;3.307751443562753;3.307751443562753;3.0217334381852075
81;37;6;4.483344829332732;4.483344829332732;2.973793681504928
82;182;4;1.7543551130335138;1.7543551130335138;1.9535407082046459
83;299;6;2.2124274826187476;2.2124274826187476;2.540707628903705
84;133;5;4.02531971095423;4.02531971095423;3.2892649408596055
85;324;4;2.0494600631585067;2.0494600631585067;2.1868681598381934
86;121;6;3.4354453160122005;3.4354453160122005;2.992982416671009
87;200;5;1.4699121353643458;1.4699121353643458;1.670064617316087
88;282;5;2.400538002569982;2.400538002569982;2.4819311082823545
89;371;5;2.3076903656427574;2.3076903656427574;2.597283915144321
90;168;6;2.623677237111972;2.623677237111972;2.530646226730747
91;218;4;1.840904068296598;1.840904068296598;1.9800821975108904
92;144;4;3.4714087297381493;3.4714087297381493;3.234775872527637
93;205;5;2.652777800858381;2.652777800858381;2.661712001274655
94;168;4;4.206772369641389;4.206772369641389;3.5913871300976186
95;148;3;1.7949441014481584;1.7949441014481584;1.7246873394724611
96;279;6;2.180531171110193;2.180531171110193;2.4783981130273234
97;151;4;2.1366427207549923;2.1366427207549923;2.1261085735096383
98;176;4;1.9848311735395914;1.9848311735395914;2.1788537086615873
99;153;3;2.0238578791332884;2.0238578791332884;1.9914830658539535
100;143;5;2.3558859739378017;2.3558859739378017;2.429825552000581
101;178;5;3.0402679413498106;3.0402679413498106;2.8398378502999617
102;218;5;3.358457961187876;3.358457961187876;3.105698367862339
103;188;4;3.2859912871653645;3.2859912871653645;3.2763942085264284
104;239;6;2.620942276222145;2.620942276222145;2.650194213184035
105;267;5;2.167873666668947;2.167873666668947;2.2968774897685647
106;29;6;6.117004676464629;6.117004676464629;3.5500560128403356
107;270;5;2.2309132907629654;2.2309132907629654;2.355552262481625
108;236;6;3.3940487705959725;3.3940487705959725;3.185257147483685
109;195;4;4.45410833056831;4.45410833056831;3.927559158614564
110;229;4;2.4116200286663405;2.4116200286663405;2.3655422639211503
111;36;1;2.57522943058176;2.57522943058176;1.5008053415429643
112;194;4;3.2721229697089553;3.2721229697089553;3.093666880598795
113;182;6;2.624545890983392;2.624545890983392;2.588101806555543
114;202;4;2.02342208056794;2.02342208056794;2.038980145600743
115;147;5;2.7385460434438866;2.7385460434438866;2.674455799058493
116;344;5;2.229055505743654;2.229055505743654;2.505325020208484
117;158;6;3.063132469575438;3.063132469575438;2.7756035769728773
118;296;6;2.14068929997638;2.14068929997638;2.440478113512439
119;163;4;2.8227184446150484;2.8227184446150484;3.094270819119386
120;128;5;3.735962216071164;3.735962216071164;2.947663974323893
121;240;6;2.5371380409711137;2.5371380409711137;2.6933186101293076
122;267;4;1.8955736581641862;1.8955736581641862;2.086774484640096
123;154;5;2.8697777656830556;2.8697777656830556;2.740390538383721
124;368;5;2.2061532192360045;2.2061532192360045;2.4248538092504432
125;127;4;3.261380233170561;3.261380233170561;2.577879498512033
126;308;5;2.1373921261836886;2.1373921261836886;2.286961415134888
127;259;4;2.096725973243773;2.096725973243773;2.2425575003516522
128;275;5;2.304277555647763;2.304277555647763;2.3724258126681157
129;183;5;3.1935286654971358;3.1935286654971358;3.056635430253086
130;197;4;2.2359434864808443;2.2359434864808443;2.18471184654996
131;327;5;2.6014503832585274;2.6014503832585274;2.7487504026062606
132;144;2;2.004717506104047;2.004717506104047;1.8610275707535688
133;208;6;2.622411233352389;2.622411233352389;2.661557286569329
134;167;4;2.8191128403141748;2.8191128403141748;3.130208970478976
135;294;5;2.158743815919299;2.158743815919299;2.278360340720448
136;173;4;2.4841853986909515;2.4841853986909515;2.590067004535395
137;229;4;1.642608632260138;1.642608632260138;1.8613854698320438
138;299;5;2.334912365751454;2.334912365751454;2.6376458520893857
139;75;2;2.2800666482808967;2.2800666482808967;1.724394921462565
140;232;5;2.637577067248602;2.637577067248602;2.701604136711645
141;313;6;3.0261029403383755;3.0261029403383755;3.1216334174746696
142;185;4;2.1246676318167275;2.1246676318167275;2.2787340883863867
143;353;5;2.5209740433867083;2.5209740433867083;2.7733921668484007
144;97;2;1.8622887043248237;1.8622887043248237;1.631867463514805
145;171;6;4.401859110656505;4.401859110656505;3.4398012818334873
146;75;6;3.747184611521228;3.747184611521228;2.8768458319780468
147;296;4;2.037676299476765;2.037676299476765;2.1909529059524435
148;147;5;2.6457703995816484;2.6457703995816484;2.646620168294882
149;294;6;2.210920828710092;2.210920828710092;2.440054926516125
150;175;3;1.8592616370346562;1.8592616370346562;1.91954761633707
151;363;5;2.3690672041952814;2.3690672041952814;2.6257527574439035
152;225;5;2.058150652870441;2.058150652870441;2.139484813099315
153;37;1;2.48423016197331;2.48423016197331;1.49670129375321
154;76;5;2.477526870771508;2.477526870771508;2.213837982078227
155;98;5;3.9014847424974617;3.9014847424974617;3.3205767688296928
156;226;4;1.9934443538468058;1.9934443538468058;2.1778350213424553
157;305;4;2.3201682785592017;2.3201682785592017;2.3787504051019077
158;165;4;2.3090184444696598;2.3090184444696598;2.635431089781209
159;193;5;2.889742575977625;2.889742575977625;2.6667823869295195
160;132;5;3.5504457128975075;3.5504457128975075;3.1980434097027706
161;267;5;2.378935785169169;2.378935785169169;2.450863324840147
162;98;2;2.0478957208683317;2.0478957208683317;1.728581891293468
163;322;6;2.1352192144744606;2.1352192144744606;2.46484756575113
164;251;5;2.48186816650089;2.48186816650089;2.7035509055473272
165;251;5;2.2941801939686246;2.2941801939686246;2.310409553095534
166;191;5;3.4325637009031706;3.4325637009031706;3.030224555309052
167;372;5;2.1416355080658884;2.1416355080658884;2.4478128060690216
168;361;5;2.1470455990975124;2.1470455990975124;2.4705458904214868
169;209;5;2.226976569720086;2.226976569720086;2.2739668220649825
170;301;5;2.5884638539145457;2.5884638539145457;2.799666286858483
171;311;5;2.0226355257363293;2.0226355257363293;2.172932966242079
172;40;6;4.409219250358036;4.409219250358036;3.03036270490622
173;145;4;3.1191773248783976;3.1191773248783976;3.005107203822353
174;155;4;2.4927050345232566;2.4927050345232566;2.721452609025514
175;204;5;2.6331046583061952;2.6331046583061952;2.4436980257295775
176;228;5;2.728995355958704;2.728995355958704;2.722417527118436
177;229;4;3.8032556964293396;3.8032556964293396;2.9488355147908103
178;196;5;2.6471440698367417;2.6471440698367417;2.722334120078885
179;271;5;2.330406379885756;2.330406379885756;2.5929642242864857
180;243;6;2.677138678890255;2.677138678890255;2.7271840669053184
181;254;4;2.0203974144332766;2.0203974144332766;2.170621644838235
182;7;5;5.68345799701284;5.68345799701284;2.7538382943172452
183;165;6;2.599216789406623;2.599216789406623;2.537065232818882
184;240;5;2.387634978843175;2.387634978843175;2.5417658260762175
185;68;6;2.7769419010595517;2.7769419010595517;2.3287925674337027
186;37;1;2.6548275940224313;2.6548275940224313;1.5064712046806876
187;151;4;4.791743482004695;4.791743482004695;3.90205753950464
188;291;4;2.1657024832430523;2.1657024832430523;2.3260192138402087
189;239;5;1.890573936709126;1.890573936709126;2.0012218297234816
190;314;6;2.2612043799344987;2.2612043799344987;2.5035978831535752
191;247;5;2.5439180195968483;2.5439180195968483;2.5774398648173658
192;166;5;2.505047442719768;2.505047442719768;2.5834290476413853
193;35;5;4.5967084868719805;4.5967084868719805;3.2638977665131175
194;237;6;3.0174885222456034;3.0174885222456034;2.8410906861993137
195;161;3;1.894555707808606;1.894555707808606;1.8568442384325714
196;290;6;2.308295206240712;2.308295206240712;2.5318599222311526
197;178;4;3.4711124705874083;3.4711124705874083;3.4997330169754735
198;265;5;2.137514164236622;2.137514164236622;2.3117570965679604
199;78;2;1.9897384300003356;1.9897384300003356;1.624687367577441
200;363;5;2.9724490278048776;2.9724490278048776;3.027384019485264
201;229;5;2.6125546932534944;2.6125546932534944;2.780212736225565
202;403;5;2.66808860580368;2.66808860580368;2.859595944898491
203;174;4;3.41429363521477;3.41429363521477;3.5708009178998554
204;183;3;2.134932360009778;2.134932360009778;2.1551580064245783
205;380;5;2.680323245923253;2.680323245923253;2.9710872436707447
206;88;2;2.151666322280501;2.151666322280501;1.7308583073104238
207;106;5;2.8459802739649143;2.8459802739649143;2.5493975221796434
208;226;4;1.5224798734797953;1.5224798734797953;1.729877568987739
209;79;6;2.682329588335576;2.682329588335576;2.3632007178679957
210;235;6;2.317814005864087;2.317814005864087;2.4470568442766774
211;80;6;4.095517173616923;4.095517173616923;3.3357014155318794
212;78;6;3.0027270801970407;3.0027270801970407;2.4958633252891516
213;303;5;2.2350380128203904;2.2350380128203904;2.3520869070287778
214;223;4;1.872735578180261;1.872735578180261;1.9997787087937713
215;107;2;1.846074105245199;1.846074105245199;1.6576160602859928
216;317;5;2.2334341371954065;2.2334341371954065;2.355587118282532
217;310;5;1.9210638419342974;1.9210638419342974;2.0932086157409895
218;271;6;2.3625127520529032;2.3625127520529032;2.5114205240580842
219;365;5;2.52032126643641;2.52032126643641;2.76446791333606
220;38;1;2.512676804380481;2.512676804380481;1.5039762000773091
221;114;5;2.6450866632110603;2.6450866632110603;2.4750196849075814
222;36;6;3.527274360572137;3.527274360572137;2.945189118078259
223;184;3;2.1283660682047993;2.1283660682047993;2.084037146893116
224;174;4;2.228059893104847;2.228059893104847;2.5402297000705225
225;220;4;3.894731337403265;3.894731337403265;3.5504896391341454
226;316;5;2.3862169952953245;2.3862169952953245;2.5875762391740778
227;95;5;4.302724875941389;4.302724875941389;3.283909945161449
228;17;1;4.481566323616655;4.481566323616655;1.3482217022474026
229;174;4;3.6771792618253567;3.6771792618253567;3.3761681607676897
230;173;5;2.9963698854475265;2.9963698854475265;2.9068364899618597
231;61;2;2.2796798231827133;2.2796798231827133;1.592490538313554
232;176;4;3.6094757516647284;3.6094757516647284;3.4528551982722573
233;359;5;2.136132132402466;2.136132132402466;2.4114805883505115
234;159;4;2.8180652996408493;2.8180652996408493;2.901831381244398
235;115;5;2.4756018866557783;2.4756018866557783;2.3920195401033393
236;166;3;2.241514223799343;2.241514223799343;2.0732285141872784
237;80;6;2.884437790150496;2.884437790150496;2.451999535080826
238;131;5;2.718380993436547;2.718380993436547;2.574676819268804
239;310;5;2.5725549782571258;2.5725549782571258;2.7113176823335556
240;281;6;2.2137154461154323;2.2137154461154323;2.5321041388759493
241;221;4;1.5482206602645627;1.5482206602645627;1.7359541072582458
242;219;5;3.168758353973801;3.168758353973801;2.95383206825464
243;216;4;2.046219516702849;2.046219516702849;2.1602020160141007
244;191;3;1.7549715908906434;1.7549715908906434;1.8363020141192554
245;86;6;2.3797323322437984;2.3797323322437984;2.215209001532942
246;354;5;2.3402608235689786;2.3402608235689786;2.6096900258921063
247;18;1;3.9469606338348937;3.9469606338348937;1.3840554656029673
248;55;2;2.406180611040731;2.406180611040731;1.5698009105571322
249;352;5;3.2063171532030195;3.2063171532030195;3.208721373140713
250;281;5;3.143915118037705;3.143915118037705;3.0393242120020716
251;281;5;2.432306280933238;2.432306280933238;2.6933544599593393
252;168;4;2.48509074948512;2.48509074948512;2.790892367727498
253;226;6;2.31215041052073;2.31215041052073;2.5306148349305397
254;110;2;2.459821969297486;2.459821969297486;1.9615493671674413
255;266;6;2.512426734446293;2.512426734446293;2.701896872116802
256;232;6;2.702409299416775;2.702409299416775;2.728427369623545
257;406;5;2.445110122058009;2.445110122058009;2.713542141477899
258;57;2;2.442029045915033;2.442029045915033;1.6231051698850583
259;229;5;2.0678675616922932;2.0678675616922932;2.1478151793784104
260;161;4;2.9323343218054827;2.9323343218054827;2.4563016395992836
261;36;5;3.7514712298781294;3.7514712298781294;3.049565424185929
262;272;6;2.2158720814094135;2.2158720814094135;2.541988140310748
263;172;5;3.2005910545529432;3.2005910545529432;3.102229226351706
264;349;5;2.3155251588961145;2.3155251588961145;2.5849132017896808
265;185;5;1.9104388395289347;1.9104388395289347;2.095054958259826
266;36;5;3.7092903130485517;3.7092903130485517;3.059053166978628
267;180;5;3.4074265988666914;3.4074265988666914;3.1619158335463
268;247;6;2.3974219893338606;2.3974219893338606;2.4840219123900047
269;38;5;3.953882969481001;3.953882969481001;3.081001212935301
270;180;6;3.2518350800265;3.2518350800265;3.1172503085024457
271;180;4;2.45590887657901;2.45590887657901;2.5726285553851134
272;334;5;2.345520052937708;2.345520052937708;2.542828962348575
273;130;4;3.505934578031735;3.505934578031735;3.105764521728671
274;311;5;2.968063188142315;2.968063188142315;3.056291986314044
275;165;4;2.937192986682891;2.937192986682891;2.876460106780763
276;356;6;2.4171071371236654;2.4171071371236654;2.6883319451656447
277;283;4;1.9720347294291654;1.9720347294291654;2.133779981429276
278;296;5;2.703560017946284;2.703560017946284;2.8763589382836616
279;100;2;2.23583610724799;2.23583610724799;1.8443026892390535
280;207;5;2.795500176018872;2.795500176018872;2.8852070722202536
281;319;5;2.0764473287639635;2.0764473287639635;2.243528985332411
282;244;5;2.138565759120602;2.138565759120602;2.2330262994986674
283;136;5;2.2635781015119476;2.2635781015119476;2.3417910612861577
284;292;5;2.6941532363794987;2.6941532363794987;2.8814402166962467
285;278;5;2.318466307701274;2.318466307701274;2.435775520419956
286;26;1;2.8242704123026097;2.8242704123026097;1.4577698737121065
287;155;3;1.905395824420038;1.905395824420038;1.9438815572446502
288;178;4;2.870054120296079;2.870054120296079;3.0794713596003
289;216;5;1.9750579170822629;1.9750579170822629;2.106947173861945
290;144;4;3.837649946760897;3.837649946760897;3.589740151476388
291;215;5;1.6106464242723249;1.6106464242723249;1.7977241428923967
292;207;4;1.7381317870056094;1.7381317870056094;1.8629505371233903
293;181;3;2.101504714241532;2.101504714241532;2.127178159373445
294;102;5;3.6814247378033214;3.6814247378033214;2.9196660978743036
295;291;5;2.401626133721927;2.401626133721927;2.465999439070601
296;63;2;2.1721147728577246;2.1721147728577246;1.5741735053080612
297;162;3;1.8452734499120607;1.8452734499120607;1.9052338489175715
298;192;3;2.144367927182184;2.144367927182184;2.167832424634169
299;282;5;2.8434751112143934;2.8434751112143934;2.9451138585182686
300;46;5;4.587842544803076;4.587842544803076;3.0769578090573004
301;280;5;2.2724054446127395;2.2724054446127395;2.404009798456965
302;150;4;3.4118000581615777;3.4118000581615777;3.191231501528473
303;168;5;3.9130386877437737;3.9130386877437737;3.2285348897439925
304;183;5;2.70840322166622;2.70840322166622;2.7503275918796706
305;276;5;2.114594843731087;2.114594843731087;2.264293847335667
306;245;5;2.460780961776;2.460780961776;2.4803888892376413
307;257;5;2.3807542217825293;2.3807542217825293;2.4435494752245166
308;211;4;1.8040753395669376;1.8040753395669376;1.9870556380394098
309;176;3;1.7161100530338498;1.7161100530338498;1.8436371805082763
310;198;6;2.711403595995555;2.711403595995555;2.690152735907311
311;283;5;2.162614516472136;2.162614516472136;2.2572464094206275
312;203;5;2.9620957130404677;2.9620957130404677;2.7262279461855936
313;212;4;2.0713938740754116;2.0713938740754116;2.145549416813964
314;324;5;3.0872849390790136;3.0872849390790136;3.16351814554004
315;264;4;1.821098205674646;1.821098205674646;2.001400415760937
316;181;4;2.160322273998997;2.160322273998997;2.3713828623736193
317;92;6;2.44964714485312;2.44964714485312;2.329986314526262
318;302;5;2.1900002786711643;2.1900002786711643;2.3310692856886455
319;64;6;2.676296938216924;2.676296938216924;2.22373432886737
320;143;2;2.025910557981812;2.025910557981812;1.8907737393119055
321;357;5;2.5388196525108997;2.5388196525108997;2.823094211147858
322;375;5;3.457754813629433;3.457754813629433;3.356542720878276
323;114;6;5.313918037842919;5.313918037842919;4.0062011008087
324;292;6;2.7041029740957017;2.7041029740957017;2.906805038501686
325;215;4;2.0130100770438126;2.0130100770438126;2.0695624168096267
326;257;5;1.8750185836735473;1.8750185836735473;2.014423719099222
327;102;5;2.305580924004989;2.305580924004989;2.2678039898993223
328;289;4;2.460444940260167;2.460444940260167;2.4766949567171643
329;200;5;1.7101259639932345;1.7101259639932345;1.878458693422895
330;378;5;3.780065784978939;3.780065784978939;3.6096748393012725
331;175;4;2.4936282314888234;2.4936282314888234;2.7604376205827266
332;37;4;4.992300753270848;4.992300753270848;3.009772237859269
333;303;5;2.6835614344164935;2.6835614344164935;2.8257899754346565
334;177;4;2.0638682957267678;2.0638682957267678;2.373465634973975
335;116;2;1.9038404967422098;1.9038404967422098;1.7279151020822536
336;35;5;3.8346292075502237;3.8346292075502237;3.025082740481681
337;363;5;2.3212086947835817;2.3212086947835817;2.57283831476733
338;216;4;1.8813761158127897;1.8813761158127897;1.9580050312358157
339;98;5;2.24685483677861;2.24685483677861;2.200728723065917
340;266;5;2.420547123986267;2.420547123986267;2.5188807472347703
341;194;5;1.4907519585823845;1.4907519585823845;1.6943348957075817
342;6;6;5.6770325414173675;5.6770325414173675;2.6545312674840065
343;304;5;2.2909140228942197;2.2909140228942197;2.524895153230318
344;215;5;3.4685061784296662;3.4685061784296662;3.2635722212913687
345;271;5;2.552336180759655;2.552336180759655;2.54581740815192
346;190;5;2.952590043018671;2.952590043018671;2.6126695500427433
347;36;6;3.4935516590734816;3.4935516590734816;2.884538893356046
348;197;5;1.487773064998514;1.487773064998514;1.6937306837736634
349;7;6;5.932437080451587;5.932437080451587;2.7213727358424364
350;247;5;3.153871972592392;3.153871972592392;3.1193097300113615
351;237;5;2.395850916257247;2.395850916257247;2.6191226842138264
352;93;6;3.5751247938583517;3.5751247938583517;2.8851879565570324
353;197;4;3.2419618546028004;3.2419618546028004;3.2756132318536935
354;234;6;3.0066559933262833;3.0066559933262833;2.8692504839501316
355;126;5;2.2906599876607965;2.2906599876607965;2.3298091113520556
356;228;5;2.0469730302813023;2.0469730302813023;2.1864667816892718
357;37;6;5.497777583002397;5.497777583002397;3.5184898727520366
358;157;4;3.2297487455139087;3.2297487455139087;3.0791684801389296
359;109;2;2.1622340220482585;2.1622340220482585;1.8315804548801562
360;70;2;2.149865553925769;2.149865553925769;1.6534468265108828
361;129;5;2.596501025194087;2.596501025194087;2.5068122099966006
362;53;6;5.4596205807925555;5.4596205807925555;3.6613484621860173
363;138;5;2.8244618073975394;2.8244618073975394;2.7331801716873207
364;93;2;1.8412331416422083;1.8412331416422083;1.6138253427257994
365;221;4;1.6768413959598771;1.6768413959598771;1.869348498644075
366;352;5;2.142810190183999;2.142810190183999;2.4226615673155294
367;318;6;2.2319997170026937;2.2319997170026937;2.5059695152958614
368;166;4;2.172275412005847;2.172275412005847;2.355790038613829
369;250;5;2.7538105484038113;2.7538105484038113;2.702584502873955
370;39;1;2.4529036745640105;2.4529036745640105;1.5049177101566469
371;206;4;2.7455875515761927;2.7455875515761927;2.533605079108177
372;172;4;1.726618541135159;1.726618541135159;1.9863852339888481
373;249;4;1.9839090276455686;1.9839090276455686;2.1734471762206944
374;245;5;2.16034440886219;2.16034440886219;2.273089432667719
375;71;2;2.1408651577964357;2.1408651577964357;1.6709312808719996
376;217;4;1.7931396241996942;1.7931396241996942;1.9601238407422372
377;187;4;1.5761357838486352;1.5761357838486352;1.7600059951881644
378;154;5;2.781953466061034;2.781953466061034;2.7654213537147925
379;163;5;2.566820056571781;2.566820056571781;2.3897484022950564
380;233;4;1.6433061242442413;1.6433061242442413;1.8147317262835867
381;328;6;2.448686621779337;2.448686621779337;2.7468660827744174
382;197;3;2.2085266925234723;2.2085266925234723;2.2347496728877654
383;173;4;1.9718542661481244;1.9718542661481244;2.300975500325919
384;289;5;2.047099524622509;2.047099524622509;2.2322137571926493
385;191;4;4.412692569975584;4.412692569975584;3.8989945732977827
386;388;5;3.1355106392321432;3.1355106392321432;3.283792316172821
387;130;6;4.322207635771182;4.322207635771182;3.5910712399246987
388;95;2;1.9652503162562547;1.9652503162562547;1.6811497717528392
389;223;4;1.5082001103079257;1.5082001103079257;1.7038803946904213
390;178;3;1.9911431780334372;1.9911431780334372;2.067558185457102
391;124;5;2.4727690658275856;2.4727690658275856;2.4251057051062546
392;53;2;2.472892438459614;2.472892438459614;1.574748486808836
393;233;5;2.213928632763657;2.213928632763657;2.2820683427696
394;161;5;2.4908653764191895;2.4908653764191895;2.5763814954046276
395;104;2;1.955184219025103;1.955184219025103;1.7029358599811253
396;268;4;2.3449600409469156;2.3449600409469156;2.409046625637396
397;194;5;3.3406235546166054;3.3406235546166054;3.1327246801966395
398;219;6;2.466053255553636;2.466053255553636;2.5518264177711467
399;69;6;3.037586709999766;3.037586709999766;2.4690031582760947
400;304;6;2.276440881732781;2.276440881732781;2.480761562824717
401;212;5;2.887321821578338;2.887321821578338;2.7783495063925274
402;217;5;2.800866667691224;2.800866667691224;2.6745614704174794
403;155;6;2.8026137647816016;2.8026137647816016;2.669217097228565
404;130;5;2.4088752514916787;2.4088752514916787;2.426597383018806
405;233;5;2.1177477970026906;2.1177477970026906;2.2371320667657
406;362;5;2.3797519187484673;2.3797519187484673;2.634101874611654
407;301;6;2.236907323188238;2.236907323188238;2.4719204442199314
408;60;6;2.600094461785609;2.600094461785609;2.2198385242265193
409;24;1;3.1013948497176274;3.1013948497176274;1.442372704017271
410;177;6;3.174307192390596;3.174307192390596;3.0787011039670107
411;221;4;1.812177853832463;1.812177853832463;1.9851223741119877
412;81;2;1.9976893823161848;1.9976893823161848;1.6600535754709944
413;166;4;4.556692424213105;4.556692424213105;3.869117546290301
414;227;4;1.9443894096670282;1.9443894096670282;2.0754042209094936
415;38;1;2.455787247334424;2.455787247334424;1.5015356322338766
416;322;6;2.0948765161109217;2.0948765161109217;2.4067817037242047
417;193;5;3.4492523728705318;3.4492523728705318;3.253805914899791
418;218;6;2.4598161226644986;2.4598161226644986;2.529453893428616
419;299;5;2.0816902694273467;2.0816902694273467;2.255335856318667
420;221;4;2.10173242419527;2.10173242419527;2.1738373289264667
421;193;4;1.4161473168918675;1.4161473168918675;1.6270970967821452
422;204;4;1.8896297908876527;1.8896297908876527;2.0146279293959997
423;373;5;2.491493737021879;2.491493737021879;2.7138575065053803
424;167;3;1.8198924072452127;1.8198924072452127;1.8133296121479126
425;95;2;1.93277889873146;1.93277889873146;1.6740257588587835
426;36;6;4.002458467780357;4.002458467780357;2.894853568661073
427;181;3;2.166926102458227;2.166926102458227;2.0778384698903967
428;252;5;2.5197448432189806;2.5197448432189806;2.5329291975561765
429;199;3;2.239247002575626;2.239247002575626;2.228723607907543
430;39;6;3.3870102687142305;3.3870102687142305;2.801717000777732
431;208;5;1.764505883434998;1.764505883434998;1.927476525288758
432;160;4;2.3439963703013915;2.3439963703013915;2.620730109191561
433;255;5;2.5211415803071215;2.5211415803071215;2.714262605285975
434;302;6;2.3986838638658594;2.3986838638658594;2.519337602435153
435;35;5;3.880177710666246;3.880177710666246;3.123954451150882
436;189;5;3.920618483335516;3.920618483335516;3.6211934675962003
437;205;5;2.5865277907735207;2.5865277907735207;2.711635077714534
438;301;6;2.369114641498995;2.369114641498995;2.565957674327411
439;306;5;2.760205685079901;2.760205685079901;2.8924964610382258
440;65;6;2.8720811267395203;2.8720811267395203;2.3394284392210185
441;161;4;2.428370331156851;2.428370331156851;2.700969368186338
442;309;4;1.9804687200712803;1.9804687200712803;2.146026824745467
443;369;5;2.1097657277639446;2.1097657277639446;2.4178225375600824
444;393;5;2.5669990399618725;2.5669990399618725;2.711960897544734
445;42;5;4.9051182805497;4.9051182805497;3.1108398011712644
446;190;4;1.6281009772698833;1.6281009772698833;1.8546797865146225
447;227;4;2.132252045239771;2.132252045239771;2.2215669716349558
448;188;4;1.9085114818026518;1.9085114818026518;2.0963376608525737
449;199;4;2.3485770546482674;2.3485770546482674;2.4077211345586624
450;189;4;1.9967253563352307;1.9967253563352307;2.084505967513712
451;282;5;2.44407773927788;2.44407773927788;2.6764771469771547
452;153;3;2.222320391603617;2.222320391603617;2.112855779145881
453;35;5;5.869075542057772;5.869075542057772;3.4643861189878042
454;260;4;2.03939642838872;2.03939642838872;2.2136030529540682
455;100;5;3.0479081086484965;3.0479081086484965;2.6418215544612567
456;178;5;3.3916668190251023;3.3916668190251023;2.8931551964576308
457;187;4;1.521171912290049;1.521171912290049;1.7548962126522556
458;136;2;1.9269661155074178;1.9269661155074178;1.7846811687929494
459;55;4;9.00450894888865;9.00450894888865;5.629993104283819
460;171;4;4.20774099151586;4.20774099151586;3.748567147150033
461;149;6;2.7521945918352193;2.7521945918352193;2.6051417809359365
462;145;4;3.1000440081690774;3.1000440081690774;3.0248652785404984
463;242;6;2.5522178076442317;2.5522178076442317;2.680213096635156
464;246;5;3.154774131722191;3.154774131722191;3.0104921753567746
465;257;4;2.4694771474627037;2.4694771474627037;2.5375817631871525
466;180;4;3.8098390707924956;3.8098390707924956;3.3119557433825433
467;256;4;1.949356471679866;1.949356471679866;2.152072126313993
468;35;6;3.5715185754579464;3.5715185754579464;2.9912551638260143
469;248;5;2.299970075264161;2.299970075264161;2.3491307412473406
470;146;5;3.7334167870554382;3.7334167870554382;3.4277631433612457
471;200;5;3.529297561517368;3.529297561517368;3.2291666480892824
472;341;5;2.843370741547453;2.843370741547453;2.9283233828792503
473;198;5;2.485365423573449;2.485365423573449;2.570362786826637
474;359;5;2.1167746202127624;2.1167746202127624;2.4152053999623093
475;182;5;4.229704529962685;4.229704529962685;3.810075337844479
476;186;3;2.0108925413792025;2.0108925413792025;2.09557498988662
477;281;4;2.1193963740505297;2.1193963740505297;2.2797230368085764
478;216;5;2.5607033178735663;2.5607033178735663;2.494290035295346
479;162;5;4.159776085485448;4.159776085485448;3.6018743408477887
480;72;2;1.9646918273105816;1.9646918273105816;1.5765827820043405
481;227;5;3.570641075074909;3.570641075074909;3.3496749848216005
482;177;4;2.5488711983892385;2.5488711983892385;2.767326503104025
483;268;4;2.834758724854767;2.834758724854767;2.684823052953096
484;38;5;4.1164410024371865;4.1164410024371865;3.205631408392524
485;130;2;1.8909169427242047;1.8909169427242047;1.7487130188867048
486;38;1;2.54135646990558;2.54135646990558;1.5088976213794854
487;102;2;1.993781192869855;1.993781192869855;1.727140796142133
488;351;6;2.2905057076094604;2.2905057076094604;2.4810659817704317
489;59;6;2.812810475793959;2.812810475793959;2.237479896699336
490;174;4;1.7387686805320193;1.7387686805320193;1.9964968059916863
491;195;6;3.1255847270137997;3.1255847270137997;2.956089347386129
492;252;6;2.350421269802258;2.350421269802258;2.5908056308539464
493;318;5;2.3331906168744716;2.3331906168744716;2.4562491041694625
494;35;6;4.12363470647752;4.12363470647752;2.894199025013122
495;105;5;2.5523566025621047;2.5523566025621047;2.3619751730058773
496;366;5;2.1021602512894306;2.1021602512894306;2.4410483852081577
497;183;4;1.5716504026467812;1.5716504026467812;1.7698018929933839
498;158;4;2.912489279038281;2.912489279038281;2.3929835355215765
499;188;3;1.8034124554330395;1.8034124554330395;1.855369536541638
500;200;5;2.2445452565725357;2.2445452565725357;2.261039477526069
501;212;6;2.3374781358137167;2.3374781358137167;2.5157362958498557
502;6;6;5.898108515651132;5.898108515651132;2.6869469706137994
503;211;5;1.6515462214354892;1.6515462214354892;1.8262158207068828
504;202;6;2.702033592617852;2.702033592617852;2.805147945008323
505;151;6;3.0038109901663494;3.0038109901663494;2.753950542902673
506;83;4;4.069466488088805;4.069466488088805;3.140826562065715
507;228;4;1.8587525876747442;1.8587525876747442;2.0171324340148478
508;172;4;1.6536278963718527;1.6536278963718527;1.8199717001256834
509;204;5;2.871083401131883;2.871083401131883;2.8692402216969772
510;197;6;2.9005640439432243;2.9005640439432243;2.7987329986198763
511;164;3;1.9682402309713898;1.9682402309713898;1.9483555232305823
512;191;5;3.4124165392765224;3.4124165392765224;3.0446875876487556
513;266;6;2.240949436812094;2.240949436812094;2.4423384205292984
514;218;4;1.688307239440881;1.688307239440881;1.9013498703691927
515;191;5;2.7982220885817357;2.7982220885817357;2.5979833047622987
516;217;4;2.086379847117093;2.086379847117093;2.119147203009694
517;244;5;2.5273822712931047;2.5273822712931047;2.665060317995225
518;169;6;2.8706551414675623;2.8706551414675623;2.6133250982235148
519;70;2;2.3261406104760627;2.3261406104760627;1.7255309125376685
520;152;4;2.2101966363788392;2.2101966363788392;2.3158331672047807
521;314;5;2.0188788015097465;2.0188788015097465;2.1591369589812324
522;35;6;4.023057168895653;4.023057168895653;2.963529002176885
523;297;5;2.3885265251916903;2.3885265251916903;2.602107487156442
524;318;5;2.4395919362527554;2.4395919362527554;2.5992113914960098
525;250;6;2.3286631689378;2.3286631689378;2.5081351887420107
526;211;4;1.6132395914301452;1.6132395914301452;1.8142337276853546
527;270;4;2.127060923110479;2.127060923110479;2.309710430535081
528;199;3;1.7999020261176797;1.7999020261176797;1.980786968886346
529;357;5;2.2317564257138565;2.2317564257138565;2.5424904727376796
530;272;4;2.192673359933506;2.192673359933506;2.3782067680370385
531;311;5;2.931744317949683;2.931744317949683;2.9448984734515573
532;160;4;2.39379615035882;2.39379615035882;2.423946672457371
533;38;6;3.6886997700623194;3.6886997700623194;2.9667579979029304
534;159;4;2.374654740847134;2.374654740847134;2.5624695436705887
535;35;6;3.5816606396593724;3.5816606396593724;2.949348660190961
536;257;5;2.9526760309571225;2.9526760309571225;3.011892504130894
537;44;6;4.625413094039485;4.625413094039485;2.8065996535182225
538;168;3;1.7642045315828767;1.7642045315828767;1.8647008305166615
539;239;5;2.2864156716685695;2.2864156716685695;2.3303740715587
540;155;3;2.1143821953533504;2.1143821953533504;2.073741920952825
541;198;3;1.720258114934184;1.720258114934184;1.8970813144655763
542;140;6;3.5408603251046125;3.5408603251046125;3.101135708870549
543;154;4;2.8049010195615898;2.8049010195615898;2.9096023242751556
544;193;5;1.4656371615151012;1.4656371615151012;1.658594144571327
545;129;2;2.186667944927612;2.186667944927612;1.9396608653160072
546;147;3;2.3259603844070096;2.3259603844070096;2.063856997965409
547;238;5;1.7529985313224274;1.7529985313224274;1.9003532025385206
548;82;4;6.000515545347006;6.000515545347006;4.489483125753823
549;56;6;3.2872477588574656;3.2872477588574656;2.464910249682749
550;360;5;2.5997275714330996;2.5997275714330996;2.8345328618138774
551;237;4;2.079598761324489;2.079598761324489;2.1910855909470457
552;157;5;3.0567567047432633;3.0567567047432633;2.881512177750323
553;188;4;2.770482137339608;2.770482137339608;2.8830371351972786
554;249;4;2.3386630799454218;2.3386630799454218;2.3916196414920563
555;162;3;1.8246845251394181;1.8246845251394181;1.8801749074709473
556;204;6;2.4769721907674693;2.4769721907674693;2.6932194958351996
557;256;5;2.7371833034703643;2.7371833034703643;2.8909415457913825
558;170;6;3.289358554886162;3.289358554886162;3.117252290703675
559;250;6;2.6084534154381402;2.6084534154381402;2.6750074223987212
560;269;5;2.4912470773631457;2.4912470773631457;2.6661384866294355
561;90;2;2.1362733317536082;2.1362733317536082;1.7525457632322237
562;193;4;1.4740771979964675;1.4740771979964675;1.665945719095606
563;183;4;2.4019850631342488;2.4019850631342488;2.6572083671904028
564;268;5;2.713102776056944;2.713102776056944;2.803181487993317
565;206;4;1.7290564686397156;1.7290564686397156;1.92479653452627
566;286;6;3.5761016391998464;3.5761016391998464;3.380671851394096
567;302;4;2.7072698004798372;2.7072698004798372;2.6275085779902945
568;271;5;2.2273934376200053;2.2273934376200053;2.351286748431012
569;243;5;1.8150474978651026;1.8150474978651026;1.9654868042825142
570;196;6;2.6354989605865056;2.6354989605865056;2.5916071749983605
571;196;5;3.3914541195305725;3.3914541195305725;3.1375220980969396
572;191;4;3.811161220907904;3.811161220907904;3.4452106507037605
573;283;4;2.248347234635833;2.248347234635833;2.350622257881337
574;71;2;2.068503483655661;2.068503483655661;1.6271560516595347
575;172;4;3.4228174076567632;3.4228174076567632;3.0205534127137508
576;306;4;2.8317682123572125;2.8317682123572125;2.7597691331256837
577;320;5;2.7550992171727517;2.7550992171727517;2.811150093688572
578;290;5;2.3639859910173815;2.3639859910173815;2.560038007531938
579;9;6;6.531361805389881;6.531361805389881;2.826506281300345
580;84;6;3.9229871635029188;3.9229871635029188;3.286736894301082
581;346;6;2.3507952183350778;2.3507952183350778;2.6246812309857677
582;228;5;3.4616209778492206;3.4616209778492206;3.2231781073989056
583;305;5;2.7830510585334545;2.7830510585334545;2.923506831663704
584;23;1;3.400168086792758;3.400168086792758;1.447636282151433
585;268;6;2.2701518294920353;2.2701518294920353;2.4508062469752523
586;225;5;2.5716266300337036;2.5716266300337036;2.6774775940798428
587;327;5;2.1591176035112905;2.1591176035112905;2.435302835951397
588;198;4;2.417638268472733;2.417638268472733;2.283832021139814
589;42;6;4.2611687440160955;4.2611687440160955;2.9043775928357234
590;159;6;3.6443613618081874;3.6443613618081874;3.335792403002924
591;289;5;2.498288894298591;2.498288894298591;2.5570775819035814
592;261;5;2.192164740721839;2.192164740721839;2.4067274123437823
593;219;4;2.451066507183686;2.451066507183686;2.408587661600887
594;147;2;1.8861431450452353;1.8861431450452353;1.8593593324027609
595;161;3;2.451049443658011;2.451049443658011;2.1579352017749316
596;86;6;3.57123989342044;3.57123989342044;2.7938286521134708
597;129;5;4.933432068602415;4.933432068602415;3.5292203223914216
598;116;5;2.2466164490747653;2.2466164490747653;2.2766879478928366
599;270;4;2.6732032868192634;2.6732032868192634;2.5555897888090597
600;324;6;3.350019684367431;3.350019684367431;3.296417743626118
601;38;6;3.4827150172403902;3.4827150172403902;2.9030219601610323
602;293;5;3.2238727326708143;3.2238727326708143;3.237817498109208
603;263;5;2.540307815312003;2.540307815312003;2.6040841380776323
604;38;4;4.9516570339893375;4.9516570339893375;2.9749767105559863
605;272;6;3.0260835196353053;3.0260835196353053;2.958490446330407
606;85;2;1.9836967561193661;1.9836967561193661;1.669366166938442
607;197;4;3.2521562452022215;3.2521562452022215;3.246441061959522
608;104;2;1.8340084323632082;1.8340084323632082;1.6555566376334436
609;202;3;2.025305292739781;2.025305292739781;2.124384049423077
610;254;4;2.213930496293437;2.213930496293437;2.2950010598698425
611;170;3;2.109452813381877;2.109452813381877;2.036291436214753
612;74;2;2.0259513378006493;2.0259513378006493;1.6234840921166152
613;322;6;2.607060901770878;2.607060901770878;2.799552551776016
614;258;5;2.1986412679063454;2.1986412679063454;2.325782323618039
615;351;5;2.125039889177796;2.125039889177796;2.4153885558355026
616;270;5;2.914357160100548;2.914357160100548;2.9346221305574
617;175;6;3.191083408197578;3.191083408197578;2.851973931924764
618;328;5;3.628196034234428;3.628196034234428;3.468268114608979
619;36;6;3.4905230809780656;3.4905230809780656;2.888529654564399
620;243;4;2.0962687169798846;2.0962687169798846;2.1668877738939476
621;303;6;2.4517817446930112;2.4517817446930112;2.639431435615785
622;81;5;2.4361049240559347;2.4361049240559347;2.201639882991631
623;270;4;2.276061794875419;2.276061794875419;2.3844088741204574
624;331;5;2.2467708120075027;2.2467708120075027;2.5091459929927233
625;155;4;3.158570362638422;3.158570362638422;3.031213545928014
626;325;5;2.400462898455449;2.400462898455449;2.5832612391219145
627;275;5;2.5335448219685897;2.5335448219685897;2.7404713796002316
628;283;5;2.2468410779347394;2.2468410779347394;2.484357838083037
629;293;6;2.1059433727680132;2.1059433727680132;2.414770078564874
630;371;5;2.2437720210657974;2.2437720210657974;2.572834761746915
631;239;4;1.9513099811132437;1.9513099811132437;2.1084592633548547
632;318;6;2.157511209409684;2.157511209409684;2.4310024711936826
633;201;4;1.9134290963461145;1.9134290963461145;2.0457045531156997
634;283;6;2.3446918162125097;2.3446918162125097;2.5210790616235026
635;339;5;2.54189294610375;2.54189294610375;2.775936222700044
636;320;5;2.5595954787277306;2.5595954787277306;2.7685545225806534
637;183;4;1.6846971665053418;1.6846971665053418;1.9422120353676557
638;238;4;1.905595729683874;1.905595729683874;2.058152019677102
639;156;4;3.5417791056828856;3.5417791056828856;3.6502511236974122
640;263;4;2.341750541363499;2.341750541363499;2.4253463248218714
641;318;5;2.2973886934120786;2.2973886934120786;2.546368780728039
642;186;5;2.429067210834506;2.429067210834506;2.5394540021637844
643;38;6;3.677069916667638;3.677069916667638;2.955518610623829
644;276;5;2.080537618609251;2.080537618609251;2.1461490983412004
645;46;1;2.40976946681396;2.40976946681396;1.520187837577855
646;227;5;2.422119874314471;2.422119874314471;2.4005795412164685
647;188;4;2.662225867958943;2.662225867958943;2.3701867476756235
648;297;5;2.2871891012024865;2.2871891012024865;2.431704824643391
649;329;6;2.3126998991067103;2.3126998991067103;2.634058697027104
650;237;4;2.010546583973467;2.010546583973467;2.185749229080352
651;275;4;2.0446220100398342;2.0446220100398342;2.2447966373538106
652;222;5;2.468393786442825;2.468393786442825;2.5224100922937898
653;309;5;2.6211290600869015;2.6211290600869015;2.7681036412966735
654;314;4;2.165631899575708;2.165631899575708;2.2600743598996247
655;29;1;2.8365164453447265;2.8365164453447265;1.4665059300522683
656;230;4;1.8629880371485916;1.8629880371485916;2.0412937200359966
657;176;3;1.9166143900425532;1.9166143900425532;2.002324025577608
658;154;5;3.4572673068554747;3.4572673068554747;3.013611653266004
659;174;4;1.844790287298007;1.844790287298007;2.029244224944055
660;129;5;2.309262083676675;2.309262083676675;2.3463834114640814
661;50;6;3.383648764915155;3.383648764915155;2.4309944804451376
662;127;2;2.1907093954193204;2.1907093954193204;1.9375545945191213
663;270;5;2.360946773360473;2.360946773360473;2.460642777185822
664;231;6;3.1553217159025695;3.1553217159025695;3.060442138658716
665;312;5;2.3134166915073178;2.3134166915073178;2.418414456589527
666;133;5;3.4560770527258544;3.4560770527258544;3.1478198075874775
667;396;5;3.2148005072434875;3.2148005072434875;3.269716920400851
668;181;3;2.161959347867634;2.161959347867634;2.1986069602726426
669;212;5;2.708828689545439;2.708828689545439;2.5695994271242064
670;203;4;2.048132975578633;2.048132975578633;2.07474199858663
671;301;6;2.2089056444850916;2.2089056444850916;2.4296575896886377
672;87;5;5.393247730350172;5.393247730350172;3.936638817346119
673;128;2;2.1855972950947753;2.1855972950947753;1.9634177988884496
674;109;5;4.023531669377507;4.023531669377507;3.266496392865175
675;63;6;2.608225570678557;2.608225570678557;2.2571168477480366
676;141;5;2.4260140812802495;2.4260140812802495;2.458724494787746
677;273;6;2.402090639031661;2.402090639031661;2.545614764973029
678;284;5;2.8516876960880926;2.8516876960880926;2.8582560483054498
679;110;2;2.3101352859055173;2.3101352859055173;1.9278512876574023
680;124;4;3.6423095062390076;3.6423095062390076;3.074753033934111
681;100;5;3.4748098605173903;3.4748098605173903;2.9849032096693824
682;250;4;2.1832243047274695;2.1832243047274695;2.305807883043155
683;318;5;2.2149515799053563;2.2149515799053563;2.493972805362002
684;88;5;4.175694472617005;4.175694472617005;3.061371727607545
685;177;3;1.7065862496346509;1.7065862496346509;1.8295430765520448
686;299;5;2.5114608642640057;2.5114608642640057;2.6369258901047665
687;299;6;2.7249131623268634;2.7249131623268634;2.769612176806838
688;206;3;1.8109586383370646;1.8109586383370646;1.934764257129798
689;197;4;2.0110212957656053;2.0110212957656053;2.019868180579446
690;345;5;2.3805294804810755;2.3805294804810755;2.60517841675978
691;92;5;3.6340727251398017;3.6340727251398017;2.890585703194088
692;259;5;2.205300534459602;2.205300534459602;2.3649473825337157
693;312;5;2.4868439057420115;2.4868439057420115;2.5504475653873038
694;251;6;2.259084214794604;2.259084214794604;2.449790969626425
695;37;1;2.553798243193589;2.553798243193589;1.506762073959924
696;240;5;2.4902174595936706;2.4902174595936706;2.4146735589079724
697;39;6;3.439714198200577;3.439714198200577;2.8163018486865257
698;245;5;2.3172999477282805;2.3172999477282805;2.378534926319566
699;356;5;2.597611461442496;2.597611461442496;2.71558031655999
700;182;3;1.7656522242563153;1.7656522242563153;1.9257167663877006
701;274;5;3.838257977508602;3.838257977508602;3.6253329349884087
702;101;5;2.8152467519932807;2.8152467519932807;2.569303189857598
703;36;5;3.8119108648095894;3.8119108648095894;3.027158847609936
704;265;4;1.986590974165083;1.986590974165083;2.1673668353286044
705;161;6;2.8102056724100053;2.8102056724100053;2.7320253912296733
706;35;6;4.186245587902304;4.186245587902304;3.0480860389537314
707;69;2;2.286976999801199;2.286976999801199;1.7074189068108576
708;134;5;2.2355528023952407;2.2355528023952407;2.3237293217557777
709;243;4;2.2651245419366175;2.2651245419366175;2.2556516126674153
710;57;2;2.313762677833886;2.313762677833886;1.5709912563675736
711;356;6;6.212258724102375;6.212258724102375;4.973515675339959
712;243;5;4.046199859647706;4.046199859647706;3.613220358579321
713;94;2;1.9649832131703384;1.9649832131703384;1.6671285953360877
714;331;5;2.249839032236406;2.249839032236406;2.517314932226702
715;55;2;2.407069395619188;2.407069395619188;1.577004831970357
716;183;3;2.0449479851990215;2.0449479851990215;1.9966132420392138
717;244;5;3.8101671361819194;3.8101671361819194;3.4057807026444475
718;215;3;2.039283189413807;2.039283189413807;2.120858152114867
719;251;5;3.221392926130674;3.221392926130674;3.0766706265007646
720;221;6;2.9506093015540533;2.9506093015540533;2.8693263069008728
721;179;3;1.8489750817180814;1.8489750817180814;1.9704309144310261
722;283;5;2.270432556304175;2.270432556304175;2.403569430111922
723;273;5;2.4243046338218104;2.4243046338218104;2.5023994952987207
724;259;5;2.9390587753791086;2.9390587753791086;2.9699063167380446
725;193;6;2.990765222692382;2.990765222692382;3.078610483109596
726;210;4;1.7448451092724913;1.7448451092724913;1.9172621893527138
727;205;5;3.7581382579779827;3.7581382579779827;3.3846461333800764
728;96;5;2.8075147402592107;2.8075147402592107;2.439588384916643
729;220;6;2.368532629701158;2.368532629701158;2.4288261154704522
730;219;5;2.4896705184215504;2.4896705184215504;2.45447755587975
731;304;5;2.6718577770722933;2.6718577770722933;2.790732779596184
732;181;4;2.880326346083835;2.880326346083835;2.5500732294151716
733;234;4;2.1340736207794193;2.1340736207794193;2.246294929372777
734;291;5;2.8477888089678656;2.8477888089678656;2.967820494905335
735;267;6;2.3499181819616557;2.3499181819616557;2.577416439487161
736;302;4;2.2862907391142087;2.2862907391142087;2.3756942209539393
737;125;6;3.016222949509482;3.016222949509482;2.6880568487567307
738;244;4;2.3060765992647903;2.3060765992647903;2.323227281138362
739;319;5;2.8887594878893834;2.8887594878893834;3.0231526184922184
740;258;5;2.2970377551586396;2.2970377551586396;2.3531618402918806
741;226;4;2.1194281094583793;2.1194281094583793;2.2441424197650295
742;286;4;2.0817670122283785;2.0817670122283785;2.2446813699688417
743;181;5;2.6418632313077812;2.6418632313077812;2.665774290650179
744;241;5;2.264572716847982;2.264572716847982;2.34360993812232
745;257;5;2.6528250654387517;2.6528250654387517;2.6285615304065146
746;101;5;4.063218097824581;4.063218097824581;3.4224022710528224
747;154;4;2.6383007579162054;2.6383007579162054;2.7098876297147028
748;156;3;2.2673166864422782;2.2673166864422782;2.0773420946915815
749;136;5;2.6662531499041826;2.6662531499041826;2.5671984402087347
750;271;5;2.465112076060712;2.465112076060712;2.659190984743152
751;217;5;2.3016783437100647;2.3016783437100647;2.346015536343497
752;361;6;2.193004206886557;2.193004206886557;2.52914369701069
753;34;1;2.674196335690329;2.674196335690329;1.4924045758403999
754;146;5;3.4138283633036273;3.4138283633036273;3.191229012523602
755;283;5;2.323123734251793;2.323123734251793;2.3934926666157486
756;163;5;3.9095603820196985;3.9095603820196985;3.5385636587991582
757;304;5;2.682103677305384;2.682103677305384;2.838861148316662
758;343;5;2.332025817847348;2.332025817847348;2.5516737214628655
759;61;6;2.7320984257491707;2.7320984257491707;2.1897428796308573
760;270;6;2.979074116208027;2.979074116208027;2.921476167174098
761;100;5;2.77265840325497;2.77265840325497;2.516998085110195
762;256;6;2.4500929737691757;2.4500929737691757;2.582800090479863
763;187;3;2.5043677896438234;2.5043677896438234;2.283569353615558
764;366;5;2.9435028779873735;2.9435028779873735;3.016861906908441
765;298;5;1.9406756679064645;1.9406756679064645;2.133105623335282
766;301;5;2.795744194764149;2.795744194764149;2.8582966665298053
767;266;6;2.1855002080375763;2.1855002080375763;2.49768136745403
