Skewness: 0.0, Average LID: LPCA: 5.076822916666667  |||  MLE: 3.285050998565944  |||  MLENB: 3.285050998565944  |||  TLE: 3.169403583579929
LPCA: 0.3510772716062719  |||  MLE: -0.2929686953331209  |||  MLENB: -0.2929686953331209  |||  TLE: 0.06621788556307528
node;in_degree;local_intrinsic_dimensionality_LPCA;local_intrinsic_dimensionality_MLE;local_intrinsic_dimensionality_MLENB;local_intrinsic_dimensionality_TLE
0;69;5;4.894734369734451;4.894734369734451;4.783128766423276
1;106;6;2.653704573384186;2.653704573384186;2.865204497782201
2;52;5;2.711881140553719;2.711881140553719;2.694900390922817
3;95;6;2.7027709487833507;2.7027709487833507;2.938382254919287
4;78;5;4.3910753406260685;4.3910753406260685;4.073589115416815
5;145;6;2.908515993211338;2.908515993211338;3.122462066924771
6;58;6;3.485095790073573;3.485095790073573;3.265941232303111
7;35;5;2.4301895536620868;2.4301895536620868;2.7452191991214536
8;22;1;2.011983959502318;2.011983959502318;1.5365231829163593
9;12;6;6.34430457402268;6.34430457402268;4.012500070459737
10;72;6;3.1766100641610535;3.1766100641610535;3.1789422925415227
11;76;5;2.581521442845041;2.581521442845041;2.853428486006249
12;91;5;2.8483978441252065;2.8483978441252065;2.91481770515103
13;7;1;3.849155472483097;3.849155472483097;1.3661281790565967
14;65;5;3.383860542234555;3.383860542234555;3.4069003186981366
15;35;5;2.4340024699865896;2.4340024699865896;2.7512944616813346
16;98;5;2.3946719681826423;2.3946719681826423;2.5178748655737215
17;149;6;2.7055676958474035;2.7055676958474035;3.085199462912137
18;16;6;5.255587460142187;5.255587460142187;3.7903251023382816
19;128;6;3.4835014519906915;3.4835014519906915;3.6643935499192297
20;94;5;2.4835943055440124;2.4835943055440124;2.5904809085725677
21;70;6;3.42544020851657;3.42544020851657;3.4240895619012384
22;41;5;2.596856389798673;2.596856389798673;2.5045240071285884
23;89;5;2.7384354782921156;2.7384354782921156;2.7617236685760918
24;70;5;3.3776282598820995;3.3776282598820995;3.4297064381460625
25;112;5;2.9476667368852345;2.9476667368852345;3.1642097883261675
26;122;5;2.735051372037602;2.735051372037602;2.8291619931455507
27;63;5;3.7989840315045256;3.7989840315045256;3.5789725143418814
28;47;5;3.926746187387677;3.926746187387677;3.454424540885886
29;96;6;3.531166044475107;3.531166044475107;3.546407498022577
30;52;5;4.814354649296517;4.814354649296517;4.46072641967934
31;90;4;2.53134188154383;2.53134188154383;2.460851828308904
32;78;5;2.374290013115885;2.374290013115885;2.6587255082207566
33;41;6;4.47651053993105;4.47651053993105;3.7580018115300273
34;74;5;3.8692152549967096;3.8692152549967096;3.9551285478299123
35;84;5;2.413884827016418;2.413884827016418;2.5673027001924185
36;134;4;2.6701140023142793;2.6701140023142793;2.8734388044375674
37;71;5;3.300443793999069;3.300443793999069;3.30530825733081
38;72;6;2.7365252263713447;2.7365252263713447;2.7723950886201063
39;94;5;2.659684393480436;2.659684393480436;2.569125732207151
40;15;4;6.4860021024217875;6.4860021024217875;4.714289714291122
41;126;5;2.634843678390534;2.634843678390534;2.876978448118616
42;68;5;5.7247408842270815;5.7247408842270815;5.080630234836164
43;76;4;3.2692517430556527;3.2692517430556527;2.7975402195077357
44;95;5;3.0337308777100596;3.0337308777100596;3.1960172698873186
45;45;5;3.3386417750140054;3.3386417750140054;3.044373916075873
46;91;4;3.1797418573499234;3.1797418573499234;2.950102863517204
47;63;6;3.508367249121759;3.508367249121759;3.2871894710248606
48;99;6;2.801369250595572;2.801369250595572;2.898240760936993
49;34;5;2.797481470637275;2.797481470637275;2.7709188524101065
50;86;6;3.7462931137982243;3.7462931137982243;3.684842760880051
51;65;4;4.171806604322968;4.171806604322968;3.8920771181000866
52;97;5;5.4577322125563015;5.4577322125563015;4.27447283699125
53;61;3;2.0597909450561254;2.0597909450561254;2.048414269193711
54;53;2;1.8716453511201305;1.8716453511201305;1.8492366376203946
55;63;6;3.466603353323758;3.466603353323758;3.1082654380374124
56;59;3;1.9697269928537198;1.9697269928537198;1.9935369604852164
57;24;5;4.818291277130209;4.818291277130209;3.7229164486851176
58;115;5;3.283962152213813;3.283962152213813;3.3423190404596643
59;85;5;3.231282993070633;3.231282993070633;3.3961744907880096
60;30;5;2.99236291218617;2.99236291218617;2.903307668407365
61;143;5;2.735032056071576;2.735032056071576;2.9452804771268593
62;21;6;4.394972194755098;4.394972194755098;2.9677582398512046
63;93;5;3.523658055874835;3.523658055874835;3.6823110537041686
64;139;6;2.6555189784414055;2.6555189784414055;2.90708703069359
65;122;5;2.8209555658333447;2.8209555658333447;2.881872926395234
66;86;6;3.5559392268934005;3.5559392268934005;3.5282286039190245
67;54;6;3.900006053778046;3.900006053778046;3.545690154794072
68;60;4;2.8376815038636654;2.8376815038636654;3.091709030197662
69;68;5;3.558386196635197;3.558386196635197;3.3465264683835065
70;125;6;2.792010862550356;2.792010862550356;3.024507209593019
71;115;5;3.22895441927238;3.22895441927238;3.420247581043281
72;83;5;4.241625453938466;4.241625453938466;3.982974167678506
73;75;3;2.5148384807157194;2.5148384807157194;2.4419093278028794
74;75;6;3.1674749512616294;3.1674749512616294;3.2917707384512003
75;5;6;6.266346097698919;6.266346097698919;3.084773374414692
76;33;5;3.9261353848094145;3.9261353848094145;3.394799476781814
77;99;6;2.420024916653964;2.420024916653964;2.6238896926939512
78;34;5;2.545768021721722;2.545768021721722;2.8912170426342123
79;117;5;2.5147841504546222;2.5147841504546222;2.9081112152684323
80;76;5;4.2728064368223215;4.2728064368223215;3.4879993509940173
81;26;5;3.388687175749739;3.388687175749739;2.9803292380923296
82;100;5;3.3854323308521193;3.3854323308521193;3.4499476056956158
83;105;6;2.201023280241517;2.201023280241517;2.5620958000621465
84;35;5;4.645028198304836;4.645028198304836;3.5921780777364223
85;113;6;2.9153651253383814;2.9153651253383814;3.096878709530491
86;40;5;3.910324630409014;3.910324630409014;3.150211949380076
87;133;6;3.6333110426586033;3.6333110426586033;3.83386640712975
88;84;5;3.084552197829036;3.084552197829036;3.100242379822732
89;151;5;2.6983807472430366;2.6983807472430366;2.9782510406096385
90;64;6;3.094956834594327;3.094956834594327;2.98472581205639
91;108;5;3.173880884030322;3.173880884030322;3.3912270288550337
92;40;6;3.5574531851789213;3.5574531851789213;3.176007397138221
93;69;5;3.305174152899822;3.305174152899822;3.298706593085484
94;27;5;4.460515758180458;4.460515758180458;3.7564579074929623
95;107;5;3.0603417891600055;3.0603417891600055;3.0011795299870476
96;119;6;2.3322237753236115;2.3322237753236115;2.671931365902952
97;45;5;3.927559593514926;3.927559593514926;3.2292075171934136
98;99;5;3.5518614675911793;3.5518614675911793;3.486188094670754
99;104;5;2.5249563799500088;2.5249563799500088;2.578332128664434
100;84;5;2.751456388247183;2.751456388247183;3.0005221457410642
101;73;5;3.157363891063651;3.157363891063651;2.8898524978654625
102;38;5;3.658067646452097;3.658067646452097;3.2947355348479888
103;73;5;2.464022691224328;2.464022691224328;2.672290200882839
104;80;5;3.42901345014226;3.42901345014226;3.3606666664601232
105;115;5;3.3604504536457136;3.3604504536457136;3.5023672683162723
106;2;5;6.43842341999377;6.43842341999377;3.6357096068825863
107;100;5;3.3962338487368458;3.3962338487368458;3.5546889672010966
108;82;6;4.148749791732288;4.148749791732288;3.632390570403147
109;59;5;4.57928201980466;4.57928201980466;4.360052875352462
110;55;5;2.9385042646326163;2.9385042646326163;2.936016756357336
111;24;1;1.761893374096318;1.761893374096318;1.5456475561042162
112;70;5;3.3868192750489934;3.3868192750489934;3.420226720097679
113;67;6;3.1133017539776415;3.1133017539776415;3.163529109894306
114;84;5;3.6617625063300903;3.6617625063300903;3.575621703074425
115;74;5;3.311885514041232;3.311885514041232;3.322235737134859
116;146;6;2.916898965389109;2.916898965389109;3.05047806073872
117;61;6;4.0052255191941475;4.0052255191941475;3.6327967479633085
118;133;6;2.424654027967735;2.424654027967735;2.7716326007183967
119;82;6;2.330669043036578;2.330669043036578;2.6002349619127947
120;22;5;5.08108260558236;5.08108260558236;3.7644565040755964
121;79;5;2.485982723984236;2.485982723984236;2.5833687253497826
122;121;6;3.1228043848985787;3.1228043848985787;3.3035342079833194
123;53;5;3.2842237002216685;3.2842237002216685;3.192850569471852
124;117;5;3.0542016545854613;3.0542016545854613;3.168100824728321
125;6;5;5.148177963208771;5.148177963208771;3.335345882364141
126;124;6;3.3797922419025515;3.3797922419025515;3.574230121753168
127;107;6;3.485356129857283;3.485356129857283;3.564884031959826
128;104;5;4.1892397293595645;4.1892397293595645;4.060324003957858
129;46;6;3.221034908876327;3.221034908876327;3.1774005238616936
130;53;5;3.1140558524523354;3.1140558524523354;3.074436860443614
131;108;5;3.217297884272723;3.217297884272723;3.300955540853835
132;99;5;2.9458903420822327;2.9458903420822327;2.760287183190917
133;74;6;3.0151582253953877;3.0151582253953877;3.085189533879055
134;82;6;2.114502737785854;2.114502737785854;2.5208893638762864
135;123;5;3.3420695850496167;3.3420695850496167;3.381391175601069
136;97;6;2.748371617220932;2.748371617220932;2.9277857434318175
137;107;6;2.479021639010963;2.479021639010963;2.774441227384702
138;120;5;2.6865161389036034;2.6865161389036034;2.995878651517813
139;55;2;2.2119130567207264;2.2119130567207264;2.005482621613527
140;84;6;3.4008655518790802;3.4008655518790802;3.3782766472142907
141;94;5;3.1400179412929634;3.1400179412929634;3.219652256881007
142;99;6;3.4991409940681146;3.4991409940681146;3.396250987367197
143;128;6;2.786679863399911;2.786679863399911;3.003450763265279
144;69;3;1.9900537212541303;1.9900537212541303;2.046256078990277
145;5;6;6.117853837578431;6.117853837578431;4.0061304480006585
146;22;6;4.318298856310424;4.318298856310424;3.334925076633457
147;107;6;3.0691374655179535;3.0691374655179535;3.180290908076711
148;77;5;2.7139847778214654;2.7139847778214654;2.8466674938895635
149;130;6;3.4472320924567224;3.4472320924567224;3.6753191928472497
150;120;5;2.7413340120567034;2.7413340120567034;2.8342824551519823
151;150;6;3.175323382549552;3.175323382549552;3.4149587537827055
152;79;5;3.1589102626924968;3.1589102626924968;3.2814356463467824
153;25;1;1.7163615099147933;1.7163615099147933;1.5453654125031848
154;52;5;2.573840554088078;2.573840554088078;2.576932799476707
155;38;5;3.915247906307691;3.915247906307691;4.011256212655797
156;79;6;2.879463716932676;2.879463716932676;3.056775933635053
157;85;5;3.3295799939042507;3.3295799939042507;3.320664544987831
158;90;6;2.2876892339029724;2.2876892339029724;2.5570402818543103
159;44;5;3.3057378969302036;3.3057378969302036;3.103655623867297
160;57;5;4.153526097792673;4.153526097792673;4.275454949425286
161;82;5;3.988544834940323;3.988544834940323;3.7755858449384156
162;68;3;2.3144021488472335;2.3144021488472335;2.1903142645342704
163;129;6;2.4336816764708287;2.4336816764708287;2.8253523345935845
164;110;5;2.8525697176861677;2.8525697176861677;3.0846163503481963
165;78;5;3.916541915493649;3.916541915493649;3.7536654822012085
166;80;5;5.476727487221461;5.476727487221461;4.662376766110356
167;151;6;2.5871900253172258;2.5871900253172258;2.826148861258618
168;159;6;2.479795800487377;2.479795800487377;2.8084860923381894
169;73;5;4.604961091805199;4.604961091805199;4.248805772697709
170;119;6;3.128917793045838;3.128917793045838;3.2986542568422386
171;116;5;3.1545737690625115;3.1545737690625115;3.3665559150424658
172;32;5;3.8695659285572894;3.8695659285572894;3.3516883429148545
173;61;6;3.5324718738504;3.5324718738504;3.246011605204787
174;82;6;2.7606030704461135;2.7606030704461135;2.859584002872718
175;44;5;3.0198281210196396;3.0198281210196396;2.8759972054411582
176;79;6;3.483716413126413;3.483716413126413;3.4862317568837944
177;12;5;6.382688149441724;6.382688149441724;4.18870386183826
178;110;5;3.2748890683657255;3.2748890683657255;3.307486266158238
179;128;5;2.7576652571717397;2.7576652571717397;3.0344493998496946
180;87;5;3.4875524429672944;3.4875524429672944;3.4870204375088845
181;111;6;3.2569327968400423;3.2569327968400423;3.391574329290094
182;5;5;6.457109176705793;6.457109176705793;3.476623783089601
183;63;6;3.0198832272864076;3.0198832272864076;3.1081943809189516
184;134;4;2.806298632394244;2.806298632394244;2.869329453923025
185;40;5;2.8411151173755727;2.8411151173755727;2.668158212493421
186;24;1;1.8324012563047058;1.8324012563047058;1.5614198280132292
187;22;5;5.822114091978791;5.822114091978791;4.463399101373739
188;105;6;3.065625868129834;3.065625868129834;3.150571533091038
189;128;5;3.584422960114865;3.584422960114865;3.5874984433825046
190;124;5;2.943959342866925;2.943959342866925;3.239788067007886
191;86;5;3.6329490015084502;3.6329490015084502;3.4876178018165147
192;95;5;2.8241779307325845;2.8241779307325845;2.9933904332619607
193;31;5;3.1920644999823096;3.1920644999823096;3.1232821524272083
194;97;6;5.325011786740031;5.325011786740031;4.435633037640629
195;113;5;2.894038187026035;2.894038187026035;2.8576005325535583
196;123;5;2.836824271552618;2.836824271552618;3.0682015495937653
197;69;5;2.490444251856752;2.490444251856752;2.7234828101129445
198;107;6;3.172386898189908;3.172386898189908;3.3136228420982485
199;58;2;1.7873159559929732;1.7873159559929732;1.827930093738295
200;128;5;4.554164490460511;4.554164490460511;4.277096644444833
201;107;5;2.7916665476882696;2.7916665476882696;2.9776334690800947
202;160;5;3.6441475309998106;3.6441475309998106;3.8094279653907623
203;73;6;2.214413924251492;2.214413924251492;2.5973711525794014
204;75;5;2.7194810125768956;2.7194810125768956;2.7249843127329463
205;102;5;2.4280151923493687;2.4280151923493687;2.7032083867002856
206;62;3;2.544068221825824;2.544068221825824;2.4267331869674167
207;56;5;4.066898661001817;4.066898661001817;3.6654815863250017
208;126;6;2.4166054462293283;2.4166054462293283;2.6932653359206613
209;50;5;2.885249543290939;2.885249543290939;2.812862790540831
210;105;6;2.791046097781451;2.791046097781451;2.841444010024013
211;36;4;3.3584729174138603;3.3584729174138603;3.0590817021549817
212;44;5;3.414550111587755;3.414550111587755;3.045003111098776
213;103;5;3.615655620802931;3.615655620802931;3.737863573862368
214;98;5;2.947063085594043;2.947063085594043;3.1122278153402823
215;74;4;2.1560810506421695;2.1560810506421695;2.1673993288020337
216;94;5;3.5068219756129606;3.5068219756129606;3.6291138132458336
217;127;6;2.6283920187382583;2.6283920187382583;2.8878674675670784
218;123;6;3.3481766526508556;3.3481766526508556;3.454771661248063
219;126;6;2.966175351424824;2.966175351424824;3.136110751236109
220;25;1;1.7583368780679907;1.7583368780679907;1.562559672045165
221;61;5;3.3045407104654636;3.3045407104654636;3.2434567439844835
222;34;5;2.3375109306882575;2.3375109306882575;2.692589204250475
223;105;5;4.797061354373122;4.797061354373122;4.107306265925808
224;104;6;2.270411042939943;2.270411042939943;2.5811716339631356
225;68;4;4.240843541712525;4.240843541712525;4.078779460985736
226;112;5;3.3117963276387776;3.3117963276387776;3.5054864094366165
227;47;4;5.099904017139307;5.099904017139307;4.173321677250424
228;15;1;3.0915390902272937;3.0915390902272937;1.4093418473931028
229;57;5;5.331701204218262;5.331701204218262;4.438631552650302
230;85;5;3.2890182512290997;3.2890182512290997;3.1166344323009363
231;45;2;2.016581264119028;2.016581264119028;1.7789760017917344
232;65;5;3.289338808687742;3.289338808687742;3.3585552598521757
233;136;6;2.6357802235900043;2.6357802235900043;2.833354810772106
234;71;6;2.265836221543374;2.265836221543374;2.381653266681014
235;63;5;2.620523122646782;2.620523122646782;2.7749337454064156
236;55;5;3.327405257303107;3.327405257303107;3.1942832931366882
237;45;5;3.238882989321706;3.238882989321706;2.9743231167775606
238;79;5;4.0799082743877975;4.0799082743877975;3.7996594292563697
239;107;6;3.8499724006994227;3.8499724006994227;3.8132671655322072
240;121;6;2.4365344735549974;2.4365344735549974;2.811918242060041
241;115;6;2.573789517008989;2.573789517008989;2.816361969622508
242;77;5;3.6153977493171072;3.6153977493171072;3.2459377191681678
243;91;5;2.935868731507894;2.935868731507894;3.0826810791231716
244;117;5;2.942384238276225;2.942384238276225;3.0280186368329822
245;57;5;2.5431476818701384;2.5431476818701384;2.5773615429562007
246;150;6;3.135209881534195;3.135209881534195;3.3219887526656287
247;16;1;2.7312685051173267;2.7312685051173267;1.456716943801129
248;38;2;2.085571954950492;2.085571954950492;1.7605289572926073
249;108;5;4.454125073609333;4.454125073609333;4.34861513815271
250;98;6;4.1466504107720406;4.1466504107720406;3.6314704543463012
251;97;5;2.8041218664701284;2.8041218664701284;3.0804165378943402
252;84;6;2.5047650789070537;2.5047650789070537;2.7238308524668633
253;91;6;2.4497124881352184;2.4497124881352184;2.6978998473648708
254;68;3;3.4535641169247473;3.4535641169247473;2.6909700847296114
255;83;5;2.222198648923442;2.222198648923442;2.3858848126105934
256;72;5;2.919463892561964;2.919463892561964;2.8472829660764756
257;134;5;2.783685156368625;2.783685156368625;3.168158002445588
258;44;2;2.203959327789243;2.203959327789243;1.893355623434074
259;75;5;3.042436350489166;3.042436350489166;3.161733586045213
260;34;5;3.439158849530548;3.439158849530548;2.9574903551502167
261;34;5;2.4668193201097544;2.4668193201097544;2.8240000580877913
262;103;6;2.326726800241227;2.326726800241227;2.617268578796303
263;85;5;3.481925468440664;3.481925468440664;3.4361450522305264
264;142;6;2.6803444011331132;2.6803444011331132;2.8963579424372488
265;109;6;3.9243516211238387;3.9243516211238387;3.790974626246945
266;34;5;2.416932409709293;2.416932409709293;2.842100361443942
267;49;4;3.418029014381269;3.418029014381269;3.233772783084573
268;96;5;3.295490971285849;3.295490971285849;3.282285934150418
269;34;5;2.6305115145393194;2.6305115145393194;2.7981989603794926
270;57;5;3.218816871762313;3.218816871762313;3.074863913500868
271;102;6;3.3488696525081196;3.3488696525081196;3.351915387423836
272;138;6;3.640143066465722;3.640143066465722;3.5682036186534107
273;34;5;3.860765417451321;3.860765417451321;3.3418285381863724
274;77;6;3.24206475772731;3.24206475772731;3.3120135499417924
275;54;6;4.237772335391901;4.237772335391901;3.765180353745458
276;147;5;2.8580649300130774;2.8580649300130774;3.2000257639258884
277;100;6;3.0118657344680724;3.0118657344680724;3.137595988122645
278;74;6;2.630912884243741;2.630912884243741;2.8697563975623925
279;63;3;2.9109398187160047;2.9109398187160047;2.67327863660042
280;120;5;2.722882873139448;2.722882873139448;2.7406807512077753
281;110;5;2.9874182533805937;2.9874182533805937;3.186283343082472
282;113;5;3.846405709326294;3.846405709326294;3.8473908150552356
283;86;5;2.745306760044861;2.745306760044861;2.9709459261293474
284;87;6;2.8855876073136892;2.8855876073136892;3.103471742928802
285;91;5;3.196393354336793;3.196393354336793;3.3200647242278643
286;22;1;1.9056036080386813;1.9056036080386813;1.5080522805158554
287;112;5;2.3051527297395147;2.3051527297395147;2.485218761987691
288;74;5;2.3195864658773444;2.3195864658773444;2.6524491922757427
289;96;6;3.649003679833689;3.649003679833689;3.652748144024983
290;50;5;3.542781756172008;3.542781756172008;3.401446461930124
291;130;6;3.3601567454751597;3.3601567454751597;3.483826809106923
292;118;5;3.031003084768;3.031003084768;3.198655595753003
293;106;5;3.062175152518569;3.062175152518569;2.952138396892792
294;44;5;4.436784583649416;4.436784583649416;3.4160560297749876
295;71;5;3.0551640897470413;3.0551640897470413;3.1245596336220474
296;50;2;1.8843916560810985;1.8843916560810985;1.729307697652328
297;119;5;2.342755965367484;2.342755965367484;2.5434862216260825
298;72;5;2.8619872427341946;2.8619872427341946;2.877705298799453
299;63;6;2.7744761683915664;2.7744761683915664;2.9734278331594406
300;23;4;3.734920387932898;3.734920387932898;3.2626757660105863
301;100;5;3.3838865911732725;3.3838865911732725;3.635833840301595
302;49;5;3.617280109823399;3.617280109823399;3.4650033224539762
303;25;6;4.7469180097865085;4.7469180097865085;3.6214762218966445
304;109;5;3.324953937436661;3.324953937436661;3.2674127073841945
305;117;6;3.1482960633082966;3.1482960633082966;3.2464580336014635
306;59;5;2.812013609012524;2.812013609012524;2.8782144681252535
307;103;5;4.521514024781404;4.521514024781404;4.299120824380147
308;109;5;2.4398664970865798;2.4398664970865798;2.7495913408145403
309;121;5;2.212683652193069;2.212683652193069;2.4783863112453095
310;69;6;3.467055806695921;3.467055806695921;3.391949575345863
311;96;5;3.128599057949317;3.128599057949317;3.356489923987708
312;40;5;3.6355123967107725;3.6355123967107725;3.307815579185626
313;73;6;4.161928526906734;4.161928526906734;3.8700541678382363
314;88;6;3.0870077410883145;3.0870077410883145;3.2150677984969747
315;129;6;3.0000111389234396;3.0000111389234396;3.2165632499941235
316;89;5;3.1209416326371686;3.1209416326371686;3.1592777342894163
317;57;5;2.5411063299274095;2.5411063299274095;2.7209844468535658
318;120;5;3.1933679683248517;3.1933679683248517;3.4341230947237533
319;43;5;2.6433602986183615;2.6433602986183615;2.4901580394699336
320;103;5;3.4068095007380457;3.4068095007380457;3.070968835947107
321;103;6;2.190532695831572;2.190532695831572;2.433122678593007
322;142;5;6.135959336041959;6.135959336041959;5.500971968744587
323;42;6;7.453787062169936;7.453787062169936;5.488323928574225
324;88;5;2.426495929358499;2.426495929358499;2.590971223384359
325;89;5;3.626173463895195;3.626173463895195;3.582610972748993
326;127;5;2.7226354439420306;2.7226354439420306;2.9101125900129428
327;60;5;2.403497041425712;2.403497041425712;2.636319892299262
328;66;6;3.5753346682618754;3.5753346682618754;3.3488116739151006
329;126;6;4.06996274678823;4.06996274678823;4.012913462193439
330;121;5;5.5192546807462755;5.5192546807462755;4.900127621487059
331;88;5;2.4150571226598934;2.4150571226598934;2.7369665682848074
332;18;4;4.441479255763033;4.441479255763033;3.3193663915194715
333;97;6;3.3914096284863025;3.3914096284863025;3.4579842615807217
334;106;6;2.2850425643550927;2.2850425643550927;2.5718715685474582
335;80;3;2.3880889575183772;2.3880889575183772;2.3708943627000223
336;34;5;2.583394884664109;2.583394884664109;2.7965375343397576
337;141;6;2.7778439771851646;2.7778439771851646;2.88998838592559
338;119;5;3.3584910192036386;3.3584910192036386;3.3690896719197494
339;59;5;2.4082563964464967;2.4082563964464967;2.5908476490774146
340;86;6;3.5697025815647816;3.5697025815647816;3.705625412847134
341;126;6;3.086145329592225;3.086145329592225;3.2798798551210058
342;5;6;5.605944016702401;5.605944016702401;3.005857249540457
343;122;6;3.1934005514460417;3.1934005514460417;3.2900918402420367
344;50;5;3.65445577012689;3.65445577012689;3.4886666072768895
345;69;5;3.85260819801607;3.85260819801607;3.7226703864451114
346;36;6;5.459191959719091;5.459191959719091;4.212638439487675
347;35;5;2.321644573778561;2.321644573778561;2.5406573998125075
348;125;6;3.138923005686144;3.138923005686144;3.278393379333345
349;5;6;5.662322532946532;5.662322532946532;3.035898949726396
350;75;5;3.7784081750209357;3.7784081750209357;3.7147633777606197
351;123;5;2.5584926909677437;2.5584926909677437;2.8270553617897716
352;27;6;4.2244336569668794;4.2244336569668794;3.574017768318027
353;71;6;2.1788661624138634;2.1788661624138634;2.5007567242420903
354;59;5;4.274085087919444;4.274085087919444;3.8973902690351916
355;72;5;2.689927654620198;2.689927654620198;2.891269762142272
356;98;5;3.118621527316722;3.118621527316722;3.360904176269696
357;34;5;4.239781624991016;4.239781624991016;3.598474099810175
358;54;6;4.821894794707792;4.821894794707792;4.010872987633648
359;71;3;2.8192785387118144;2.8192785387118144;2.6058364386630393
360;54;2;2.0696877833863097;2.0696877833863097;1.9988227510148024
361;74;5;3.050883071681274;3.050883071681274;3.055439157877897
362;7;5;5.822746016102095;5.822746016102095;4.044352899655201
363;69;5;3.065715985235125;3.065715985235125;3.0934639572500156
364;69;3;1.8475305243840594;1.8475305243840594;1.9328821730720946
365;116;6;2.9180905806644453;2.9180905806644453;3.1005592334777226
366;133;6;2.6123025267500966;2.6123025267500966;2.778635572005943
367;130;5;2.9237244458735314;2.9237244458735314;3.2109151903223743
368;76;5;3.381049428321087;3.381049428321087;3.2905754921609214
369;63;5;3.931559453106225;3.931559453106225;3.6740035404908755
370;29;2;1.7429443258523023;1.7429443258523023;1.5584713527955731
371;36;5;6.019012080761152;6.019012080761152;4.443945672986378
372;108;6;2.660989059448151;2.660989059448151;2.8566565677181943
373;103;6;3.0867388873102506;3.0867388873102506;3.2859299350730966
374;99;5;3.294289253830241;3.294289253830241;3.4731355547036147
375;56;2;2.0234889945469017;2.0234889945469017;1.9685914960402244
376;100;6;3.1094684299545534;3.1094684299545534;3.1711659342710283
377;104;5;3.2535150534229063;3.2535150534229063;3.3296103615654262
378;88;5;3.2207899891124763;3.2207899891124763;3.192748563003442
379;30;5;5.067160172534781;5.067160172534781;4.050073897764909
380;138;6;3.032366319825469;3.032366319825469;3.1763305637185524
381;109;5;2.8376121966825605;2.8376121966825605;3.2048323892131427
382;69;5;2.600399176877337;2.600399176877337;2.6853083635783785
383;103;5;2.2921019145797614;2.2921019145797614;2.572328975858667
384;116;6;3.0608518720540947;3.0608518720540947;3.4575356943967757
385;44;6;3.768402456873123;3.768402456873123;3.389027204086954
386;101;6;2.69940743416076;2.69940743416076;2.8463953338806625
387;31;5;4.355285459995138;4.355285459995138;3.835917193844176
388;69;3;2.2056203723039527;2.2056203723039527;2.1594011888673723
389;143;6;2.7447716603062116;2.7447716603062116;2.999291409529593
390;83;5;2.1697210002917675;2.1697210002917675;2.3144665318511226
391;70;5;2.876658077599244;2.876658077599244;3.039321851869026
392;36;2;2.0321198475630164;2.0321198475630164;1.7134376642731513
393;89;6;4.178977138682446;4.178977138682446;3.910985524499733
394;98;5;2.5740295214649542;2.5740295214649542;2.649018812221661
395;73;3;2.4628215654876766;2.4628215654876766;2.4013542855553434
396;76;6;3.9217836862871116;3.9217836862871116;3.684093512178583
397;53;5;3.0653252933756976;3.0653252933756976;2.990493634659015
398;74;6;2.8654986527909583;2.8654986527909583;2.989295069470218
399;41;5;2.903102305877795;2.903102305877795;2.664027621082374
400;129;5;2.9848800329966205;2.9848800329966205;3.0782763030909344
401;89;5;4.293055616387933;4.293055616387933;3.928638665311689
402;61;5;4.108375070928619;4.108375070928619;3.8163942806869056
403;61;6;3.2941656601595892;3.2941656601595892;3.213534260662344
404;77;5;2.673444217916226;2.673444217916226;2.878575727363305
405;94;5;3.1059506384172972;3.1059506384172972;3.2977260346550796
406;133;6;2.7800568027977435;2.7800568027977435;2.9593082676975717
407;127;5;2.9134177591719683;2.9134177591719683;3.1392915592070465
408;41;5;2.4914369585869487;2.4914369585869487;2.4370000502730518
409;20;1;2.09049576577698;2.09049576577698;1.4910701103843598
410;63;5;3.3333191424601414;3.3333191424601414;3.0174836869926556
411;91;5;2.3719067186011698;2.3719067186011698;2.6248446265586365
412;60;3;1.8358412306409861;1.8358412306409861;1.878424723427673
413;29;5;4.674437302859958;4.674437302859958;3.9263072173419036
414;115;5;3.450405871769576;3.450405871769576;3.6134836997024906
415;25;1;1.7156049900465467;1.7156049900465467;1.557854840681523
416;135;6;2.6047629024753696;2.6047629024753696;3.027982087156439
417;76;6;4.007803026989408;4.007803026989408;4.091686939956911
418;75;6;3.0750339921509275;3.0750339921509275;3.1787634035653594
419;111;6;2.7717231365023745;2.7717231365023745;3.015409190150266
420;91;5;3.5225851487812587;3.5225851487812587;3.528647636845891
421;127;6;2.9531456345581057;2.9531456345581057;3.1711830169428783
422;81;6;3.6130486832612827;3.6130486832612827;3.5410020831218616
423;117;5;3.0817808240008406;3.0817808240008406;3.374067097338457
424;121;5;2.8086396092100046;2.8086396092100046;2.7983795963122686
425;67;3;2.1453291220535946;2.1453291220535946;2.2169481860317846
426;33;5;2.9961080837668623;2.9961080837668623;2.988898105068523
427;52;5;3.1755731322648995;3.1755731322648995;3.1735395600234675
428;80;5;3.949866783260488;3.949866783260488;3.7337340817791005
429;65;5;2.8887952325224324;2.8887952325224324;2.8687592336635563
430;35;5;2.3196992744101337;2.3196992744101337;2.6316295097837554
431;103;6;3.308835023572726;3.308835023572726;3.3362757525521713
432;83;5;2.836388297711843;2.836388297711843;2.9558007574492695
433;122;5;2.8014057975957933;2.8014057975957933;3.0048041382240442
434;135;5;4.090478717759289;4.090478717759289;3.962739090692115
435;33;5;2.551159990954496;2.551159990954496;2.951208817211638
436;59;6;4.24408840639527;4.24408840639527;4.240184564249381
437;116;5;2.5991371071755838;2.5991371071755838;2.7022757874673404
438;117;5;3.543493777455072;3.543493777455072;3.628018454751488
439;89;6;3.141196733513899;3.141196733513899;3.1957294537357495
440;39;5;3.279016740372304;3.279016740372304;2.9458873640129393
441;84;6;2.1214519257780307;2.1214519257780307;2.379648903569032
442;117;6;2.842852276856772;2.842852276856772;3.0499870979893773
443;148;6;2.52765284427566;2.52765284427566;2.894828165788072
444;167;5;3.756283678983147;3.756283678983147;3.537517278913261
445;20;6;4.491225867016094;4.491225867016094;3.222270101015448
446;113;6;2.7645851052802763;2.7645851052802763;2.8965860722164245
447;77;6;3.611274690030912;3.611274690030912;3.533334905215548
448;124;6;3.616621453854386;3.616621453854386;3.602936469660693
449;74;5;3.7290043910925665;3.7290043910925665;3.462670757641068
450;64;6;3.300319179891105;3.300319179891105;3.1734094802121526
451;99;5;2.524940977396696;2.524940977396696;2.7692286352098834
452;80;5;2.5325052328804563;2.5325052328804563;2.3971921139995342
453;34;4;4.556954370882491;4.556954370882491;3.4955280431670954
454;91;6;2.8464197119839585;2.8464197119839585;2.9667075006380683
455;57;5;3.876783649392345;3.876783649392345;3.5825818332992827
456;54;5;4.489541379444341;4.489541379444341;3.6723384752320705
457;116;6;2.8640178902925393;2.8640178902925393;3.0708284901492013
458;92;4;3.187760077905726;3.187760077905726;3.063398375637014
459;4;5;8.902242193314263;8.902242193314263;5.37862415460228
460;42;6;4.579800013177309;4.579800013177309;3.667873889867214
461;57;6;3.0986888897093565;3.0986888897093565;3.0622880764411797
462;59;6;3.335053176401552;3.335053176401552;3.129138947215673
463;106;6;2.880366934049773;2.880366934049773;2.9447493657450887
464;46;6;4.212550957802889;4.212550957802889;3.8759414252882176
465;74;6;3.4068561141603917;3.4068561141603917;3.3918390322153913
466;62;4;4.301283267739402;4.301283267739402;3.814758330633698
467;101;6;2.823463060194095;2.823463060194095;3.038528674696273
468;34;5;2.320475102647575;2.320475102647575;2.687179383209703
469;80;5;3.828975834996414;3.828975834996414;3.7838743929801386
470;45;5;3.4139214304060617;3.4139214304060617;3.5546484485624057
471;50;5;3.331914297770443;3.331914297770443;3.236290593883092
472;85;5;3.1904394632922166;3.1904394632922166;3.3750154242157033
473;107;5;3.3128240330990133;3.3128240330990133;3.345962960670142
474;142;5;2.6340151516827204;2.6340151516827204;2.9671915450282214
475;71;6;4.910285720367191;4.910285720367191;4.628598753737638
476;85;5;2.4436203634825233;2.4436203634825233;2.5370645568093546
477;110;6;3.596480003045111;3.596480003045111;3.862639904570044
478;56;6;5.090665935813795;5.090665935813795;4.7517426901391
479;47;5;4.894875558925471;4.894875558925471;4.593314997717722
480;56;2;1.6931789870319092;1.6931789870319092;1.7424667820398787
481;62;5;3.524339687080836;3.524339687080836;3.2701355646556665
482;84;6;2.2785791836184517;2.2785791836184517;2.5726542774362753
483;40;5;3.9415592800187147;3.9415592800187147;3.4678680051940654
484;30;5;2.6856086928565053;2.6856086928565053;2.9037551748238655
485;89;4;2.536880745163693;2.536880745163693;2.4832065076274237
486;26;1;1.8136981141891657;1.8136981141891657;1.5913610214576432
487;72;4;2.4058001136104212;2.4058001136104212;2.3395523052085427
488;175;5;3.588634993380703;3.588634993380703;3.6316676648944646
489;35;5;2.786437324162297;2.786437324162297;2.484619871628509
490;109;6;2.9264663918888494;2.9264663918888494;3.138261695769794
491;59;5;3.936203477512111;3.936203477512111;3.7310770862014877
492;96;6;2.5598875479054093;2.5598875479054093;2.68941097505721
493;103;5;3.435604130056379;3.435604130056379;3.516801167228707
494;29;5;3.08066048383087;3.08066048383087;2.96207259356143
495;61;5;3.1937373684924717;3.1937373684924717;3.1016266296711574
496;148;6;2.4380668489836044;2.4380668489836044;2.8517818448661627
497;100;5;2.847688729552704;2.847688729552704;2.945203203067628
498;27;5;3.347130722645408;3.347130722645408;2.779479501668582
499;116;5;3.238603427394996;3.238603427394996;3.244860123714505
500;61;6;4.465514408243694;4.465514408243694;3.986735965741767
501;87;6;2.5420261060168596;2.5420261060168596;2.7691538585803137
502;4;6;5.754662057319135;5.754662057319135;3.044476484023239
503;123;6;3.7614901084926706;3.7614901084926706;3.8004077489402612
504;72;5;2.95110172255343;2.95110172255343;2.9816993790042567
505;52;5;3.9479306435863584;3.9479306435863584;3.757109940130284
506;20;5;4.567478197880985;4.567478197880985;3.482826397194014
507;112;5;2.897663288016719;2.897663288016719;3.1904129201772085
508;89;5;3.0196324361809497;3.0196324361809497;2.998256433988514
509;62;5;3.2372225730595314;3.2372225730595314;3.316684294622261
510;69;6;3.6391637243188804;3.6391637243188804;3.530634734026309
511;121;5;3.16771453456463;3.16771453456463;3.0470048051754537
512;47;5;4.30679475820932;4.30679475820932;3.835950624395163
513;110;5;2.6519078071664848;2.6519078071664848;2.839614065085963
514;107;6;2.821493602204831;2.821493602204831;3.125546539507779
515;41;5;3.29267512413535;3.29267512413535;3.0486540829569826
516;96;5;3.770320016498708;3.770320016498708;3.6855375752765758
517;100;6;3.3692500323466903;3.3692500323466903;3.354669242461545
518;58;5;4.106465955852139;4.106465955852139;3.768512569734708
519;54;2;2.3171665484739075;2.3171665484739075;2.073072011177506
520;70;6;3.7622255917582765;3.7622255917582765;3.4633002456470763
521;119;5;3.172976713515618;3.172976713515618;3.3049828379356834
522;34;5;2.8446226781965005;2.8446226781965005;2.8532086644393546
523;133;6;3.2249789101547366;3.2249789101547366;3.384906845757281
524;107;5;2.9978170197632608;2.9978170197632608;3.1307887353119686
525;113;6;2.9703358202075796;2.9703358202075796;3.08288501576897
526;120;6;3.255472763787433;3.255472763787433;3.462228029631143
527;111;6;3.291996391542698;3.291996391542698;3.566877738201347
528;110;5;2.2055013804139194;2.2055013804139194;2.4753601647959727
529;156;6;2.8891030991457707;2.8891030991457707;3.2778596821923633
530;110;6;3.067622639280215;3.067622639280215;3.3369228273331375
531;77;5;3.8716843904200076;3.8716843904200076;3.6741677056752504
532;56;6;3.7708815211782016;3.7708815211782016;3.447299542998822
533;33;5;2.5443919433923465;2.5443919433923465;2.8700059905275275
534;82;6;3.281249686463786;3.281249686463786;3.3416149044603465
535;34;5;2.375739932536938;2.375739932536938;2.713127506795883
536;82;6;3.761456763159641;3.761456763159641;3.7222288750406065
537;14;6;5.598609167353978;5.598609167353978;3.3200353215685854
538;123;5;2.090706181250973;2.090706181250973;2.3163717034247098
539;101;5;3.657722171786085;3.657722171786085;3.5609681616457745
540;102;5;2.463438372400101;2.463438372400101;2.4500289457954927
541;126;5;2.416924639517172;2.416924639517172;2.7166582911375814
542;40;5;4.171240005611612;4.171240005611612;3.8766717493954332
543;67;6;3.4062525948973774;3.4062525948973774;3.1881697232274857
544;122;6;3.09678156989406;3.09678156989406;3.3142879686839155
545;84;4;2.9194978775745426;2.9194978775745426;2.7023306076977995
546;75;5;3.420259227634997;3.420259227634997;3.1662869616505716
547;128;5;3.0147630982169566;3.0147630982169566;3.2471237709138485
548;19;5;5.456276901515113;5.456276901515113;4.169125217285244
549;33;5;3.6761682403706475;3.6761682403706475;3.016635189692248
550;87;5;2.531800035567482;2.531800035567482;2.8520394513083285
551;73;5;3.0938278048854335;3.0938278048854335;3.093642565953055
552;51;5;3.553942630363018;3.553942630363018;3.41080085787476
553;82;6;2.2530234514550678;2.2530234514550678;2.535868774516448
554;59;5;3.419592497375469;3.419592497375469;3.3405781778970756
555;122;5;2.329545524781997;2.329545524781997;2.4846792551419647
556;85;6;2.7524651153098216;2.7524651153098216;2.8896406586228114
557;70;6;2.6003524963140436;2.6003524963140436;2.833706060065205
558;61;5;3.5817465570953;3.5817465570953;3.249447700180069
559;89;5;3.416043612510624;3.416043612510624;3.497307101682967
560;102;6;3.0384095317590916;3.0384095317590916;3.117318161172182
561;63;3;2.5571359547313013;2.5571359547313013;2.4561328205300805
562;119;5;2.994862963125786;2.994862963125786;3.187100410344905
563;101;6;2.5835030847952924;2.5835030847952924;2.8423734807017933
564;95;5;3.370322206559956;3.370322206559956;3.384066646226699
565;92;6;3.0440951656521893;3.0440951656521893;3.3247354977709573
566;103;5;4.74823923173942;4.74823923173942;3.8659127584009934
567;54;5;4.516367408647223;4.516367408647223;4.019810951999867
568;77;5;2.7815052616970055;2.7815052616970055;3.019398357570941
569;122;5;2.8296225942793685;2.8296225942793685;3.050470108719942
570;62;5;3.5079452512026768;3.5079452512026768;3.5196510727181214
571;42;5;3.7556169495397405;3.7556169495397405;3.385764230595204
572;70;5;3.425670695760616;3.425670695760616;3.2829165476412765
573;77;5;3.3107712434223573;3.3107712434223573;3.3148291390018074
574;56;2;1.8032292111861408;1.8032292111861408;1.7981579126455614
575;27;6;5.368765407101306;5.368765407101306;4.0088507309957615
576;58;5;4.523812433551316;4.523812433551316;4.098270157744752
577;77;5;3.9185230908224726;3.9185230908224726;3.6917768725295037
578;134;5;2.934796800647134;2.934796800647134;3.0228757799895147
579;2;5;6.840856733101191;6.840856733101191;3.0684584231972045
580;34;5;3.667020757384643;3.667020757384643;3.6406589067672854
581;123;5;2.6684492796959005;2.6684492796959005;3.0783368379839966
582;65;5;4.27145308233849;4.27145308233849;3.9502581543038735
583;102;6;3.2680743843060283;3.2680743843060283;3.360617113402398
584;19;1;2.372082981575461;2.372082981575461;1.5336251125051592
585;115;6;2.9545831207638997;2.9545831207638997;3.025108381149099
586;130;4;3.4419203719185667;3.4419203719185667;3.4024901093032884
587;147;5;2.8365040857446857;2.8365040857446857;3.127813602867791
588;46;5;3.1437320684312002;3.1437320684312002;3.0103490489266234
589;32;5;3.4652656540071405;3.4652656540071405;3.07691710060075
590;55;5;3.511410785666582;3.511410785666582;3.3044208638415316
591;75;6;3.9404479086452313;3.9404479086452313;4.029380106581001
592;135;5;2.763806654011237;2.763806654011237;3.013810972545044
593;44;5;3.5551809958723144;3.5551809958723144;3.290923734698429
594;102;5;2.5671105397531786;2.5671105397531786;2.655045290493306
595;43;5;3.63729835558749;3.63729835558749;3.214630417096174
596;26;5;4.678659545724115;4.678659545724115;3.7869709670075937
597;39;5;8.548229369356909;8.548229369356909;5.528563725878862
598;69;5;2.5284509805154456;2.5284509805154456;2.8079218405668325
599;40;6;4.264045696537687;4.264045696537687;3.711409614272517
600;102;5;4.736620062992603;4.736620062992603;4.52434766103309
601;33;5;2.349383949011813;2.349383949011813;2.6804149413779417
602;80;4;2.6433117517240845;2.6433117517240845;2.6630780571976733
603;66;5;2.9203999452484233;2.9203999452484233;3.0379577250130048
604;18;4;4.494468278629706;4.494468278629706;3.343182701085945
605;76;6;3.231707841113412;3.231707841113412;3.2551783135902568
606;63;3;1.9874484478323964;1.9874484478323964;2.0329560961074757
607;73;6;2.5156962112440198;2.5156962112440198;2.7827650419002388
608;74;3;2.0637899627955285;2.0637899627955285;2.101988606144918
609;81;5;2.4082473908054833;2.4082473908054833;2.609098524389704
610;71;5;3.0499032416404783;3.0499032416404783;3.2269456986495046
611;78;5;3.161035235598802;3.161035235598802;3.105060998344457
612;57;2;1.818345065138096;1.818345065138096;1.8470344323155607
613;113;5;2.8323381681358804;2.8323381681358804;2.932117701208718
614;105;5;3.4386798810233783;3.4386798810233783;3.5575357705635646
615;141;5;2.957098204447287;2.957098204447287;3.350592758408947
616;60;6;3.5813927652034856;3.5813927652034856;3.5370238109441154
617;55;6;4.355939775286952;4.355939775286952;3.669611894319817
618;83;5;4.9759398452358745;4.9759398452358745;4.915958750730981
619;35;5;2.338028808126448;2.338028808126448;2.6444249605512975
620;92;5;3.614506406262614;3.614506406262614;3.6788674332368427
621;135;6;3.98306892857062;3.98306892857062;4.113974920446218
622;47;5;2.580731093924616;2.580731093924616;2.5878932873515788
623;78;5;3.2517098942089486;3.2517098942089486;3.2445159675889093
624;135;5;3.011821313484611;3.011821313484611;3.305788665719679
625;49;6;3.7621360326658144;3.7621360326658144;3.3525316093421593
626;92;5;2.9977949952312;2.9977949952312;3.0867008176805446
627;84;5;2.898355072378623;2.898355072378623;3.114026972786736
628;137;6;3.0567391078184727;3.0567391078184727;3.312017257955432
629;128;6;2.6014548177087877;2.6014548177087877;3.0469450082677323
630;160;6;2.610487093554887;2.610487093554887;2.970235968807095
631;107;6;3.493274972454685;3.493274972454685;3.6504283761238985
632;131;5;2.652087149363957;2.652087149363957;2.9841026223607656
633;111;5;2.7893111695823647;2.7893111695823647;3.0196001046160488
634;119;5;3.2725761386129686;3.2725761386129686;3.415600697895182
635;119;6;3.0209179494961234;3.0209179494961234;3.2341241403496745
636;101;6;3.031064804923976;3.031064804923976;3.2246466919340384
637;115;6;2.709651613301159;2.709651613301159;2.873413919338124
638;112;6;3.4574662151595046;3.4574662151595046;3.5009840846773206
639;69;6;2.304356415988338;2.304356415988338;2.584275638653731
640;82;6;3.9050528298266616;3.9050528298266616;3.6825721023053415
641;112;5;2.5735712448435843;2.5735712448435843;2.751934601952442
642;107;5;2.757161861729245;2.757161861729245;2.806877313802541
643;33;5;2.5339116412142477;2.5339116412142477;2.852066592945801
644;91;5;3.2961849893974495;3.2961849893974495;3.3829346805348703
645;34;2;1.7927718325132518;1.7927718325132518;1.5477521144987274
646;60;5;3.1430909484902987;3.1430909484902987;3.096768057477323
647;35;5;3.7870578918338027;3.7870578918338027;3.2622781100605014
648;92;5;3.0969078399383236;3.0969078399383236;3.227167196764546
649;125;5;2.275861320989467;2.275861320989467;2.634046394705224
650;84;6;2.935865338726045;2.935865338726045;3.0993636239292983
651;122;6;2.7724902588723417;2.7724902588723417;2.9863483740066195
652;78;6;3.7277417964786927;3.7277417964786927;3.7605175276488896
653;99;5;2.940586654377169;2.940586654377169;3.0139935107916784
654;104;5;3.0679496489237437;3.0679496489237437;3.2013017700882416
655;23;1;1.9330769468062718;1.9330769468062718;1.53268882027436
656;103;6;3.4435848351862544;3.4435848351862544;3.56168784980916
657;102;5;2.48165321635018;2.48165321635018;2.586971925842184
658;41;5;4.485946685394425;4.485946685394425;3.7185002685354536
659;93;6;3.4342130812360554;3.4342130812360554;3.4576313951509103
660;76;5;2.6659022196861577;2.6659022196861577;2.879139539852497
661;28;5;3.222280902096538;3.222280902096538;2.6335010658215054
662;84;4;3.129022203917168;3.129022203917168;2.849236587616419
663;80;6;3.1340472304609475;3.1340472304609475;3.2295442706318016
664;73;5;2.973892299154007;2.973892299154007;2.809098519541048
665;94;5;3.664530098532368;3.664530098532368;3.7491237364573577
666;63;5;3.66171571049659;3.66171571049659;3.4572472249196093
667;106;5;3.7648016087981;3.7648016087981;3.731712007787976
668;68;5;2.6491830112830947;2.6491830112830947;2.7322619807203194
669;51;5;3.3471120094360693;3.3471120094360693;3.1448617089583872
670;70;5;3.046689688095533;3.046689688095533;3.0950297372803233
671;138;5;2.9003588145685626;2.9003588145685626;2.9879195699946783
672;15;5;5.541852819861366;5.541852819861366;3.6410231619559736
673;85;4;2.98721016274787;2.98721016274787;2.746628018384272
674;29;5;4.078602475067525;4.078602475067525;3.4771442829586383
675;44;5;2.5406312773460087;2.5406312773460087;2.5107924970676576
676;84;5;2.8479311126340976;2.8479311126340976;3.034755338998974
677;112;5;3.2862340159262824;3.2862340159262824;3.346191515104561
678;86;5;3.4378231213702692;3.4378231213702692;3.309816409248743
679;71;3;3.1429703918465575;3.1429703918465575;2.7269681021521843
680;33;5;3.8662519617126283;3.8662519617126283;3.103468143430417
681;52;5;3.8760647445338847;3.8760647445338847;3.7007471491101938
682;75;6;3.354682307191955;3.354682307191955;3.3651863132813173
683;114;6;2.65949774528298;2.65949774528298;2.8578354024804926
684;23;5;5.377366064804497;5.377366064804497;3.716687708665269
685;128;5;2.1827884958170056;2.1827884958170056;2.464084718818869
686;96;5;2.884612579426772;2.884612579426772;2.900699962837584
687;118;5;4.246726451958516;4.246726451958516;3.938503723284116
688;117;5;2.9550989668161316;2.9550989668161316;3.1320677776945387
689;107;5;4.077111018460353;4.077111018460353;3.8055257434908536
690;128;6;3.321463857900316;3.321463857900316;3.5030122248299107
691;31;5;5.281478575243961;5.281478575243961;4.01505699097513
692;113;6;3.3260082769422086;3.3260082769422086;3.504125610196639
693;89;5;3.8461219837002645;3.8461219837002645;3.7121595762681285
694;105;5;2.7376251902434907;2.7376251902434907;2.9342314319488176
695;25;1;1.8287296227263425;1.8287296227263425;1.588524884440661
696;49;5;3.0097859323047613;3.0097859323047613;3.00883726529282
697;35;5;2.3765719503088274;2.3765719503088274;2.6669957510889066
698;110;5;4.014686828715389;4.014686828715389;3.8502490474413813
699;100;6;3.8377161476223973;3.8377161476223973;3.662229601781778
700;117;5;2.121310109239171;2.121310109239171;2.4026167597237107
701;75;5;4.541150251972379;4.541150251972379;4.563878792993455
702;68;5;3.771533706734961;3.771533706734961;3.562923430788101
703;34;5;2.4920250337227805;2.4920250337227805;2.7430373891385003
704;115;6;3.604733499634122;3.604733499634122;3.783519872505418
705;62;6;3.1932538338219145;3.1932538338219145;3.0955785050573117
706;34;5;2.927698936552299;2.927698936552299;2.904737597489306
707;54;2;2.150920378551651;2.150920378551651;1.9941806061645724
708;84;5;2.5381943683160544;2.5381943683160544;2.721126899064316
709;66;5;3.040747292688236;3.040747292688236;3.04269005087967
710;41;2;1.9551390230241958;1.9551390230241958;1.7036666495798312
711;63;6;7.936786093962962;7.936786093962962;5.982523428869727
712;59;5;3.950304916661289;3.950304916661289;3.573726631481638
713;64;3;2.1638290354984866;2.1638290354984866;2.1772801145977208
714;134;6;3.053099382943058;3.053099382943058;3.3315730976142364
715;40;2;2.0981895063211624;2.0981895063211624;1.7809941094968311
716;77;5;3.4062194228925105;3.4062194228925105;3.3605200114179556
717;59;5;4.678329963908355;4.678329963908355;4.179615909664566
718;77;5;2.6353252161355996;2.6353252161355996;2.728678230694949
719;71;5;4.165784571686644;4.165784571686644;4.086336313366376
720;90;5;4.735876562792702;4.735876562792702;4.443644939590938
721;107;5;2.043823674567073;2.043823674567073;2.2240172321608966
722;81;5;2.9135841397898306;2.9135841397898306;3.1786820341915085
723;92;5;3.7218591153685474;3.7218591153685474;3.7208906720521857
724;73;6;3.7525326170861026;3.7525326170861026;3.6817342939631224
725;74;6;3.092162288622075;3.092162288622075;3.1163704374254233
726;108;5;2.369070597271221;2.369070597271221;2.6477999495355253
727;75;5;4.928652610009383;4.928652610009383;4.269624969781241
728;50;5;3.8462342609731808;3.8462342609731808;3.4318056593943935
729;91;5;3.2165670974618825;3.2165670974618825;3.2127790699246814
730;65;6;3.93483032763918;3.93483032763918;3.703121444445005
731;79;5;3.279058512761645;3.279058512761645;3.2047258331677213
732;35;5;3.4448685059264785;3.4448685059264785;3.066248329714843
733;76;5;2.6372484444309188;2.6372484444309188;2.841231659752531
734;76;6;2.967355047417728;2.967355047417728;3.1452900718009293
735;104;6;2.349330875408306;2.349330875408306;2.530967089650265
736;98;5;3.6437135824849944;3.6437135824849944;3.6539320937880175
737;45;6;3.6220492518365095;3.6220492518365095;3.2833760228674573
738;67;5;3.0481897395219324;3.0481897395219324;3.102850869684219
739;101;6;3.299828809790952;3.299828809790952;3.300625474652431
740;105;5;4.391025328728525;4.391025328728525;4.162184557372167
741;67;6;3.547746195277736;3.547746195277736;3.561663594238393
742;96;6;2.877334035663356;2.877334035663356;3.0125699179582144
743;107;5;3.2539227986980963;3.2539227986980963;3.1944823875120663
744;69;5;3.2182758523770723;3.2182758523770723;3.3331472603101844
745;62;5;5.098910298269586;5.098910298269586;4.49588209540391
746;36;5;4.223616129054543;4.223616129054543;4.201950460072599
747;63;6;3.469198355589479;3.469198355589479;3.3063451844534635
748;64;5;3.151360898709324;3.151360898709324;3.0713606718641557
749;84;5;3.2908034116749216;3.2908034116749216;3.257118630199179
750;98;5;2.7150039342086654;2.7150039342086654;2.9451079979662746
751;68;6;3.80797213532759;3.80797213532759;3.753707744109372
752;131;5;2.3174394063092727;2.3174394063092727;2.7586372467632843
753;24;1;1.8116898422778867;1.8116898422778867;1.5288004462583038
754;85;5;4.515645098386024;4.515645098386024;4.469958136284477
755;90;5;3.7742105857785697;3.7742105857785697;3.739162883898685
756;53;5;3.5379034745654283;3.5379034745654283;3.4654610136594393
757;100;6;3.695577327514079;3.695577327514079;3.7231720438623186
758;119;5;3.175190952118601;3.175190952118601;3.3835344808224272
759;35;5;2.8696882365155654;2.8696882365155654;2.565434075777001
760;109;6;3.9777956522921154;3.9777956522921154;3.6152848133513262
761;68;5;3.667806112984004;3.667806112984004;3.53181794817063
762;112;5;3.2944954715284136;3.2944954715284136;3.3868709752205373
763;46;5;4.280577858078999;4.280577858078999;3.5521230398108363
764;97;6;3.324571696672035;3.324571696672035;3.522856407657072
765;124;6;2.8306551994516096;2.8306551994516096;3.2337072645899267
766;114;6;3.46464961926854;3.46464961926854;3.2866777734819412
767;108;6;2.282296201567351;2.282296201567351;2.5843792537036454
