Skewness: 0.0, Average LID: LPCA: 5.16015625  |||  MLE: 3.4597089404536274  |||  MLENB: 3.4597089404536274  |||  TLE: 3.3537270213928707
LPCA: 0.29912281865040685  |||  MLE: -0.26868498963124593  |||  MLENB: -0.26868498963124593  |||  TLE: 0.04410554980124113
node;in_degree;local_intrinsic_dimensionality_LPCA;local_intrinsic_dimensionality_MLE;local_intrinsic_dimensionality_MLENB;local_intrinsic_dimensionality_TLE
0;45;6;4.793117497319283;4.793117497319283;4.893652186855933
1;79;6;2.523187852753913;2.523187852753913;2.6652815141554496
2;44;5;2.651262484563077;2.651262484563077;2.681748935274522
3;79;6;3.027204480891073;3.027204480891073;3.2636633347246677
4;43;5;4.455815715825355;4.455815715825355;4.142488460697486
5;107;6;3.0436461483463964;3.0436461483463964;3.1984938156862732
6;40;6;3.627750168260334;3.627750168260334;3.369061242696329
7;35;5;1.9188186841982682;1.9188186841982682;2.237891263405917
8;20;1;1.8338708142666265;1.8338708142666265;1.5469049829024897
9;5;6;7.525189844697536;7.525189844697536;4.677510988328936
10;51;6;3.704857806808042;3.704857806808042;3.7480503314070552
11;67;5;2.4294575298728667;2.4294575298728667;2.7265311377355217
12;67;5;3.1279600611699627;3.1279600611699627;3.1746407099454497
13;6;1;3.489518286073388;3.489518286073388;1.3624636636162506
14;37;5;3.3316783626556807;3.3316783626556807;3.449727451564289
15;35;5;1.9664248358983138;1.9664248358983138;2.3450327282507635
16;68;5;2.677551899853046;2.677551899853046;2.86556662111758
17;110;6;2.654786542249683;2.654786542249683;3.0391414295822634
18;7;6;5.525121547541338;5.525121547541338;3.8779540259361513
19;106;6;3.6236926715040343;3.6236926715040343;3.807546307172766
20;76;5;2.6331287130605547;2.6331287130605547;2.797516439447105
21;60;6;3.43874505255793;3.43874505255793;3.4722503014715755
22;32;5;2.4496971526800384;2.4496971526800384;2.4154355953127964
23;67;6;3.735118903808561;3.735118903808561;3.705017613903473
24;48;5;3.8421401009997203;3.8421401009997203;3.9586364946440296
25;91;6;3.6894553230143066;3.6894553230143066;3.964247994499423
26;95;4;3.351440193830669;3.351440193830669;3.423478456794728
27;39;5;4.167803709429929;4.167803709429929;3.923621676155592
28;36;5;4.405964814733884;4.405964814733884;3.823477501735785
29;68;6;3.77817245443749;3.77817245443749;3.8396218109437474
30;41;5;4.966278797509934;4.966278797509934;4.620236637193931
31;83;5;2.7947813798333945;2.7947813798333945;2.737975284705716
32;59;6;2.4502604481423944;2.4502604481423944;2.7413192421349017
33;28;6;4.6700471397810155;4.6700471397810155;3.871567433811343
34;56;5;3.866631012736621;3.866631012736621;3.923169994869925
35;59;5;2.448151259290149;2.448151259290149;2.5634361205378626
36;104;5;2.777471758277465;2.777471758277465;2.9793890382138972
37;56;5;3.208757126837282;3.208757126837282;3.269205483571189
38;55;6;3.1458693993354547;3.1458693993354547;3.224496430929309
39;50;5;3.050046228905049;3.050046228905049;2.9166165282551084
40;12;5;5.6683281036983;5.6683281036983;4.192216911854045
41;88;5;2.7920298304593403;2.7920298304593403;3.0434620204493124
42;50;5;5.994188150383482;5.994188150383482;5.281164092222831
43;66;4;3.851713388007163;3.851713388007163;3.308556255972909
44;76;5;2.7471630964491767;2.7471630964491767;2.952647129978517
45;35;5;3.5437693424651195;3.5437693424651195;3.309394427466603
46;71;5;3.579051400420338;3.579051400420338;3.3322043405783064
47;50;6;3.515077801686135;3.515077801686135;3.292611902816851
48;82;5;3.3084326788188125;3.3084326788188125;3.27956416791017
49;32;5;2.3988154276392755;2.3988154276392755;2.6215490225450067
50;55;6;3.7969018386057813;3.7969018386057813;3.72248675816673
51;54;4;3.6331963376267407;3.6331963376267407;3.471835061845462
52;69;5;5.920841237571537;5.920841237571537;4.494815885830523
53;58;3;2.171427748235072;2.171427748235072;2.25537301119056
54;51;3;1.6996622473453464;1.6996622473453464;1.7708792083764187
55;48;6;3.480249104199331;3.480249104199331;3.1510216798922426
56;56;3;2.008180651869557;2.008180651869557;2.132410895476069
57;17;5;5.545846153082782;5.545846153082782;4.229949922153294
58;93;4;3.447990781842478;3.447990781842478;3.4790785984281585
59;56;6;3.326040735789125;3.326040735789125;3.591901078688055
60;28;5;2.6477296012451896;2.6477296012451896;2.9003523987398254
61;108;5;2.971221012996546;2.971221012996546;3.1895986175970306
62;18;6;4.513117818778029;4.513117818778029;3.078528193427322
63;70;5;3.635542524036693;3.635542524036693;3.816522454556384
64;93;6;2.869091681775476;2.869091681775476;3.109997056945297
65;101;5;3.600183545592197;3.600183545592197;3.498941215906401
66;62;6;3.581841869722103;3.581841869722103;3.5490257598248176
67;36;6;4.1068823556619725;4.1068823556619725;3.651644024484336
68;47;4;2.4372596213280624;2.4372596213280624;2.7252425630231225
69;50;5;4.1094803673069045;4.1094803673069045;3.7794158661666577
70;99;6;3.028377183998264;3.028377183998264;3.254336195347935
71;88;6;4.075867498778001;4.075867498778001;4.338416276947477
72;54;5;4.20933777951264;4.20933777951264;3.9630469689627894
73;72;4;2.8253844863430797;2.8253844863430797;2.7895749968085144
74;57;6;2.8790503093355087;2.8790503093355087;2.9619805984919774
75;5;5;5.903565124988367;5.903565124988367;3.0992413916098958
76;26;5;4.150609683336628;4.150609683336628;3.6859966442462073
77;84;5;2.9987721205014966;2.9987721205014966;3.218586552464469
78;34;5;2.038152942955108;2.038152942955108;2.445913153703172
79;80;5;2.5346863097273156;2.5346863097273156;3.004528412414116
80;59;5;4.8266469831997645;4.8266469831997645;3.8077636737702005
81;23;5;2.9911426840438144;2.9911426840438144;2.9381441476538557
82;77;6;4.027387553428607;4.027387553428607;4.113180485870743
83;80;6;2.180724569749073;2.180724569749073;2.463974776010688
84;15;5;4.381107823610648;4.381107823610648;3.3491775871459697
85;92;6;3.317638254683718;3.317638254683718;3.470005954357918
86;27;5;4.286864787776613;4.286864787776613;3.474571450208303
87;113;6;3.462695314388392;3.462695314388392;3.6429714715201804
88;67;5;3.9635414826182944;3.9635414826182944;3.8850315246874394
89;108;5;2.8829388912981213;2.8829388912981213;3.219704297990876
90;54;6;2.97772419542999;2.97772419542999;2.939883639855497
91;88;5;3.5440770363785155;3.5440770363785155;3.740892872779376
92;26;6;3.818073620854212;3.818073620854212;3.512023554254806
93;49;5;3.1568051344376435;3.1568051344376435;3.1861562735659894
94;23;5;5.197123923765484;5.197123923765484;4.610790190573959
95;78;5;3.257681242736862;3.257681242736862;3.249487080323003
96;88;6;2.3665258140288787;2.3665258140288787;2.6407288138545915
97;26;5;4.468473348493976;4.468473348493976;3.556440560646077
98;79;6;3.938786663676159;3.938786663676159;3.7969138781632714
99;66;5;2.5749904751903596;2.5749904751903596;2.6618889612094443
100;73;5;2.5393545612848767;2.5393545612848767;2.761917558346846
101;54;5;3.586948300014015;3.586948300014015;3.3055214784007445
102;27;5;3.9430736211729696;3.9430736211729696;3.6274466030009878
103;59;6;2.5682104184732335;2.5682104184732335;2.7785629079321814
104;56;5;3.57312866917367;3.57312866917367;3.517100357338944
105;75;5;3.2797381683737874;3.2797381683737874;3.433466960546684
106;1;5;7.217616090776175;7.217616090776175;3.991536790469875
107;76;5;3.4901295821810545;3.4901295821810545;3.656672698199102
108;58;5;4.671482055589543;4.671482055589543;3.9786652228907577
109;42;6;4.116273884044672;4.116273884044672;3.8985880594365496
110;44;5;3.4034198477380277;3.4034198477380277;3.4511957241137985
111;24;1;1.5777911770265292;1.5777911770265292;1.5215394020218298
112;54;6;3.0551786951447926;3.0551786951447926;3.1063144535111538
113;53;5;3.1450197351616436;3.1450197351616436;3.276769109868167
114;48;5;3.894350630557267;3.894350630557267;3.8464347178941005
115;50;5;3.0904022570611858;3.0904022570611858;3.1168691923067717
116;121;6;3.1567561292001245;3.1567561292001245;3.253665169688508
117;53;6;3.6533525038946078;3.6533525038946078;3.343322892563491
118;96;6;2.53960191396766;2.53960191396766;2.9100206584395307
119;69;6;2.872589713928761;2.872589713928761;3.191068466506481
120;18;5;5.581588331372312;5.581588331372312;4.063692854812053
121;64;5;3.0176015191213024;3.0176015191213024;3.0411259921405795
122;97;6;3.486307661117326;3.486307661117326;3.674045282231814
123;38;5;3.540245951674449;3.540245951674449;3.474095919054014
124;87;6;3.342722134604047;3.342722134604047;3.4055387929070005
125;4;5;6.485713812273332;6.485713812273332;3.9937503746045717
126;91;6;3.9746255378509483;3.9746255378509483;4.206367960922706
127;79;6;3.8983126358708855;3.8983126358708855;3.930622865260496
128;70;5;4.536966382411301;4.536966382411301;4.385221721151172
129;39;6;2.9963794358806015;2.9963794358806015;2.9999151604632
130;35;5;3.4203960139857834;3.4203960139857834;3.438444222173302
131;78;6;3.041854909100814;3.041854909100814;3.069074442308496
132;67;5;3.259836521283643;3.259836521283643;3.0404729840199125
133;60;6;2.931935336624528;2.931935336624528;2.982861394606337
134;64;6;2.0724704888433414;2.0724704888433414;2.4686769951362377
135;89;6;4.527906340274135;4.527906340274135;4.471481228949017
136;83;6;3.1552372654448377;3.1552372654448377;3.2674775456036946
137;79;6;2.948540648506049;2.948540648506049;3.3159833238815293
138;83;5;2.7844271335166604;2.7844271335166604;3.1510337742143384
139;50;3;2.3544764483378233;2.3544764483378233;2.2451630287632547
140;64;6;3.9883003768298866;3.9883003768298866;3.9570662089830075
141;69;5;3.5492608681800615;3.5492608681800615;3.7279470261771035
142;73;6;4.2834815159113475;4.2834815159113475;4.04758692425094
143;87;6;2.9464192505457416;2.9464192505457416;3.1372307671294166
144;66;4;2.0418596706465637;2.0418596706465637;2.1593271767567903
145;3;5;6.153638030511408;6.153638030511408;3.8359552380543307
146;19;6;4.321835738366356;4.321835738366356;3.4035977267755033
147;79;6;3.917465218140717;3.917465218140717;4.031200967408774
148;59;5;2.787892137459405;2.787892137459405;2.9746950183281595
149;97;5;3.2594180722959263;3.2594180722959263;3.44438956111719
150;79;5;3.1437316512035602;3.1437316512035602;3.210023452190083
151;93;6;3.177892029579317;3.177892029579317;3.381307508270055
152;60;5;3.3720415088035227;3.3720415088035227;3.5323001979095463
153;24;2;1.5454523900238806;1.5454523900238806;1.527713791155422
154;44;5;2.6518451890749954;2.6518451890749954;2.7038622935700083
155;32;6;3.3465555065579156;3.3465555065579156;3.517442776733293
156;57;6;3.3405772169099044;3.3405772169099044;3.630977451549534
157;61;6;3.654962959315322;3.654962959315322;3.621699716350086
158;82;6;2.4482310167075454;2.4482310167075454;2.6732186139082335
159;35;5;3.2609867953999347;3.2609867953999347;3.050226242005399
160;38;5;3.7073125069462716;3.7073125069462716;4.032923997002304
161;54;6;4.677711016697552;4.677711016697552;4.371858649545731
162;63;4;2.9449743440375182;2.9449743440375182;2.8487132569850666
163;93;6;2.2757558309828494;2.2757558309828494;2.621358835460956
164;72;5;2.906837230391862;2.906837230391862;3.134634301789772
165;57;5;4.493273086271714;4.493273086271714;4.276086399399829
166;59;5;5.691789674193062;5.691789674193062;4.850131341048268
167;106;6;2.6045710266745026;2.6045710266745026;2.801999291174964
168;101;6;2.407824529703272;2.407824529703272;2.6959351173259485
169;40;5;4.387584177716567;4.387584177716567;4.08333509730037
170;83;6;3.0803880847855183;3.0803880847855183;3.204659005255531
171;99;6;3.1336301744911426;3.1336301744911426;3.345439827241079
172;32;5;3.4939997168358357;3.4939997168358357;3.2515993145541735
173;42;6;4.0338796741302865;4.0338796741302865;3.720557065258172
174;68;6;3.574762101128273;3.574762101128273;3.610141958549679
175;34;5;3.074237618987232;3.074237618987232;2.977312789611119
176;59;6;3.525115856126635;3.525115856126635;3.4840124296299173
177;6;6;6.351299252530418;6.351299252530418;4.150572954070932
178;80;4;3.501512273007244;3.501512273007244;3.5410512612880236
179;89;5;2.4968036636867965;2.4968036636867965;2.741871229128392
180;64;6;3.4367362082735653;3.4367362082735653;3.437268614985037
181;79;6;3.5097502645391363;3.5097502645391363;3.6037514529119017
182;4;5;6.100267647232511;6.100267647232511;3.558278236511269
183;52;5;2.91451859656794;2.91451859656794;3.0873866846100255
184;102;4;3.069577727571147;3.069577727571147;3.102730291790853
185;35;5;2.8302464209781792;2.8302464209781792;2.7067252044067924
186;24;1;1.6425990392810912;1.6425990392810912;1.532953445194092
187;18;5;5.56272778217561;5.56272778217561;4.406934258443345
188;79;6;3.8964524202519497;3.8964524202519497;3.9264264461373717
189;104;6;4.527103313823275;4.527103313823275;4.452689774297754
190;85;5;2.908259777415381;2.908259777415381;3.2288036155353232
191;59;6;3.927360552768517;3.927360552768517;3.698074968174477
192;77;5;2.583085717478036;2.583085717478036;2.7826782637198324
193;30;5;2.6694534137152046;2.6694534137152046;2.8237878370395326
194;69;6;7.54105311927193;7.54105311927193;6.009538494042525
195;74;5;3.3870982120034334;3.3870982120034334;3.3266897156634982
196;93;5;3.1327438574586064;3.1327438574586064;3.4766180065135766
197;48;6;2.357535503410827;2.357535503410827;2.575660888677594
198;80;6;3.5081455530265617;3.5081455530265617;3.658346408051016
199;57;3;1.7422706996068142;1.7422706996068142;1.8669728838359334
200;86;5;5.105188670478748;5.105188670478748;4.834274999938096
201;78;5;2.803956172435292;2.803956172435292;2.961016620712791
202;116;5;3.5936340594380094;3.5936340594380094;3.7725097835390424
203;60;6;2.13586198684226;2.13586198684226;2.510820697598647
204;50;5;3.2328159996144072;3.2328159996144072;3.2172195818140357
205;87;5;2.583790190396649;2.583790190396649;2.802759631661474
206;59;4;2.6737764517379436;2.6737764517379436;2.638937922861473
207;43;5;4.181082325273767;4.181082325273767;3.743397985830962
208;100;6;2.7528312616751793;2.7528312616751793;3.0307787632898346
209;40;5;3.5174822258265412;3.5174822258265412;3.4733896471851184
210;75;6;3.8561533077939525;3.8561533077939525;3.8287010433414386
211;27;4;3.2594293302351627;3.2594293302351627;3.0787845037354704
212;35;5;4.353739998427439;4.353739998427439;3.9372525401505447
213;85;5;3.841176892682543;3.841176892682543;3.987883976095411
214;77;5;3.0597894342496237;3.0597894342496237;3.2010773534079657
215;70;4;2.5151629123619563;2.5151629123619563;2.582404542178907
216;73;6;3.947974071803449;3.947974071803449;4.084031712021463
217;102;6;2.874931114149155;2.874931114149155;3.133728279668984
218;93;6;3.3844753757920993;3.3844753757920993;3.461093534035983
219;88;5;3.314660522475135;3.314660522475135;3.4536096032481827
220;24;2;1.5678974814057633;1.5678974814057633;1.5195850910877193
221;46;5;3.483259621740857;3.483259621740857;3.5032823170312457
222;34;4;1.8855329148662097;1.8855329148662097;2.2794385225892393
223;60;5;5.588618834420241;5.588618834420241;4.591441133608598
224;84;6;2.398107150660669;2.398107150660669;2.7142077580166757
225;52;4;4.0463355187070205;4.0463355187070205;4.0477129671846726
226;82;6;3.389650800232959;3.389650800232959;3.5848623328595055
227;34;5;4.922367779129718;4.922367779129718;4.131659853455174
228;10;1;2.7896570480739453;2.7896570480739453;1.4096162403259762
229;38;5;5.5421864673112236;5.5421864673112236;4.6398538564647485
230;56;4;3.599336229236442;3.599336229236442;3.3119284375368445
231;41;2;2.0248067248617594;2.0248067248617594;1.8824206888624027
232;50;6;3.072279142742481;3.072279142742481;3.127384400638739
233;96;5;2.9051996786896725;2.9051996786896725;3.0400826918536006
234;63;6;2.927814745498085;2.927814745498085;3.038958668909959
235;52;5;2.7082418955660916;2.7082418955660916;2.94425950443355
236;38;5;3.315863926335698;3.315863926335698;3.2823889305603062
237;42;5;3.8240345924032977;3.8240345924032977;3.513823864407323
238;67;5;5.304247803244486;5.304247803244486;4.732307353364761
239;68;5;4.066862719616009;4.066862719616009;3.9909855441984505
240;91;6;2.470672211764378;2.470672211764378;2.8316844362533327
241;87;6;2.9302588312126443;2.9302588312126443;3.136747195206263
242;53;5;3.596399900122355;3.596399900122355;3.2034170256515178
243;61;5;3.161361418847989;3.161361418847989;3.284954706540428
244;89;5;3.1168720726154424;3.1168720726154424;3.1792624156064306
245;51;5;2.75916369473752;2.75916369473752;2.781527265571462
246;102;6;3.265808888465536;3.265808888465536;3.4717886380228737
247;16;1;2.4781947610241843;2.4781947610241843;1.4596981127834021
248;35;2;2.0301685737051107;2.0301685737051107;1.7905551881648833
249;73;5;4.833030216819638;4.833030216819638;4.85556178915201
250;78;6;4.815496182283306;4.815496182283306;4.032999729725412
251;68;5;2.806657125092387;2.806657125092387;3.111103078399567
252;73;6;2.6687600844965895;2.6687600844965895;2.8411887548935963
253;64;6;2.5679233536953068;2.5679233536953068;2.850375859809843
254;57;4;4.07236590205561;4.07236590205561;3.13509085439568
255;70;5;2.4073911652566524;2.4073911652566524;2.5240100140107744
256;49;5;3.3420549276109717;3.3420549276109717;3.12912166653993
257;86;5;2.7029783312979547;2.7029783312979547;3.1356227515054766
258;38;2;2.2011269624011622;2.2011269624011622;1.9573403451345492
259;54;5;3.4634843911091484;3.4634843911091484;3.616097064352201
260;21;5;3.468014393842667;3.468014393842667;3.0302509295835147
261;34;5;2.0446823542644417;2.0446823542644417;2.508013562619578
262;91;6;2.3910820966899076;2.3910820966899076;2.6395475494747735
263;57;5;3.7056803158451035;3.7056803158451035;3.666221825829454
264;97;6;2.765240317379618;2.765240317379618;2.939483020386894
265;78;6;4.406219973320789;4.406219973320789;4.181873483185431
266;34;5;1.969182800588515;1.969182800588515;2.4820495257001127
267;40;5;3.4921083984749846;3.4921083984749846;3.366615495633934
268;73;5;3.7504737575591576;3.7504737575591576;3.8249541333423385
269;32;5;2.2386236266205404;2.2386236266205404;2.599049053660181
270;37;5;3.2717188827232255;3.2717188827232255;3.2375132394946493
271;76;6;3.5840556940602246;3.5840556940602246;3.511003409704432
272;111;6;4.827621614639858;4.827621614639858;4.601989138814089
273;28;6;3.7682545898525044;3.7682545898525044;3.262836520302156
274;53;6;3.407927685286238;3.407927685286238;3.4704353658432283
275;30;6;4.923703645119493;4.923703645119493;4.438265488887143
276;94;5;2.645594527554968;2.645594527554968;2.962328872876122
277;78;6;3.6616357643886124;3.6616357643886124;3.795666187660626
278;60;6;2.9084093356184537;2.9084093356184537;3.244824914066204
279;60;3;2.969755557743541;2.969755557743541;2.8188135319333454
280;80;5;2.9165165830228985;2.9165165830228985;2.871059880971466
281;88;6;3.330581215083718;3.330581215083718;3.538449375230472
282;71;5;4.151691612129746;4.151691612129746;4.131210622990003
283;70;5;2.692332228763217;2.692332228763217;2.9497294806376604
284;63;6;2.9593784497133147;2.9593784497133147;3.2046910358617096
285;66;6;3.5527257041347338;3.5527257041347338;3.6893511335989806
286;21;1;1.7207999108206904;1.7207999108206904;1.5140741624120493
287;77;5;2.2968423557602176;2.2968423557602176;2.4916423789512723
288;55;6;2.238256627939855;2.238256627939855;2.553285647016437
289;65;6;4.100259054876869;4.100259054876869;4.076934623188223
290;40;6;3.620464600146475;3.620464600146475;3.4652463006141696
291;101;6;3.764484897400462;3.764484897400462;3.8625627782272387
292;95;5;3.3938976104126377;3.3938976104126377;3.5452885809376222
293;67;5;3.6861374906432918;3.6861374906432918;3.376728291017772
294;31;5;5.109883238096122;5.109883238096122;3.803340112563256
295;57;5;3.180395205393153;3.180395205393153;3.288278978642743
296;45;2;1.8719652695071298;1.8719652695071298;1.8246477183682202
297;87;5;2.437912366429962;2.437912366429962;2.6400465476233435
298;51;5;3.096095480554508;3.096095480554508;3.0923178436747394
299;52;6;3.074128026352077;3.074128026352077;3.375221804196427
300;21;4;3.2861025919572824;3.2861025919572824;3.1005608444393897
301;75;5;3.572922140287972;3.572922140287972;3.9256014388241693
302;33;6;3.525130625803364;3.525130625803364;3.4034178741562093
303;17;5;4.673191660119917;4.673191660119917;3.5721756439937318
304;91;4;3.696055571843371;3.696055571843371;3.5631168608928605
305;89;6;3.2801943500621284;3.2801943500621284;3.3581805028900913
306;51;5;3.0451201738085825;3.0451201738085825;3.131393494661125
307;76;5;4.976338563684859;4.976338563684859;4.6986299820679
308;89;5;2.720309073646901;2.720309073646901;3.047395946866641
309;87;5;2.2322766229896973;2.2322766229896973;2.4828494709419853
310;56;6;3.3913131513961496;3.3913131513961496;3.318742302255263
311;69;5;2.923914431196611;2.923914431196611;3.1764996379146035
312;31;6;4.721095408149269;4.721095408149269;4.241616950923041
313;46;6;4.336994075790896;4.336994075790896;3.995981083512534
314;69;5;3.3662724405859836;3.3662724405859836;3.589977165647675
315;102;6;3.4952635404831165;3.4952635404831165;3.733827106546599
316;63;6;3.1205600226444115;3.1205600226444115;3.103568445128568
317;49;5;2.5611233453757904;2.5611233453757904;2.777957699289738
318;82;6;3.5575154778466116;3.5575154778466116;3.8755655327758296
319;33;5;2.779909119047521;2.779909119047521;2.623961798645866
320;72;5;4.06322660000732;4.06322660000732;3.5558469229584446
321;86;5;2.629164568999915;2.629164568999915;2.848040942293982
322;94;5;5.78067777393859;5.78067777393859;5.181502988653123
323;28;6;7.060453841621748;7.060453841621748;5.3457700011604965
324;77;5;3.050817831638093;3.050817831638093;3.161052656307449
325;64;5;4.102288801488497;4.102288801488497;4.046205902358668
326;96;6;3.309056353988893;3.309056353988893;3.495450588502005
327;54;5;2.3086524359453358;2.3086524359453358;2.5762389459090613
328;46;6;4.069209351899816;4.069209351899816;3.7360236498487827
329;93;6;4.505518696460087;4.505518696460087;4.444757428871367
330;74;5;7.21792215046188;7.21792215046188;6.392098325280189
331;71;6;2.5948939680923995;2.5948939680923995;2.9450514893950364
332;17;4;4.261628177116892;4.261628177116892;3.4551403918999055
333;69;6;3.978232047988893;3.978232047988893;3.998068951613673
334;87;6;2.4470800151135337;2.4470800151135337;2.7381604171360885
335;75;4;2.622637809679636;2.622637809679636;2.6390906605578315
336;34;4;2.1509918076466863;2.1509918076466863;2.5023987790589297
337;106;6;3.0594785970133254;3.0594785970133254;3.1078731872711605
338;84;5;4.055085335218614;4.055085335218614;4.084789586612706
339;51;5;2.576918817936495;2.576918817936495;2.7865847456665267
340;64;6;3.4454311217381;3.4454311217381;3.627418710618066
341;103;6;3.4525727098565637;3.4525727098565637;3.6657054991697717
342;4;6;5.237145052783134;5.237145052783134;3.1223784358949964
343;84;5;3.4675691443336696;3.4675691443336696;3.583580338884578
344;38;6;3.590161821558944;3.590161821558944;3.4432702080622417
345;48;5;4.1010513890482745;4.1010513890482745;3.9967338509369714
346;21;6;6.7538840870964565;6.7538840870964565;5.069259052254821
347;35;5;1.920543019406287;1.920543019406287;2.219377849945523
348;96;6;3.61063367057098;3.61063367057098;3.726380507752831
349;4;5;5.264546895441873;5.264546895441873;3.18264160917799
350;45;6;3.6312423472797675;3.6312423472797675;3.582486898012138
351;84;5;2.424792937458005;2.424792937458005;2.6600059866109858
352;23;6;4.09955936636583;4.09955936636583;3.4981078625595132
353;57;6;2.142083257032028;2.142083257032028;2.4536519163691928
354;38;5;4.047059263728093;4.047059263728093;3.7279725687225187
355;65;5;2.8641551607465474;2.8641551607465474;3.142858400392975
356;76;5;3.3075755924867765;3.3075755924867765;3.5924226731994895
357;30;5;3.710641573443346;3.710641573443346;3.287893513132211
358;32;6;5.08683612125839;5.08683612125839;4.272336677017281
359;66;4;3.00555284918835;3.00555284918835;2.845346000720272
360;52;3;1.9910263066636527;1.9910263066636527;2.016034330281803
361;59;5;3.161817239858246;3.161817239858246;3.1954059023738357
362;5;5;5.360038821557545;5.360038821557545;3.798897615291134
363;47;5;3.0472559763250118;3.0472559763250118;3.1382532801658334
364;63;4;1.8199539572853711;1.8199539572853711;1.951914846334596
365;86;6;3.405735694872456;3.405735694872456;3.5259454547924087
366;90;5;2.9510665849002673;2.9510665849002673;3.0499287011092893
367;92;5;2.977007402770959;2.977007402770959;3.2737103435989527
368;58;6;3.907991417033437;3.907991417033437;3.770624351648809
369;37;6;4.632745411608348;4.632745411608348;4.348837348472014
370;25;2;1.6006235264932347;1.6006235264932347;1.5577805576901849
371;17;6;6.064389343258719;6.064389343258719;4.328438344603314
372;94;6;3.5928868276248216;3.5928868276248216;3.8246217939611005
373;80;6;3.2475227704568463;3.2475227704568463;3.448513188039002
374;67;5;3.398090358508416;3.398090358508416;3.6011048564287322
375;53;3;2.03507425414115;2.03507425414115;2.0745501146459
376;65;6;3.7209775241766643;3.7209775241766643;3.7153633438811426
377;80;6;3.4476587486286787;3.4476587486286787;3.53257774551354
378;74;5;3.2333824485420863;3.2333824485420863;3.1665361083364836
379;25;5;5.8521255070816744;5.8521255070816744;4.554308744249273
380;104;6;3.2279098403266113;3.2279098403266113;3.340480688505154
381;73;5;2.876930349091994;2.876930349091994;3.267553774794954
382;50;5;2.852441284301739;2.852441284301739;2.9122617104933077
383;90;6;2.462527437788007;2.462527437788007;2.7344631906897825
384;87;6;2.889778527778663;2.889778527778663;3.285310142716403
385;30;6;3.623492597850191;3.623492597850191;3.2356402131259583
386;82;6;3.1282886470896405;3.1282886470896405;3.2220543120621374
387;24;5;4.413327292558463;4.413327292558463;3.9019783304089746
388;63;4;2.4247941382083464;2.4247941382083464;2.428529383934565
389;116;6;3.160517608969697;3.160517608969697;3.428455788645997
390;55;5;2.5062709999627035;2.5062709999627035;2.651472125187501
391;57;5;2.8724062349192296;2.8724062349192296;3.0729313554376567
392;34;2;1.9716519258474685;1.9716519258474685;1.7498175674019523
393;64;6;4.4071635622312835;4.4071635622312835;4.078349985451581
394;87;5;2.6813069926256583;2.6813069926256583;2.7095984396191835
395;66;4;2.666069655815873;2.666069655815873;2.7023358102142456
396;47;6;4.506430196592826;4.506430196592826;4.175416899934346
397;41;4;3.234169878222176;3.234169878222176;3.217850935527743
398;58;5;3.0531209579211604;3.0531209579211604;3.2333826478958927
399;36;5;3.2488587231196417;3.2488587231196417;3.057114868826735
400;91;5;3.3258706634162944;3.3258706634162944;3.3624796669861814
401;64;5;3.9204327082102703;3.9204327082102703;3.585086214439408
402;35;5;4.587559428560838;4.587559428560838;4.267811659608133
403;46;6;3.489633769748826;3.489633769748826;3.4373767416336602
404;68;5;2.696078028323237;2.696078028323237;2.953006213613743
405;65;5;3.220833340853216;3.220833340853216;3.4440954707655154
406;93;6;2.8612594638746556;2.8612594638746556;2.9939107442328647
407;91;5;2.961399905959907;2.961399905959907;3.205478488466734
408;35;5;2.3939901286469256;2.3939901286469256;2.3942894230864464
409;18;1;1.8717571440130347;1.8717571440130347;1.476877569482781
410;50;5;4.15168486915038;4.15168486915038;3.8088961986586676
411;78;5;2.546218800860244;2.546218800860244;2.7869405721039775
412;58;3;1.8979356724810723;1.8979356724810723;2.0325587480378173
413;23;5;4.618938737856285;4.618938737856285;4.052754364355405
414;91;5;3.690731722384996;3.690731722384996;3.8703521730588597
415;24;2;1.5419224409191747;1.5419224409191747;1.5284318593104513
416;105;6;2.4112871709753008;2.4112871709753008;2.7905843290843726
417;48;6;3.8578155988101552;3.8578155988101552;4.117340904971909
418;61;5;3.1842670033975398;3.1842670033975398;3.347227811564419
419;90;6;2.9923630815557276;2.9923630815557276;3.2231929362137963
420;74;5;3.8950864890118946;3.8950864890118946;3.8726010761540257
421;100;6;3.0701969864365206;3.0701969864365206;3.2549935563018604
422;54;6;3.622629996727114;3.622629996727114;3.532206965099442
423;73;5;2.9099549025844844;2.9099549025844844;3.233605939084657
424;79;5;3.3744406010874264;3.3744406010874264;3.367084358583456
425;62;4;2.3633632613529394;2.3633632613529394;2.537333389507263
426;32;5;2.4958348687168272;2.4958348687168272;2.676666176600915
427;35;5;3.1037828201706392;3.1037828201706392;3.2500365025457176
428;47;6;4.57448650561111;4.57448650561111;4.336834217198642
429;45;5;3.093672928188861;3.093672928188861;3.0334359841254552
430;33;5;1.91188245066159;1.91188245066159;2.315798000762113
431;65;6;3.4878775000614857;3.4878775000614857;3.4688273454999528
432;66;6;2.979231816926167;2.979231816926167;3.0461150286632077
433;80;5;2.706049286528107;2.706049286528107;2.89161702812594
434;98;5;5.126155020055848;5.126155020055848;4.886244711453687
435;31;5;2.0717196011465924;2.0717196011465924;2.587853451249998
436;47;6;4.322765618182905;4.322765618182905;4.532572471790993
437;87;5;3.0047292767440217;3.0047292767440217;3.0791470845422575
438;83;5;3.9485538015757293;3.9485538015757293;4.045345653717604
439;63;6;3.5024470465118163;3.5024470465118163;3.561209221711115
440;33;5;3.5296840980506268;3.5296840980506268;3.2395103380575376
441;74;6;2.8679663560829947;2.8679663560829947;3.187996411403953
442;98;6;2.955116496051011;2.955116496051011;3.153833527079797
443;104;6;2.534803835248001;2.534803835248001;2.9021651949499097
444;113;5;4.5390383775683265;4.5390383775683265;4.08790601908517
445;14;6;4.160827711610397;4.160827711610397;3.11034481131973
446;89;6;3.4484546265948057;3.4484546265948057;3.557149254403966
447;52;6;3.876610138240727;3.876610138240727;3.770629919516253
448;95;6;4.143459897283146;4.143459897283146;4.1137623499686065
449;54;6;3.7040572073329416;3.7040572073329416;3.4244468143754228
450;38;6;3.8438546064638226;3.8438546064638226;3.6352229917149894
451;65;5;2.711483177180821;2.711483177180821;2.9714262688166526
452;46;5;3.322320422783489;3.322320422783489;3.059704358887823
453;34;4;4.0666881133505415;4.0666881133505415;3.2947324795282906
454;71;6;3.3672649337754046;3.3672649337754046;3.467069282490607
455;52;5;4.296872540479849;4.296872540479849;3.918794235596604
456;36;5;4.764911196133252;4.764911196133252;3.832251902041542
457;105;6;3.526418403596522;3.526418403596522;3.7447407399084476
458;82;4;3.026537583216377;3.026537583216377;2.9324387871929294
459;2;5;9.158135395610014;9.158135395610014;5.607642363753775
460;31;5;5.141223353302813;5.141223353302813;3.9504115613142265
461;45;6;3.219591792493168;3.219591792493168;3.277255569343188
462;37;6;3.7664142430157592;3.7664142430157592;3.548804200123117
463;69;6;3.275250186428457;3.275250186428457;3.331043252558484
464;33;6;3.972656511263764;3.972656511263764;3.6896276548482536
465;45;6;3.9173993706385257;3.9173993706385257;3.9130034492770602
466;42;4;4.061982811854253;4.061982811854253;3.5740020399537125
467;79;6;3.203155783213188;3.203155783213188;3.428019007341723
468;34;4;1.9060681185337747;1.9060681185337747;2.3453067277390893
469;57;6;4.077546512972534;4.077546512972534;4.017511363163333
470;41;5;2.991399697597929;2.991399697597929;3.1569882927468154
471;41;4;3.1909830675476996;3.1909830675476996;3.0818434000856145
472;63;5;2.996473247593414;2.996473247593414;3.121633324316118
473;75;6;3.4349953443316013;3.4349953443316013;3.456707706871255
474;86;5;2.6674825672932;2.6674825672932;3.0108908562330035
475;41;5;4.777868898486252;4.777868898486252;4.658743802777037
476;59;5;2.993049560649772;2.993049560649772;3.0341500538347193
477;76;6;3.4765512585556073;3.4765512585556073;3.784447214677159
478;39;6;4.732152220528094;4.732152220528094;4.525028365065467
479;34;5;4.460878516477335;4.460878516477335;4.290015435840745
480;55;3;1.6486935757411092;1.6486935757411092;1.7798001990155994
481;50;5;3.498372662540675;3.498372662540675;3.2355487636723965
482;71;6;2.63126247697194;2.63126247697194;2.981095730091615
483;28;5;4.571333362294867;4.571333362294867;3.9696288632792665
484;30;5;2.254057497127194;2.254057497127194;2.701316067639175
485;83;4;2.5546798712801326;2.5546798712801326;2.526231443542438
486;24;2;1.6073605380150897;1.6073605380150897;1.5332363585696853
487;67;4;2.846856830157816;2.846856830157816;2.8172049238555763
488;137;5;3.7560437227711687;3.7560437227711687;3.8062606365611216
489;27;5;2.8998146745670423;2.8998146745670423;2.5941811111414457
490;95;6;3.385518074193141;3.385518074193141;3.6329395225830363
491;48;5;3.7626279034008596;3.7626279034008596;3.551038649806824
492;84;5;3.417378468153371;3.417378468153371;3.4866945246007846
493;77;6;3.924658638243983;3.924658638243983;3.9512021938201327
494;27;5;2.70144003926054;2.70144003926054;2.929122410845249
495;50;5;3.3543421504415214;3.3543421504415214;3.301449356016489
496;115;6;2.454952696368658;2.454952696368658;2.8685591830012473
497;71;5;3.1282861291531745;3.1282861291531745;3.1842271222350274
498;24;5;3.5412276782905177;3.5412276782905177;2.988905937202854
499;71;5;3.0607366968183745;3.0607366968183745;3.0501592195633633
500;33;6;5.022124043035001;5.022124043035001;4.494138858587562
501;64;6;2.6796391485075794;2.6796391485075794;2.9570010374845306
502;4;6;5.403681206105629;5.403681206105629;3.273045830973154
503;89;6;4.011155491037382;4.011155491037382;3.9799570134131455
504;57;5;2.907186649779746;2.907186649779746;2.9978512313118757
505;36;5;3.9125794283062536;3.9125794283062536;3.759660915558936
506;16;5;4.527960336583819;4.527960336583819;3.60800553828584
507;81;5;2.7840890322491387;2.7840890322491387;3.0442737095650525
508;63;6;3.532173333169258;3.532173333169258;3.4207067791136403
509;51;5;3.3007524047658032;3.3007524047658032;3.436904780078778
510;48;6;3.729464692277782;3.729464692277782;3.614342591714551
511;84;5;3.595231808153597;3.595231808153597;3.4134299243404227
512;32;6;3.9073266305317107;3.9073266305317107;3.4716455242639377
513;81;5;2.703462056222658;2.703462056222658;2.8860602055794695
514;83;6;3.047631971149599;3.047631971149599;3.4121616993618886
515;33;5;3.903230927428371;3.903230927428371;3.6149788952214137
516;61;5;3.788476168282083;3.788476168282083;3.727151623360111
517;76;5;3.9012637681531763;3.9012637681531763;3.89995657322111
518;45;5;4.106821298407618;4.106821298407618;3.8378706737219277
519;53;3;2.4210382807891566;2.4210382807891566;2.2570445902445773
520;47;6;4.401697918723255;4.401697918723255;4.048344023918306
521;94;6;3.957322651576205;3.957322651576205;4.112264666921963
522;34;5;2.400747287989345;2.400747287989345;2.619985971229741
523;102;6;3.316647167981118;3.316647167981118;3.512316125376159
524;76;5;3.0005979062241392;3.0005979062241392;3.1111498180982387
525;94;6;3.5429004503151735;3.5429004503151735;3.614946111169565
526;83;6;3.303042678903062;3.303042678903062;3.5203635692304696
527;79;6;3.3354766012128394;3.3354766012128394;3.6631322066045655
528;78;5;2.2836730944384693;2.2836730944384693;2.5168563713925405
529;98;6;2.7805916973631843;2.7805916973631843;3.1268728014553275
530;75;6;3.225928406223897;3.225928406223897;3.5607444083710718
531;36;5;3.939065078659922;3.939065078659922;3.7017058416833244
532;33;6;4.419403573575536;4.419403573575536;4.0579639689781475
533;33;5;2.1584840429453003;2.1584840429453003;2.6298651940171625
534;65;6;3.496479268732416;3.496479268732416;3.5636644823795907
535;34;5;1.912825049857243;1.912825049857243;2.3106946410387543
536;54;6;3.6509339153758824;3.6509339153758824;3.6520124617499414
537;9;5;6.019010514811307;6.019010514811307;3.6352453970393164
538;93;5;2.359234222450029;2.359234222450029;2.610181424760296
539;55;6;4.469559476787133;4.469559476787133;4.36765975923218
540;53;5;2.6402953723112743;2.6402953723112743;2.6254756384641795
541;91;5;2.593640788881735;2.593640788881735;2.9040916882821377
542;32;5;4.069223670522813;4.069223670522813;3.8237213470437115
543;49;6;4.1734086167781275;4.1734086167781275;3.8177358162795696
544;91;6;3.342966992400886;3.342966992400886;3.561962059998257
545;47;5;3.297089138919175;3.297089138919175;3.0810834525314195
546;38;5;3.389425010413188;3.389425010413188;3.2294015013236956
547;104;5;3.1313067699981394;3.1313067699981394;3.362163129049734
548;14;5;5.046428333705496;5.046428333705496;3.9427016901116327
549;23;5;3.991776531842312;3.991776531842312;3.3584945351044992
550;73;5;2.4985453768621926;2.4985453768621926;2.7526014209066254
551;54;6;3.6843844986472996;3.6843844986472996;3.6690130581690794
552;40;6;3.43698153560735;3.43698153560735;3.3414394531276863
553;68;6;2.383423763765434;2.383423763765434;2.67359023284083
554;42;6;3.529797466146091;3.529797466146091;3.4815304914439777
555;88;5;2.5873424358956325;2.5873424358956325;2.71308559228501
556;72;5;3.3475385895554735;3.3475385895554735;3.5348825775858717
557;54;6;2.5965745865026357;2.5965745865026357;2.8795938968914685
558;39;5;4.091273143109618;4.091273143109618;3.798508846501172
559;64;6;3.3127417262530794;3.3127417262530794;3.3937088929934367
560;76;6;3.430646667528943;3.430646667528943;3.5365432142919757
561;61;3;2.684583641736993;2.684583641736993;2.6675962904253967
562;90;6;3.332894654427385;3.332894654427385;3.5443544397493665
563;82;6;2.6172560011434074;2.6172560011434074;2.841642804246307
564;66;6;3.2981619022888973;3.2981619022888973;3.3292503788778456
565;64;5;3.2445065542910574;3.2445065542910574;3.604689360484878
566;56;6;5.736406361310755;5.736406361310755;4.257243082840355
567;38;5;5.157222872306573;5.157222872306573;4.569861833702864
568;62;5;2.5070070818779957;2.5070070818779957;2.7220319752944366
569;96;5;3.0655856780558137;3.0655856780558137;3.315717172921029
570;52;5;3.5059504196299205;3.5059504196299205;3.562073801978805
571;29;5;3.608604307777297;3.608604307777297;3.3146454066687596
572;42;5;3.5811712396828663;3.5811712396828663;3.361666489540118
573;56;6;3.6023456159317555;3.6023456159317555;3.634547519596828
574;53;3;1.8159544470777451;1.8159544470777451;1.9096149673684861
575;22;5;6.073534248211908;6.073534248211908;4.666425738115284
576;37;5;4.412742678870745;4.412742678870745;4.024561216056249
577;49;5;4.015922841217949;4.015922841217949;3.760355426556701
578;95;5;3.3825423664285124;3.3825423664285124;3.455550908766801
579;1;5;6.564955226190858;6.564955226190858;3.064152239174221
580;33;5;3.3311198280188243;3.3311198280188243;3.4995161242129154
581;79;5;2.1876345300610796;2.1876345300610796;2.4871670647532507
582;50;5;4.243997130378152;4.243997130378152;3.9031721957316603
583;72;5;3.7192278429097327;3.7192278429097327;3.7962488758368202
584;18;1;2.1058555103042575;2.1058555103042575;1.5013581568492453
585;95;5;3.440030446662548;3.440030446662548;3.4618596176093055
586;98;4;3.7797819567704223;3.7797819567704223;3.716563819734907
587;95;6;2.9923602885099765;2.9923602885099765;3.2552461177811893
588;36;5;3.133805388868131;3.133805388868131;3.0594658295956116
589;30;5;3.093086603482386;3.093086603482386;2.9595877849146994
590;36;5;3.65305228802896;3.65305228802896;3.5625844165207488
591;50;5;3.8830150434677506;3.8830150434677506;4.0515656931023685
592;106;5;2.67566558560427;2.67566558560427;2.9151360365643244
593;29;6;3.66407379222769;3.66407379222769;3.425251724437748
594;76;5;2.6210155587653023;2.6210155587653023;2.7168591823409995
595;26;5;3.7465357881454953;3.7465357881454953;3.4209754813743247
596;23;5;4.975869079327301;4.975869079327301;4.089378786918918
597;34;5;8.944794316117687;8.944794316117687;5.679141122269124
598;63;5;2.4183381083133737;2.4183381083133737;2.731288380232083
599;26;6;4.853118956116217;4.853118956116217;4.096067625443098
600;62;5;5.541813181159233;5.541813181159233;5.388949678796761
601;33;5;1.9550042393094713;1.9550042393094713;2.394482351488238
602;64;5;2.925104850221853;2.925104850221853;2.9319268595332835
603;54;5;3.050909146988016;3.050909146988016;3.181872294399375
604;17;4;4.214897801953706;4.214897801953706;3.3757223931332896
605;50;5;2.9080830650448117;2.9080830650448117;2.884265554802467
606;59;3;2.103080527703323;2.103080527703323;2.251785083580409
607;56;6;2.453462303075789;2.453462303075789;2.6980594427322084
608;71;4;2.3676235260107514;2.3676235260107514;2.4431265516178566
609;58;5;2.6163061926454296;2.6163061926454296;2.8157550679010264
610;55;5;3.264379840011935;3.264379840011935;3.494700495764039
611;40;5;3.0032312057352084;3.0032312057352084;3.014297674539021
612;54;3;1.8177767715411484;1.8177767715411484;1.9396394967424393
613;92;5;3.572408987201943;3.572408987201943;3.493709569743912
614;77;5;3.4853698277977334;3.4853698277977334;3.616673635696708
615;111;6;3.057853637808281;3.057853637808281;3.5085302861729213
616;41;6;3.5341956257029428;3.5341956257029428;3.583259426191852
617;45;6;5.747375804254506;5.747375804254506;4.689075389382072
618;59;5;4.966146792537681;4.966146792537681;5.034746907189039
619;34;4;1.934735150894715;1.934735150894715;2.2831336699730476
620;68;5;3.5558163113826855;3.5558163113826855;3.6271403716965085
621;105;5;3.7569405086378884;3.7569405086378884;3.828078996728596
622;45;5;2.670453181959404;2.670453181959404;2.7011176554758474
623;59;6;3.9143582996770787;3.9143582996770787;3.876844012290601
624;87;5;2.949781999078842;2.949781999078842;3.2200109962943766
625;29;6;4.375811245696944;4.375811245696944;3.9854175887640415
626;64;5;3.3049066134166667;3.3049066134166667;3.3985700907514937
627;63;5;2.8834326346150214;2.8834326346150214;3.1588542183167503
628;109;5;2.8137613257189233;2.8137613257189233;3.050942993575792
629;89;6;2.42329705080582;2.42329705080582;2.830317266518504
630;105;6;2.415949054448943;2.415949054448943;2.698800272031377
631;74;6;3.697571294820919;3.697571294820919;3.851755675214285
632;97;5;2.738246316432526;2.738246316432526;3.114039773926529
633;84;5;2.9555679947401154;2.9555679947401154;3.170795589206473
634;84;5;3.484459139415864;3.484459139415864;3.6153563091707888
635;86;6;3.339039468926935;3.339039468926935;3.523150628637027
636;81;6;2.8653309508773734;2.8653309508773734;3.0432234315849263
637;103;6;3.1639234103446046;3.1639234103446046;3.2877423554886613
638;82;6;4.026942243153897;4.026942243153897;4.0231692639736165
639;54;6;2.4668695351364476;2.4668695351364476;2.7837862412124736
640;57;6;4.748513271195629;4.748513271195629;4.408119562157203
641;81;4;3.205725163324571;3.205725163324571;3.359756184737985
642;94;5;2.8013726684555005;2.8013726684555005;2.8100108728448547
643;32;5;2.161080023759662;2.161080023759662;2.6311824866910154
644;63;5;3.586438741534395;3.586438741534395;3.7086847353585495
645;32;2;1.6456707686927323;1.6456707686927323;1.4951201192619896
646;47;5;3.5683211099022487;3.5683211099022487;3.531733253222007
647;24;5;4.080865143109958;4.080865143109958;3.477509822360099
648;70;6;3.435926719615426;3.435926719615426;3.526665172264899
649;73;5;2.3117963195732893;2.3117963195732893;2.6774275950703563
650;64;6;3.0797938113938614;3.0797938113938614;3.2594224673109125
651;97;6;3.2414156317009004;3.2414156317009004;3.4972435976992293
652;54;6;3.68344089883583;3.68344089883583;3.7724736619938777
653;77;5;3.038878569358889;3.038878569358889;3.1198822863311135
654;73;6;3.374831977406595;3.374831977406595;3.512403717298819
655;21;1;1.7052720060093909;1.7052720060093909;1.4902246752392412
656;81;6;3.5562785434054485;3.5562785434054485;3.6384379778992915
657;69;5;2.733769946584522;2.733769946584522;2.793046600237104
658;23;5;5.394917249327839;5.394917249327839;4.37758618607226
659;63;6;3.9949250182786495;3.9949250182786495;4.063311185249207
660;65;5;2.969598051552008;2.969598051552008;3.294685848390035
661;20;5;3.256338687247714;3.256338687247714;2.724662346628991
662;55;5;3.5590601496593357;3.5590601496593357;3.2813985011646274
663;59;6;3.7039246157892127;3.7039246157892127;3.7560552665667357
664;57;5;3.7849938031711647;3.7849938031711647;3.4138801241288097
665;58;6;3.9262707860974313;3.9262707860974313;4.097914195026872
666;44;5;3.8571704462409886;3.8571704462409886;3.7202103048855317
667;80;5;3.8537090200281114;3.8537090200281114;3.706540413240219
668;54;5;2.737630238230861;2.737630238230861;2.785273801214583
669;40;5;4.230449122736923;4.230449122736923;3.9756654398951077
670;46;5;3.316046573391741;3.316046573391741;3.4364532905787866
671;103;5;2.911829927216216;2.911829927216216;2.929946063027836
672;11;5;5.9645816698334695;5.9645816698334695;3.6512284215700648
673;73;5;3.469956530286817;3.469956530286817;3.1610106209468296
674;22;5;3.952666131113628;3.952666131113628;3.3412027113777802
675;33;5;2.6308615648031446;2.6308615648031446;2.684907515361984
676;72;5;3.156886732841701;3.156886732841701;3.4113014187398365
677;79;5;3.903831609018273;3.903831609018273;3.964266920722245
678;65;5;3.502195607853756;3.502195607853756;3.347383514664558
679;63;4;3.268872850544858;3.268872850544858;2.9096200602177604
680;25;6;4.1409383960342945;4.1409383960342945;3.1828511822624352
681;40;5;3.6142630122576773;3.6142630122576773;3.5493289268899377
682;55;6;3.5903569993152535;3.5903569993152535;3.6081320913998627
683;90;5;3.02363824236593;3.02363824236593;3.245403675591416
684;12;5;5.377666328973329;5.377666328973329;3.7505942038958904
685;92;5;2.35054107098022;2.35054107098022;2.6701989738787333
686;64;5;3.171076420284017;3.171076420284017;3.191958401336674
687;88;5;4.727871349361455;4.727871349361455;4.3299380863644
688;90;5;3.7704763623304243;3.7704763623304243;3.9669451013559414
689;74;5;5.105559364878705;5.105559364878705;4.645098110214927
690;93;6;3.40077310428559;3.40077310428559;3.5206960126474502
691;23;5;5.593994020074172;5.593994020074172;4.220989836807382
692;85;6;3.588540883002215;3.588540883002215;3.7523390314689475
693;64;6;4.1837848370712925;4.1837848370712925;3.9582390010268638
694;81;5;2.8056531778689826;2.8056531778689826;3.0093081411029545
695;24;2;1.6642817884656607;1.6642817884656607;1.567348130110156
696;43;5;3.063515201943798;3.063515201943798;3.0796875019868004
697;33;5;1.977376037625944;1.977376037625944;2.3804689573935316
698;61;5;4.527400299861741;4.527400299861741;4.362486515733046
699;63;5;4.35196148274466;4.35196148274466;3.992562997857323
700;84;5;2.157515195212797;2.157515195212797;2.437157046652996
701;52;5;4.037363664133145;4.037363664133145;4.1633764277018805
702;59;5;4.849222885449182;4.849222885449182;4.572976246736432
703;34;4;2.073631550510588;2.073631550510588;2.4530099570897117
704;93;6;3.5217102449756377;3.5217102449756377;3.6977894203077573
705;46;5;2.848559930804485;2.848559930804485;2.8024457810038204
706;34;5;2.46455813495983;2.46455813495983;2.6436488347752745
707;53;3;2.079116056863808;2.079116056863808;2.029499403569465
708;75;5;2.703684450853209;2.703684450853209;2.915051306506308
709;50;5;3.5652685476982278;3.5652685476982278;3.5706864126797435
710;39;2;1.9608501054451593;1.9608501054451593;1.7760770818131015
711;43;6;8.268820311317413;8.268820311317413;5.989367259906864
712;47;5;3.8095509138825876;3.8095509138825876;3.3423966260329503
713;59;4;2.3475579009921277;2.3475579009921277;2.4628831325538796
714;109;6;3.0083049789985807;3.0083049789985807;3.2713701551477343
715;37;2;2.095737763220103;2.095737763220103;1.847177617085661
716;45;5;3.335819233730266;3.335819233730266;3.3953719294242637
717;42;5;5.157691839616733;5.157691839616733;4.564044384946997
718;63;5;3.0913400618164117;3.0913400618164117;3.110384806809701
719;52;5;4.428122810945738;4.428122810945738;4.401622427351663
720;63;5;4.498771497877399;4.498771497877399;4.273197676929587
721;70;5;2.6241113849097677;2.6241113849097677;2.8030105309608766
722;65;6;2.837223496643515;2.837223496643515;3.115579082577724
723;67;6;3.9908064486828687;3.9908064486828687;3.9496151849091405
724;56;6;3.8822473079839357;3.8822473079839357;3.8512595311221762
725;62;5;3.325254867979835;3.325254867979835;3.380009548733736
726;81;5;2.5328792477306257;2.5328792477306257;2.8099511211876815
727;53;5;5.540773164695165;5.540773164695165;4.8313449612490675
728;42;5;4.021376750103557;4.021376750103557;3.577566382765743
729;68;5;3.417002740002667;3.417002740002667;3.443178162505174
730;49;6;4.45365148054904;4.45365148054904;4.230667097799375
731;55;5;3.7759602115843918;3.7759602115843918;3.6455228086759144
732;27;5;4.018122663812953;4.018122663812953;3.5823175791061432
733;58;5;2.7824940473188993;2.7824940473188993;3.016046599652507
734;54;6;3.2388418812925797;3.2388418812925797;3.4633043613980856
735;82;6;3.1941783336089657;3.1941783336089657;3.3140064300698144
736;80;6;3.7974505731667505;3.7974505731667505;3.7161734089406693
737;35;6;3.7999906047215792;3.7999906047215792;3.5011964472090398
738;46;5;3.430737933286947;3.430737933286947;3.5119681780482392
739;70;5;4.031663910872025;4.031663910872025;3.9898582319329803
740;67;5;4.874211356375902;4.874211356375902;4.602343480321332
741;48;6;3.4740134873297923;3.4740134873297923;3.47518213259778
742;76;6;3.488607448128999;3.488607448128999;3.613864977586315
743;72;4;3.5311580709979493;3.5311580709979493;3.394820103541637
744;58;5;3.255394402660988;3.255394402660988;3.3613617510174874
745;38;6;5.158100823993774;5.158100823993774;4.528228038110196
746;30;6;3.697727504331589;3.697727504331589;3.808494282648269
747;42;6;3.4768173107723186;3.4768173107723186;3.3952981587767495
748;36;5;2.8752080086854748;2.8752080086854748;2.905754921739079
749;67;5;3.2097114033509295;3.2097114033509295;3.18813135780681
750;62;5;2.7795799185431544;2.7795799185431544;3.031027613264015
751;52;6;3.978070574938041;3.978070574938041;3.9728512858869487
752;87;5;2.2297464669646545;2.2297464669646545;2.668707661862205
753;23;1;1.6475192014112099;1.6475192014112099;1.5358778530672388
754;66;6;4.456510057695043;4.456510057695043;4.595327762297049
755;68;5;4.178173978569088;4.178173978569088;4.130732487184671
756;43;5;3.5800774411945993;3.5800774411945993;3.5469897657223
757;72;6;3.925795333300728;3.925795333300728;4.006366769025084
758;83;6;3.1842903836643166;3.1842903836643166;3.3603186257927327
759;28;5;3.1594109957885586;3.1594109957885586;2.8072825168953055
760;73;6;4.216375940603206;4.216375940603206;3.7171056656796435
761;52;5;4.317048014475719;4.317048014475719;4.174086148826328
762;71;5;3.8800724753129434;3.8800724753129434;4.045791116042814
763;22;5;4.548086987372078;4.548086987372078;3.755533414501059
764;67;6;3.0506253160662946;3.0506253160662946;3.222693344961925
765;93;6;2.7475940696304346;2.7475940696304346;3.162228849653111
766;82;5;4.0011274989090175;4.0011274989090175;3.736642974064857
767;86;6;2.322435810608034;2.322435810608034;2.576810710063925
