Skewness: 0.0, Average LID: LPCA: 5.153645833333333  |||  MLE: 3.6928471247466192  |||  MLENB: 3.6928471247466192  |||  TLE: 3.5997607839475356
LPCA: 0.19700148608265586  |||  MLE: -0.2849742158123615  |||  MLENB: -0.2849742158123615  |||  TLE: -0.014082867684709345
node;in_degree;local_intrinsic_dimensionality_LPCA;local_intrinsic_dimensionality_MLE;local_intrinsic_dimensionality_MLENB;local_intrinsic_dimensionality_TLE
0;32;6;4.37606742494606;4.37606742494606;4.54356769615555
1;52;6;3.2441264443261555;3.2441264443261555;3.3419104699458573
2;33;5;3.05679265666863;3.05679265666863;3.069887686241348
3;52;6;3.7801384471248474;3.7801384471248474;4.118297371706248
4;16;5;4.187614136074446;4.187614136074446;3.941844506103889
5;73;5;3.3938086143634396;3.3938086143634396;3.4507778465940295
6;27;6;4.309394785258902;4.309394785258902;3.8412093260796683
7;34;5;1.6739480700925835;1.6739480700925835;1.9825540218062216
8;17;1;1.6216697342522284;1.6216697342522284;1.5637527297234242
9;1;5;8.53580393524364;8.53580393524364;5.242933989100199
10;34;6;4.23816156089303;4.23816156089303;4.485380683787488
11;54;5;2.46601848393001;2.46601848393001;2.785099069900707
12;45;5;3.6262358855633745;3.6262358855633745;3.6596478594352693
13;4;1;3.1511812146029605;3.1511812146029605;1.3931710761400917
14;24;5;3.2494779635060276;3.2494779635060276;3.4874637114565075
15;33;5;1.5920526724809867;1.5920526724809867;1.9335075564598143
16;37;5;2.5603320773257763;2.5603320773257763;2.8301233103290326
17;80;5;2.7146773183937185;2.7146773183937185;3.08157655188836
18;3;6;6.182164298274557;6.182164298274557;4.124109074559989
19;72;6;4.061095840780379;4.061095840780379;4.34563592342284
20;49;5;2.6312135720194965;2.6312135720194965;2.82894703073277
21;40;6;3.5554793291671536;3.5554793291671536;3.5385988863008877
22;24;5;3.0858056509587186;3.0858056509587186;3.068249724086927
23;49;5;4.546494745006347;4.546494745006347;4.549096408810387
24;34;5;3.3935459407139406;3.3935459407139406;3.6127379232267556
25;61;6;3.5216940019805993;3.5216940019805993;3.8099765958065075
26;65;4;3.413464314904729;3.413464314904729;3.5179155153129678
27;24;5;4.132504336668968;4.132504336668968;3.921551255539033
28;23;5;4.992938814328699;4.992938814328699;4.349458620393164
29;41;5;3.7487192663995943;3.7487192663995943;3.873679788837401
30;25;5;5.543730002233608;5.543730002233608;5.2760233454945995
31;53;5;3.4766227069470728;3.4766227069470728;3.3517210814636065
32;45;5;2.7008713858271904;2.7008713858271904;2.9627603279063575
33;18;6;5.594694407875595;5.594694407875595;4.68895602612885
34;45;6;3.372892002535941;3.372892002535941;3.5578671307632703
35;46;5;3.2978637982559356;3.2978637982559356;3.3891097940634918
36;64;5;3.260002256920981;3.260002256920981;3.408266102473679
37;38;6;3.552558456636509;3.552558456636509;3.7055863077352105
38;34;6;3.527940730968407;3.527940730968407;3.744773786567829
39;30;5;3.3234113184591285;3.3234113184591285;3.152189402014622
40;7;5;5.319578899775974;5.319578899775974;4.255463069974241
41;54;5;3.1328045281661545;3.1328045281661545;3.4343753287832057
42;31;5;7.9370561856065045;7.9370561856065045;6.959667033074992
43;26;4;4.619060857177214;4.619060857177214;4.015395025909339
44;51;4;3.029546225706268;3.029546225706268;3.27330279354428
45;18;5;3.8379277191224603;3.8379277191224603;3.7466035127743047
46;43;5;4.111579488948046;4.111579488948046;3.8580142938452715
47;33;6;4.128989802410872;4.128989802410872;3.7818330196001715
48;66;5;4.833627998447572;4.833627998447572;4.638871268170911
49;32;5;1.9733409519407885;1.9733409519407885;2.2086395030444512
50;30;6;4.025289693590552;4.025289693590552;4.020760648679441
51;21;4;3.104599283602817;3.104599283602817;2.9134409963392036
52;28;5;7.1561579978014365;7.1561579978014365;5.5109917747068495
53;53;4;2.322905379329771;2.322905379329771;2.4258357027859034
54;46;3;1.7585193343900842;1.7585193343900842;1.8896205489286948
55;36;6;3.5846871908487024;3.5846871908487024;3.222597583198299
56;51;3;2.1326490951106387;2.1326490951106387;2.324768880632001
57;7;5;5.147724114081313;5.147724114081313;4.050174447300523
58;60;5;4.065726819564917;4.065726819564917;4.07865923973345
59;37;6;3.4233119583677794;3.4233119583677794;3.7789069469050487
60;23;4;2.0419610428134525;2.0419610428134525;2.4036770029906256
61;65;5;3.4137757981361245;3.4137757981361245;3.6517234465224497
62;13;6;4.6140635614200285;4.6140635614200285;3.167060908482718
63;43;6;3.9391817456899276;3.9391817456899276;4.219942083043856
64;60;5;3.3010386753233028;3.3010386753233028;3.5941817413910226
65;88;5;4.848132086436078;4.848132086436078;4.485394256997476
66;36;5;4.194728322281077;4.194728322281077;4.1884895519756995
67;22;5;4.601128260825354;4.601128260825354;4.081684758878632
68;35;5;2.275841472198845;2.275841472198845;2.5269116963286313
69;33;5;5.261208856668351;5.261208856668351;4.737965755559491
70;77;6;4.066799826974337;4.066799826974337;4.34307369805774
71;65;6;3.747674382524536;3.747674382524536;4.044561639046373
72;28;5;4.144855209770727;4.144855209770727;3.920473118495474
73;47;4;3.1832761233941973;3.1832761233941973;3.2152818577781113
74;38;6;3.1393150598996264;3.1393150598996264;3.147821189402041
75;4;5;5.121988847079233;5.121988847079233;3.1715517515329426
76;20;5;4.15049596659209;4.15049596659209;3.8524061869182002
77;58;6;3.226125415091295;3.226125415091295;3.523363397756236
78;33;5;1.6709978774397525;1.6709978774397525;2.085906341062238
79;51;5;2.36046738415756;2.36046738415756;2.8382076034129016
80;42;5;4.985282324768794;4.985282324768794;3.800235741475348
81;21;4;2.3868116181606345;2.3868116181606345;2.596545570560344
82;40;6;3.643102558204313;3.643102558204313;3.7570943002036543
83;58;5;2.8075014826728095;2.8075014826728095;3.046860575117432
84;7;4;5.012363599371343;5.012363599371343;3.7290619057079057
85;65;6;3.8410924469147325;3.8410924469147325;3.9409711589371716
86;11;6;5.256649021125759;5.256649021125759;4.202032304641283
87;78;6;4.2607421521764985;4.2607421521764985;4.453193306705785
88;44;6;4.102115978101218;4.102115978101218;4.039138715743615
89;60;5;2.6316024844742114;2.6316024844742114;2.9625079823788774
90;34;5;2.743904307438911;2.743904307438911;2.7859615222618346
91;56;5;3.7324202468643612;3.7324202468643612;3.939950124587751
92;16;6;3.993387774940713;3.993387774940713;3.871657429476788
93;38;5;3.4950807252640996;3.4950807252640996;3.5484565822499583
94;19;6;4.959666713772758;4.959666713772758;4.856177328651679
95;54;5;3.2720445674876855;3.2720445674876855;3.323010745015177
96;57;6;2.554083281005861;2.554083281005861;2.8184727165737753
97;8;6;5.213295648830824;5.213295648830824;4.096995902710303
98;47;6;4.536700343886211;4.536700343886211;4.290981951992969
99;32;5;2.759520761546549;2.759520761546549;2.905105502050041
100;57;4;2.4038425310853215;2.4038425310853215;2.6579314819754045
101;37;5;3.6178511109185485;3.6178511109185485;3.3963987973744945
102;17;5;3.6376685364448993;3.6376685364448993;3.471565171632494
103;44;6;2.9688827634949675;2.9688827634949675;3.0880095767394504
104;32;5;3.7371945977200216;3.7371945977200216;3.727473975950257
105;45;5;3.2663486974076386;3.2663486974076386;3.375292389165993
106;0;5;7.318943397690635;7.318943397690635;4.037456348296913
107;56;6;3.792964961659708;3.792964961659708;4.0105920754694635
108;38;5;5.1874439807666795;5.1874439807666795;4.259550214703244
109;31;6;3.7517229550523727;3.7517229550523727;3.527964294328333
110;34;5;3.2843287024002668;3.2843287024002668;3.382109058914954
111;21;1;1.4458836594983702;1.4458836594983702;1.5663346802009357
112;39;6;3.832191326295681;3.832191326295681;3.934845445383485
113;37;5;2.9416398172420752;2.9416398172420752;3.1335353857427735
114;35;5;4.460716366792327;4.460716366792327;4.4128093505161745
115;33;5;3.1164627734409134;3.1164627734409134;3.137082582915377
116;86;5;3.35242430535508;3.35242430535508;3.3684560203404
117;35;6;3.075046110395529;3.075046110395529;2.9155249900499967
118;61;6;2.28934137136883;2.28934137136883;2.5588887007608245
119;49;6;2.8748305679958914;2.8748305679958914;3.1802976519014607
120;10;5;5.98713239222761;5.98713239222761;4.456364510840936
121;45;5;3.987926338477561;3.987926338477561;3.847427568771664
122;72;6;3.998147307844412;3.998147307844412;4.093800591571484
123;31;5;3.427725961668511;3.427725961668511;3.4023794866672024
124;56;5;3.1816279967261902;3.1816279967261902;3.1592356321704704
125;1;6;6.238786075731633;6.238786075731633;3.8218943184374483
126;67;6;3.937510206709667;3.937510206709667;4.15658303190481
127;47;6;4.361488216701162;4.361488216701162;4.415617033621759
128;41;6;4.446207846554192;4.446207846554192;4.323384972546392
129;26;6;3.3707773338393117;3.3707773338393117;3.466939628660128
130;26;5;3.3681981822352602;3.3681981822352602;3.495334657996789
131;53;4;3.2203764696632318;3.2203764696632318;3.17797511846126
132;38;5;4.020956916531971;4.020956916531971;3.8050258806101227
133;41;5;3.3545434242061685;3.3545434242061685;3.3681955767280662
134;45;6;2.1703924498202354;2.1703924498202354;2.606410212695878
135;55;6;4.8042788436333685;4.8042788436333685;4.744696932643496
136;66;6;3.6592737823379946;3.6592737823379946;3.6235148946585363
137;60;6;2.9627263408390325;2.9627263408390325;3.3699586218930584
138;57;5;2.85697537375134;2.85697537375134;3.2341872549068222
139;48;4;2.563446906237558;2.563446906237558;2.4924302229457123
140;42;5;3.7398669129621043;3.7398669129621043;3.7357664474097563
141;44;6;3.3693590605094617;3.3693590605094617;3.6297209477994965
142;38;6;4.313755126716783;4.313755126716783;4.094894213429287
143;49;5;3.1368325320618573;3.1368325320618573;3.311855322350394
144;50;4;2.283858153234435;2.283858153234435;2.4866421962481087
145;2;5;6.664889913403061;6.664889913403061;3.6258697774749793
146;13;5;4.159729141031321;4.159729141031321;3.277619795570118
147;59;6;4.7271685938929595;4.7271685938929595;4.806037053703225
148;34;5;2.677927159094775;2.677927159094775;2.8941350780721042
149;70;5;3.3872437752497877;3.3872437752497877;3.573945254848359
150;45;5;3.4070913180283102;3.4070913180283102;3.456806171323134
151;58;5;3.254096719219307;3.254096719219307;3.3823317013589134
152;44;5;3.7252352761727106;3.7252352761727106;3.9618823241966323
153;22;1;1.4037580055425074;1.4037580055425074;1.5679443337789536
154;32;5;3.197987988155102;3.197987988155102;3.2527480983430905
155;27;5;2.9663663568101026;2.9663663568101026;3.188570982986988
156;42;5;3.223993925013324;3.223993925013324;3.5763614319538726
157;35;6;4.297964854605579;4.297964854605579;4.225040202216886
158;66;6;3.4660124419152183;3.4660124419152183;3.5733952283119406
159;25;6;4.423329550310426;4.423329550310426;4.032391640846544
160;33;5;2.9039905557196684;2.9039905557196684;3.1632170330679727
161;28;6;5.6165090679964385;5.6165090679964385;5.3353751210086795
162;43;4;3.125863298344538;3.125863298344538;3.0907350488497216
163;61;5;2.529068561557948;2.529068561557948;2.833529997198938
164;47;5;3.2184538734725905;3.2184538734725905;3.4726036219298613
165;35;5;4.3570206537257;4.3570206537257;4.155713710726198
166;33;5;6.423307966008637;6.423307966008637;5.49669107702497
167;75;5;3.044045992344034;3.044045992344034;3.2166600347161705
168;65;5;2.743789060630685;2.743789060630685;3.024067396367337
169;22;5;4.654770616891554;4.654770616891554;4.3196070862147
170;58;5;3.5845084485395784;3.5845084485395784;3.67988800308325
171;71;6;3.617873100787206;3.617873100787206;3.8693051193363734
172;32;4;2.9499164869555456;2.9499164869555456;2.835208756532846
173;23;6;4.22361443022662;4.22361443022662;3.899401582168969
174;51;6;4.256645142285659;4.256645142285659;4.263094065539533
175;27;5;3.5708632439945247;3.5708632439945247;3.483575019288218
176;43;6;4.1111680184059445;4.1111680184059445;4.118058824474677
177;1;6;6.6043988124685695;6.6043988124685695;4.334344657093348
178;57;5;3.8314258217695736;3.8314258217695736;3.903841858979049
179;58;5;3.1038009650760023;3.1038009650760023;3.4503763668056755
180;41;6;4.162623001452463;4.162623001452463;4.149960876556715
181;53;6;4.178720507162297;4.178720507162297;4.330258975370004
182;4;5;5.243868380066133;5.243868380066133;3.6911891542161555
183;37;5;2.6445089269280615;2.6445089269280615;2.8891033565685245
184;70;5;4.067460037664009;4.067460037664009;4.1236346252613565
185;28;5;3.6797716440774977;3.6797716440774977;3.5010875341404115
186;21;1;1.5499736248036018;1.5499736248036018;1.6360503833714035
187;16;5;5.257557611159414;5.257557611159414;4.408153571990657
188;57;6;5.015485732359119;5.015485732359119;4.924285800250029
189;58;5;5.823639610590292;5.823639610590292;5.634067784713183
190;40;5;2.8446006550164475;2.8446006550164475;3.1702081256501917
191;36;6;4.477453874364757;4.477453874364757;4.203245203088645
192;52;4;2.8665908590609135;2.8665908590609135;3.0997471637587757
193;29;5;2.1644501054884535;2.1644501054884535;2.3359938677767844
194;35;6;6.92153649778082;6.92153649778082;5.573434521563535
195;41;5;3.7255290702648582;3.7255290702648582;3.6618674133526956
196;42;5;2.9006142075638683;2.9006142075638683;3.2366533566171105
197;34;6;2.440270878937355;2.440270878937355;2.6276276132128826
198;49;6;3.916618926542717;3.916618926542717;4.12300709544934
199;53;4;1.8032694317995588;1.8032694317995588;1.996414053522345
200;43;5;4.951827522056853;4.951827522056853;4.734244691163409
201;46;5;2.8945090868651024;2.8945090868651024;3.014874714412157
202;65;5;3.4429153061442057;3.4429153061442057;3.61961625293196
203;39;6;2.128249908902775;2.128249908902775;2.522498786512857
204;28;5;3.3978286650958056;3.3978286650958056;3.446065491843474
205;64;5;3.1990562647914866;3.1990562647914866;3.371409983322745
206;34;4;2.5697380186747134;2.5697380186747134;2.6069417699874813
207;26;5;4.349277470406117;4.349277470406117;4.031117538275172
208;71;6;3.397012836035528;3.397012836035528;3.7547923520467177
209;34;5;3.7786645618026378;3.7786645618026378;3.8536927087437496
210;55;6;3.6693229526114544;3.6693229526114544;3.612963668740565
211;22;4;3.2526862511521073;3.2526862511521073;3.2653826292409778
212;25;5;4.68403319303965;4.68403319303965;4.3811796651295
213;48;6;4.01923067861996;4.01923067861996;4.149807728482777
214;60;5;4.617877761819111;4.617877761819111;4.772939661656256
215;48;4;2.987643273011383;2.987643273011383;3.1708084599949315
216;46;6;3.9185299323183944;3.9185299323183944;4.109591040948966
217;75;6;3.6164538725055957;3.6164538725055957;4.019876237093635
218;66;5;3.1970189086309926;3.1970189086309926;3.2150453308871314
219;50;5;3.426484289365077;3.426484289365077;3.560614756746879
220;22;2;1.4530610978666387;1.4530610978666387;1.5658203071856165
221;28;5;3.0639071764391375;3.0639071764391375;3.159515710779162
222;34;5;1.5730669323701114;1.5730669323701114;1.8970165544345476
223;26;5;8.278609229203994;8.278609229203994;6.663951612259287
224;54;6;2.8488040493177653;2.8488040493177653;3.185085546193193
225;36;6;3.3792532488538924;3.3792532488538924;3.5731217254868377
226;51;6;3.252477313769776;3.252477313769776;3.442837350267647
227;20;5;5.5203519581448015;5.5203519581448015;4.741568938530857
228;7;1;2.4804272717371343;2.4804272717371343;1.4345726960385734
229;23;5;6.205022593206679;6.205022593206679;5.319077034996824
230;34;5;4.391998636467417;4.391998636467417;3.9028172046518748
231;37;2;2.2997887938173287;2.2997887938173287;2.20819766395026
232;37;6;3.543393410148785;3.543393410148785;3.6222845596696094
233;65;4;3.668605835379574;3.668605835379574;3.789700044679447
234;49;6;3.498024051411206;3.498024051411206;3.563221635699215
235;38;5;2.787844078983065;2.787844078983065;3.1512574251599075
236;21;5;2.9539212385136087;2.9539212385136087;3.0591874362986875
237;33;5;4.76418802905346;4.76418802905346;4.3258654998226564
238;59;5;5.7497476998141;5.7497476998141;4.951744157070735
239;43;6;4.297526853797316;4.297526853797316;4.071225133081178
240;58;6;2.29937957243857;2.29937957243857;2.58724333458294
241;63;6;3.8948902128072214;3.8948902128072214;4.111747141974619
242;29;5;3.70440519007248;3.70440519007248;3.361343569240544
243;41;6;3.399574500899904;3.399574500899904;3.4132405963903105
244;61;5;3.472833023385313;3.472833023385313;3.503726890984602
245;41;5;4.045274717491703;4.045274717491703;3.882130615910297
246;68;5;3.126775513765049;3.126775513765049;3.284630065051295
247;11;1;2.1828425971506915;2.1828425971506915;1.4646760685665925
248;34;2;2.385028433939744;2.385028433939744;2.123164217799192
249;41;5;4.899029455186022;4.899029455186022;5.293577170493722
250;42;6;5.991022926192899;5.991022926192899;4.6336079329414614
251;46;5;2.4628499899107728;2.4628499899107728;2.7168756693733127
252;55;6;3.8039446128535856;3.8039446128535856;3.9083130367837913
253;49;6;2.3195891639643387;2.3195891639643387;2.5943598823653033
254;16;4;4.632644224212594;4.632644224212594;3.538265610281763
255;46;5;3.056218421333263;3.056218421333263;3.0824818800989844
256;33;5;4.656228095882727;4.656228095882727;4.118252471524342
257;56;5;2.3569378283954125;2.3569378283954125;2.7261753358465333
258;34;2;2.7110879185749766;2.7110879185749766;2.400091068152374
259;44;5;3.271755512194257;3.271755512194257;3.4566701576919914
260;15;5;4.109961244794107;4.109961244794107;3.6374469549574595
261;31;5;1.5433696313607346;1.5433696313607346;1.884172439306757
262;67;6;2.9750968965964595;2.9750968965964595;3.2998571046568212
263;36;5;3.7008656479147253;3.7008656479147253;3.6900707699961988
264;53;5;3.0228883219288094;3.0228883219288094;3.181496145455714
265;42;6;5.349528636278348;5.349528636278348;5.056144300491847
266;31;5;1.5261863347385065;1.5261863347385065;1.9478488498483946
267;31;5;3.3269377579364363;3.3269377579364363;3.2835345565247662
268;50;5;3.0910366143541235;3.0910366143541235;3.1897262793447605
269;29;5;1.7848994754670053;1.7848994754670053;2.07950484095936
270;24;5;3.257274679935284;3.257274679935284;3.2714704214137145
271;48;6;4.544094712445917;4.544094712445917;4.3982065346934425
272;70;5;4.762479848722277;4.762479848722277;4.489192772626893
273;21;6;3.8865366622949336;3.8865366622949336;3.4559550468753075
274;32;5;3.2789544642868114;3.2789544642868114;3.322355291907415
275;22;6;4.766989117894921;4.766989117894921;4.439598808379279
276;58;5;2.7333904030083134;2.7333904030083134;3.0110362460748603
277;56;6;3.915215132380867;3.915215132380867;4.079061824298106
278;41;6;2.8977926626730977;2.8977926626730977;3.3586506616007488
279;31;4;2.894814586621334;2.894814586621334;2.9088142045209042
280;44;4;3.867856123131341;3.867856123131341;3.684408090609134
281;67;6;3.3993405769313925;3.3993405769313925;3.6538976291847005
282;36;5;4.690077517346084;4.690077517346084;4.776506039342389
283;59;5;2.827928775829724;2.827928775829724;3.189220622483069
284;45;6;3.211523326008046;3.211523326008046;3.538603522908004
285;48;6;3.702995496897063;3.702995496897063;3.8421163955794286
286;18;1;1.488152737892044;1.488152737892044;1.484523530265234
287;41;5;2.554870131767195;2.554870131767195;2.81015210570277
288;41;5;2.4079114969804154;2.4079114969804154;2.7222694170118866
289;46;6;4.1664951157699965;4.1664951157699965;4.1278081331068295
290;21;6;4.131831505156856;4.131831505156856;4.033373088988008
291;68;6;4.603510981353162;4.603510981353162;4.745027457867863
292;70;5;3.4652397344528696;3.4652397344528696;3.553735303746262
293;41;5;4.691049067325784;4.691049067325784;4.10177686069878
294;15;4;5.194015644236594;5.194015644236594;3.878798617548887
295;44;6;3.9590839120861534;3.9590839120861534;4.060904138232993
296;40;3;1.8399905065868007;1.8399905065868007;1.8575994909948723
297;44;5;2.7908862176510785;2.7908862176510785;3.055461296349284
298;32;5;3.958406618750822;3.958406618750822;3.9336395534977973
299;36;6;3.1601550561490526;3.1601550561490526;3.653248415542544
300;21;5;2.721562813193191;2.721562813193191;2.6922457842670133
301;47;6;3.381798528266248;3.381798528266248;3.846323665233347
302;26;6;3.4422909278305416;3.4422909278305416;3.4828529332016704
303;11;5;5.74373198051227;5.74373198051227;4.430936850894431
304;52;4;4.290814761200977;4.290814761200977;4.138969745357081
305;59;6;4.189826362170889;4.189826362170889;4.198534330670075
306;36;5;3.436035232368367;3.436035232368367;3.506739595480078
307;43;5;5.016504528353681;5.016504528353681;4.761469698253293
308;66;5;2.858550251024187;2.858550251024187;3.2030804670870867
309;59;5;3.031001276135209;3.031001276135209;3.4284664103411733
310;39;5;4.327963697628153;4.327963697628153;4.111203500729148
311;40;6;3.171515700147405;3.171515700147405;3.4908403872049942
312;22;5;5.3819959250622595;5.3819959250622595;4.987872876867387
313;23;6;4.609209505667121;4.609209505667121;4.174897873804844
314;44;6;3.201940551082047;3.201940551082047;3.482456651072539
315;78;6;3.990102715540403;3.990102715540403;4.283391230496535
316;41;5;3.5968960413237236;3.5968960413237236;3.555515083043145
317;38;5;2.359454024425582;2.359454024425582;2.574101953442642
318;54;6;3.2497506027114946;3.2497506027114946;3.5808269164859903
319;22;5;3.145982786551448;3.145982786551448;3.02129848337717
320;40;5;5.016972935070239;5.016972935070239;4.336865092197035
321;71;6;3.3808223997423763;3.3808223997423763;3.604223179351709
322;42;4;5.603608307993343;5.603608307993343;5.0001933519445
323;20;5;7.998236083142049;7.998236083142049;5.944608454758121
324;62;6;3.771765162351037;3.771765162351037;3.8614701363696433
325;39;5;3.7380408549889608;3.7380408549889608;3.726378024509579
326;73;6;4.083190779992943;4.083190779992943;4.363364468654161
327;44;5;2.4549502372894394;2.4549502372894394;2.7335914062160134
328;29;6;5.340501545075196;5.340501545075196;4.867950146657378
329;58;6;5.484669753144307;5.484669753144307;5.307312583941933
330;32;5;6.214033556790306;6.214033556790306;5.622736007937478
331;53;5;2.6799538343287996;2.6799538343287996;2.9904420641845295
332;12;4;3.790464673648142;3.790464673648142;3.2714504806639777
333;48;6;3.9395920765121764;3.9395920765121764;3.89357161722302
334;57;6;3.0317068047059195;3.0317068047059195;3.363477859324267
335;45;5;3.1430094402697617;3.1430094402697617;3.2282358314937496
336;34;5;1.7710633518017247;1.7710633518017247;2.0483036402302166
337;75;5;4.144611058439687;4.144611058439687;4.1164258657869395
338;49;5;4.138712342712545;4.138712342712545;4.189642640080936
339;47;5;3.0053877489209535;3.0053877489209535;3.2178909328895022
340;40;6;3.55903595371761;3.55903595371761;3.7498333569360764
341;59;6;3.6580046846865617;3.6580046846865617;3.8746534490813027
342;4;5;4.429114423729388;4.429114423729388;3.181447172439548
343;54;5;3.58350618855381;3.58350618855381;3.6549360932986765
344;28;6;3.67077336018261;3.67077336018261;3.526039397915098
345;29;6;4.207078360226189;4.207078360226189;4.160526155471276
346;15;6;6.793618460942784;6.793618460942784;5.2203741951326545
347;34;5;1.5767069841102306;1.5767069841102306;1.8047536235630253
348;70;6;4.423965700572284;4.423965700572284;4.607933575219582
349;4;5;4.456165688732083;4.456165688732083;3.188902675414292
350;28;6;3.6736546142263142;3.6736546142263142;3.673060565358559
351;57;5;2.8951458084162693;2.8951458084162693;3.1258136419532194
352;20;5;3.6822058482188074;3.6822058482188074;3.3011464338436665
353;39;6;2.302860786310736;2.302860786310736;2.5865239687932298
354;23;5;4.477868983989227;4.477868983989227;4.18000691341184
355;53;5;3.2780205458490914;3.2780205458490914;3.7485041370116665
356;38;5;3.1727854538092135;3.1727854538092135;3.530419438807051
357;29;5;3.2819977344617572;3.2819977344617572;2.849297294494508
358;16;6;5.555394257437741;5.555394257437741;4.908017195182704
359;27;4;3.0670078539043653;3.0670078539043653;3.0246805564688235
360;47;3;2.0759505831270264;2.0759505831270264;2.1087483446204485
361;36;4;2.998512470497678;2.998512470497678;3.030638429065987
362;3;5;5.603521384902462;5.603521384902462;3.992371728037196
363;29;5;2.9745163026224613;2.9745163026224613;3.1143614856299218
364;59;4;2.2327957035961483;2.2327957035961483;2.4559472427531985
365;54;6;4.154673283980627;4.154673283980627;4.211819325447615
366;70;5;3.782070618927936;3.782070618927936;3.842859508797592
367;50;5;2.962092837852762;2.962092837852762;3.218091183995478
368;35;6;4.132378180625445;4.132378180625445;3.984806133571477
369;22;6;4.180659719393059;4.180659719393059;3.993457178295534
370;24;2;1.5035037912095524;1.5035037912095524;1.6181776434189654
371;7;6;8.36011247918087;8.36011247918087;5.390508573707905
372;67;6;3.41142389978493;3.41142389978493;3.6457487449314914
373;53;6;3.604153458737759;3.604153458737759;3.8369885132902763
374;35;5;3.4641186344655863;3.4641186344655863;3.731423143662963
375;50;4;2.2055633337701406;2.2055633337701406;2.298844875705133
376;36;6;3.8291260154153157;3.8291260154153157;3.833315751189248
377;49;6;4.635117692674235;4.635117692674235;4.799892370750261
378;40;4;3.1442213134727477;3.1442213134727477;3.112081883191593
379;10;6;6.822538556734394;6.822538556734394;5.297973203509777
380;77;6;5.297486310918469;5.297486310918469;5.237101714843147
381;44;5;2.3174126804161648;2.3174126804161648;2.57453461937518
382;32;5;3.448172957129994;3.448172957129994;3.5203913955215405
383;64;6;2.9481888826681755;2.9481888826681755;3.2078787788914087
384;58;6;2.584866315324931;2.584866315324931;2.9520496387965802
385;20;6;3.9938027940831473;3.9938027940831473;3.3846072047989613
386;70;6;3.6080431318460673;3.6080431318460673;3.6224612717701716
387;18;5;3.9582744191827963;3.9582744191827963;3.4544547113088666
388;53;5;3.351999566271298;3.351999566271298;3.3368426125349466
389;80;6;3.4895111391662095;3.4895111391662095;3.7836882106828775
390;39;5;2.789682081737243;2.789682081737243;2.9749465155390826
391;41;5;3.047800777053543;3.047800777053543;3.369438115860091
392;30;2;2.2001314100653535;2.2001314100653535;1.995851869852042
393;39;6;6.425715837617248;6.425715837617248;5.719646807735916
394;56;5;3.214258414843954;3.214258414843954;3.23838964872047
395;43;4;2.7647209916400333;2.7647209916400333;2.9012953198110445
396;27;6;4.7023542672457435;4.7023542672457435;4.416069499133557
397;31;4;3.004774971453552;3.004774971453552;3.0773394671119525
398;39;5;3.457208300824751;3.457208300824751;3.809359801596092
399;21;5;3.3428347659549074;3.3428347659549074;3.205215197934394
400;60;5;4.259882473873112;4.259882473873112;4.218515562016862
401;27;4;4.423825367562957;4.423825367562957;4.09886311015042
402;26;5;4.728412235009306;4.728412235009306;4.498039187840416
403;31;5;3.5018173382710596;3.5018173382710596;3.5180962656301626
404;49;5;2.7445475478209778;2.7445475478209778;3.0117579900045452
405;29;6;3.2562060691073373;3.2562060691073373;3.512108108467326
406;63;5;3.4211527998004696;3.4211527998004696;3.480311994226156
407;47;5;2.685287759490576;2.685287759490576;2.8519634069508943
408;25;5;2.640226815736766;2.640226815736766;2.6744198695678887
409;17;1;1.6683389986178256;1.6683389986178256;1.507067140613842
410;25;6;4.2434432088414304;4.2434432088414304;3.930259493739977
411;60;6;3.4926441803441426;3.4926441803441426;3.7291102963321516
412;54;4;2.025403033457766;2.025403033457766;2.229466847581809
413;19;6;4.988234516763481;4.988234516763481;4.788730300203774
414;53;5;3.3237851790822655;3.3237851790822655;3.4934770978284706
415;23;2;1.4092352679300477;1.4092352679300477;1.565449898116714
416;64;5;2.278035952423187;2.278035952423187;2.576907849885072
417;38;6;3.1265542535549193;3.1265542535549193;3.401007739617095
418;37;5;3.4590760347717286;3.4590760347717286;3.79478214451852
419;68;6;3.740769259614541;3.740769259614541;3.994447875907299
420;47;5;4.673980013822982;4.673980013822982;4.703456708473065
421;67;6;3.6029631368700397;3.6029631368700397;3.76966054657832
422;37;6;3.951975204839284;3.951975204839284;3.7864824467482214
423;46;5;2.596352556031285;2.596352556031285;2.8958791600279414
424;51;5;3.984855461388214;3.984855461388214;3.963595310116121
425;44;4;2.2077920231564576;2.2077920231564576;2.435848470448326
426;29;4;2.0055340472688687;2.0055340472688687;2.2549754475121455
427;23;5;2.835716200565985;2.835716200565985;3.105278420483912
428;24;6;4.452396764748234;4.452396764748234;4.366323423286196
429;26;5;4.349674116764107;4.349674116764107;4.233018427664476
430;33;5;1.5787478693222856;1.5787478693222856;1.9653088566641965
431;41;6;4.587638516321032;4.587638516321032;4.411686510057516
432;50;6;3.855854296942479;3.855854296942479;3.7797796882815153
433;47;4;3.1256176153021435;3.1256176153021435;3.252026600436816
434;66;6;5.397387087227855;5.397387087227855;5.15163964289843
435;30;5;1.596584835768963;1.596584835768963;2.0279423092133055
436;35;6;3.6766863169382646;3.6766863169382646;3.902769219344926
437;52;4;3.214361170237661;3.214361170237661;3.245775658505524
438;51;5;3.7590881448108173;3.7590881448108173;3.8044942905613137
439;39;6;4.001603811185309;4.001603811185309;4.154691429143449
440;24;5;3.985187636996001;3.985187636996001;3.7857464927748397
441;59;6;2.828195091060553;2.828195091060553;3.102477878729599
442;63;6;3.6347295384069684;3.6347295384069684;3.792024718559182
443;72;6;2.748106958974729;2.748106958974729;3.0747389647716057
444;60;5;5.0873922186016545;5.0873922186016545;4.261640876741714
445;8;6;3.772188967289677;3.772188967289677;2.905327295816241
446;61;6;4.265459991437083;4.265459991437083;4.411559634249595
447;30;6;4.575055139100509;4.575055139100509;4.508678782357105
448;49;6;4.365630965729579;4.365630965729579;4.3455349021329654
449;36;6;5.4498251652712915;5.4498251652712915;4.80639477793416
450;22;6;4.09574506463862;4.09574506463862;3.844993455997279
451;42;5;2.7822846439634326;2.7822846439634326;3.126496776464533
452;30;5;3.610938479587395;3.610938479587395;3.2172743787254894
453;31;5;3.6542227449183757;3.6542227449183757;2.7738775364840835
454;51;6;3.539509236461439;3.539509236461439;3.5679885714490376
455;34;5;4.362097921094822;4.362097921094822;4.0345135500745135
456;21;5;5.375684145391548;5.375684145391548;4.333348229674657
457;77;6;3.8852623356811127;3.8852623356811127;4.157925974690771
458;49;5;3.6690571112940615;3.6690571112940615;3.481642435206377
459;2;5;8.23393107521893;8.23393107521893;5.3655648014643225
460;14;6;8.008058301111982;8.008058301111982;6.025989652628182
461;32;5;2.903353746520337;2.903353746520337;3.056091874389299
462;26;6;3.81367844485711;3.81367844485711;3.7367044854799327
463;51;5;3.681352234701602;3.681352234701602;3.686949571530634
464;23;6;4.477395796806493;4.477395796806493;4.348359091265263
465;28;6;3.6663581499378304;3.6663581499378304;3.7276120053037416
466;26;5;4.127296376680726;4.127296376680726;3.392435736797381
467;57;6;3.432222468234727;3.432222468234727;3.6748153388439504
468;34;5;1.5428132816064422;1.5428132816064422;1.8940122304308202
469;45;6;4.132379738106243;4.132379738106243;4.053606891517603
470;29;4;2.556765697896436;2.556765697896436;2.73538937451255
471;29;4;3.340645928620245;3.340645928620245;3.354257128366228
472;42;5;2.999512326569274;2.999512326569274;3.141319363602093
473;49;5;3.6836004559657702;3.6836004559657702;3.688536514463186
474;53;5;2.54439032172508;2.54439032172508;2.8005768164324785
475;30;5;4.552269513859158;4.552269513859158;4.645263348545816
476;38;5;3.21136048751148;3.21136048751148;3.250787296885458
477;49;6;2.9990992809592;2.9990992809592;3.2725778662041316
478;25;6;4.796241023945308;4.796241023945308;4.697900216718391
479;21;5;4.667428505663116;4.667428505663116;4.738286593362035
480;51;3;1.655745543311359;1.655745543311359;1.830842144984187
481;41;6;4.3686703619160046;4.3686703619160046;4.042932523492342
482;53;6;2.670327549959295;2.670327549959295;2.9866968604434576
483;19;5;5.261732347869438;5.261732347869438;4.66220745966743
484;28;5;1.7715810372917629;1.7715810372917629;2.1669735163923542
485;51;4;3.2987476747073967;3.2987476747073967;3.1708178756977468
486;23;2;1.5202903736592102;1.5202903736592102;1.6161026278833337
487;40;4;3.210590421137722;3.210590421137722;3.2646885826507086
488;77;5;3.9184135371607334;3.9184135371607334;3.954018051461444
489;18;5;3.4066822637079173;3.4066822637079173;3.1494509303337574
490;62;6;3.9040589871011964;3.9040589871011964;4.222250040698534
491;29;4;3.803542266094325;3.803542266094325;3.569860763678905
492;56;5;4.343760036492669;4.343760036492669;4.472276890966447
493;51;6;4.5917277691630805;4.5917277691630805;4.5575378921625065
494;21;5;2.1124623600333963;2.1124623600333963;2.509971440215955
495;33;5;3.7709512531573823;3.7709512531573823;3.678725460584304
496;69;6;2.3867179935965153;2.3867179935965153;2.7483417509357992
497;45;6;4.138244580360511;4.138244580360511;4.099644797475426
498;18;5;3.981848395313278;3.981848395313278;3.333944149204359
499;51;5;4.197877541585692;4.197877541585692;4.106452550788121
500;20;6;5.430188090594371;5.430188090594371;4.9169753346004885
501;46;6;2.4579265337167375;2.4579265337167375;2.6918729674779334
502;4;5;4.722267311891509;4.722267311891509;3.323550080464505
503;50;6;4.19115537805488;4.19115537805488;4.055569736429277
504;39;5;3.215169737404618;3.215169737404618;3.3001134786518684
505;32;6;3.6126941968875697;3.6126941968875697;3.518961103521665
506;12;5;4.27392281200447;4.27392281200447;3.6685865419263384
507;54;6;3.0263255299113276;3.0263255299113276;3.326917122710263
508;36;6;4.185867121105481;4.185867121105481;3.9531873691603576
509;34;6;3.14236622676212;3.14236622676212;3.2873177508154297
510;34;5;3.8981015755952066;3.8981015755952066;3.80637325331444
511;44;5;4.091785574174077;4.091785574174077;3.7898851023783697
512;20;6;4.33813716929352;4.33813716929352;3.776078673166694
513;43;5;3.275980994337914;3.275980994337914;3.5557163873938644
514;51;6;2.999654331783577;2.999654331783577;3.436157602495508
515;23;5;4.428112888406858;4.428112888406858;4.287963006827001
516;36;5;4.439562537832758;4.439562537832758;4.465850464611901
517;51;5;3.7236477892313933;3.7236477892313933;3.73893708906825
518;31;6;4.014515551586294;4.014515551586294;3.7918900452804487
519;45;3;2.7782558995927995;2.7782558995927995;2.5804390698503945
520;33;6;5.169259372645452;5.169259372645452;4.694521358797923
521;67;6;3.736361469190987;3.736361469190987;3.878762365218765
522;33;5;1.9426285916407304;1.9426285916407304;2.1595898138825995
523;58;5;3.2622687943300965;3.2622687943300965;3.45426140546151
524;39;4;3.071077851304541;3.071077851304541;3.1442065025307726
525;55;5;3.809112810562678;3.809112810562678;3.8316588811880705
526;44;6;3.703136643634855;3.703136643634855;3.9305350329908872
527;46;6;2.9886062232607515;2.9886062232607515;3.338891563898939
528;58;5;3.0503416768806715;3.0503416768806715;3.271032449335292
529;57;5;2.9681508312380838;2.9681508312380838;3.281383590625494
530;43;6;2.9346051758685125;2.9346051758685125;3.29343129630444
531;22;5;4.200375643487772;4.200375643487772;4.015305140748642
532;22;6;4.4839151263129;4.4839151263129;4.25551555389791
533;32;5;1.7544996166544249;1.7544996166544249;2.227653805217279
534;42;6;3.742006680263637;3.742006680263637;3.8276577702360366
535;34;5;1.6179456427529686;1.6179456427529686;2.014676452009766
536;37;6;3.835789974035059;3.835789974035059;3.8862547453709038
537;8;5;6.514515349447666;6.514515349447666;3.899057275599013
538;49;5;2.5849482774194006;2.5849482774194006;2.89402028193281
539;24;5;4.161985122000727;4.161985122000727;4.154964213313138
540;33;5;2.7690038534244565;2.7690038534244565;2.7317076758409615
541;71;6;2.6967452844135824;2.6967452844135824;2.983283250701042
542;23;5;4.120550880565421;4.120550880565421;3.8786081791786042
543;31;6;4.870399490847803;4.870399490847803;4.487565460401104
544;59;6;3.568460616661305;3.568460616661305;3.777665070285504
545;26;5;3.4786109654869986;3.4786109654869986;3.411209878398893
546;23;5;3.0040095621237763;3.0040095621237763;2.9907164472692602
547;69;6;3.4256081702182386;3.4256081702182386;3.6721744463666397
548;12;5;5.003698329222145;5.003698329222145;4.107073690834502
549;14;5;4.821092645784081;4.821092645784081;4.281513693368796
550;51;5;2.526284084256648;2.526284084256648;2.77951077152576
551;35;6;4.330133145840048;4.330133145840048;4.330086991366755
552;26;6;3.2271886884000263;3.2271886884000263;3.1880288676554063
553;56;6;2.5970883115412633;2.5970883115412633;2.8403611091699017
554;26;6;4.074936005170293;4.074936005170293;4.153285857222154
555;50;5;3.2450139961693205;3.2450139961693205;3.402254047682721
556;44;6;3.4092085028238572;3.4092085028238572;3.722632475782975
557;37;6;2.9462686431844576;2.9462686431844576;3.4157123646623444
558;23;6;4.233388826080089;4.233388826080089;3.9773162715341837
559;46;6;4.127364845902376;4.127364845902376;4.21537315362921
560;58;5;3.491247746707247;3.491247746707247;3.608832217733203
561;31;4;2.6718299904521188;2.6718299904521188;2.779678515809878
562;62;6;3.8874629855677543;3.8874629855677543;4.155928534507874
563;54;6;3.4805866722702787;3.4805866722702787;3.6803915681126362
564;45;6;4.443384041799689;4.443384041799689;4.415452152514273
565;38;6;3.1112090962200614;3.1112090962200614;3.5523675966224104
566;22;5;7.039436268225393;7.039436268225393;4.864912888461398
567;21;6;5.074005802895186;5.074005802895186;4.502925452821256
568;47;6;3.1213585348084942;3.1213585348084942;3.3807421246814067
569;66;6;3.730358639021156;3.730358639021156;4.013932176180347
570;42;6;3.614430925432866;3.614430925432866;3.7199330017822083
571;14;5;3.9013595115459756;3.9013595115459756;3.646777086354062
572;32;5;3.723229759344703;3.723229759344703;3.3990725626529135
573;36;6;4.004351514470443;4.004351514470443;4.119321308314365
574;50;4;1.875163287781816;1.875163287781816;2.051208147814663
575;11;6;5.82980213551352;5.82980213551352;4.5681225430693715
576;17;6;4.837796116685268;4.837796116685268;4.410065743370995
577;32;5;4.31917908038559;4.31917908038559;4.015265406054803
578;55;5;3.960993149444322;3.960993149444322;4.004060431333224
579;1;5;5.987914745253511;5.987914745253511;2.7902951987271085
580;23;5;2.8568419050117173;2.8568419050117173;3.0803637573370573
581;50;5;2.9192222314691083;2.9192222314691083;3.308901808954155
582;31;6;4.869570694725195;4.869570694725195;4.355225776130536
583;51;5;3.628773303638425;3.628773303638425;3.7010760540344347
584;16;1;1.8994019032844474;1.8994019032844474;1.5416682825125405
585;57;5;3.5912221927344588;3.5912221927344588;3.541533788145354
586;56;4;4.166012792182012;4.166012792182012;4.118465276717061
587;67;5;2.797153879018137;2.797153879018137;3.004232909804979
588;27;5;3.78193485705542;3.78193485705542;3.68725219719565
589;23;4;2.551071560265879;2.551071560265879;2.6491797285651497
590;27;5;3.3621230546975864;3.3621230546975864;3.3286544944776852
591;25;6;3.726187773111034;3.726187773111034;3.991879739015094
592;69;5;2.999654274465805;2.999654274465805;3.246682794505759
593;22;5;3.6061779911867102;3.6061779911867102;3.4144699740376327
594;47;5;2.8396729304557935;2.8396729304557935;2.9787356009660235
595;18;5;3.5321706690793935;3.5321706690793935;3.3209830704724976
596;18;6;4.488231527222598;4.488231527222598;3.79360797217143
597;28;4;8.115727846764594;8.115727846764594;5.257989820071955
598;52;5;2.4957286368817226;2.4957286368817226;2.7941170142956295
599;13;6;4.954623634205446;4.954623634205446;4.287310741117662
600;30;5;5.1438777924362835;5.1438777924362835;5.2635978321832715
601;33;5;1.579241815786959;1.579241815786959;1.982208074754948
602;50;5;3.8457716595937774;3.8457716595937774;3.7777100933064736
603;42;6;3.367140567580117;3.367140567580117;3.5090245628390173
604;12;4;4.1036662934896775;4.1036662934896775;3.502709286935246
605;31;5;2.827534172032315;2.827534172032315;2.772564115529927
606;55;4;2.218636816564402;2.218636816564402;2.440184400507337
607;45;5;2.4511697493157913;2.4511697493157913;2.6279303927917805
608;48;4;2.907386550294449;2.907386550294449;3.0760474707395664
609;39;6;2.885735485950562;2.885735485950562;3.103681379402082
610;37;5;2.907452113607886;2.907452113607886;3.1319818375279898
611;27;5;3.2164470629052775;3.2164470629052775;3.3853361542046776
612;49;3;1.918878643926696;1.918878643926696;2.098853183019552
613;70;5;4.204515667754827;4.204515667754827;4.0951929502171645
614;52;6;3.999291436617517;3.999291436617517;4.103630515921977
615;69;5;2.6070412495043316;2.6070412495043316;2.9882434077368973
616;27;6;3.6121532610726828;3.6121532610726828;3.786510046781445
617;29;6;5.8569094972712135;5.8569094972712135;4.785676225631395
618;32;5;4.180929784757763;4.180929784757763;4.317052332117409
619;34;5;1.5949171586553323;1.5949171586553323;1.8712941561355707
620;42;5;3.7507177287777136;3.7507177287777136;3.796735277108652
621;61;5;3.404526161320719;3.404526161320719;3.4343819413247334
622;34;5;3.3360461857302885;3.3360461857302885;3.3950110480449425
623;35;6;4.320328838122473;4.320328838122473;4.294750028704797
624;54;5;3.0418832671789247;3.0418832671789247;3.2916745045018487
625;19;6;4.547236814977279;4.547236814977279;4.258335704473539
626;40;4;3.1984642245490944;3.1984642245490944;3.209101122268345
627;39;6;2.5978267429173894;2.5978267429173894;2.8191330880676806
628;69;5;3.289627368412114;3.289627368412114;3.6215538819974533
629;58;6;2.27496044942811;2.27496044942811;2.608296665707822
630;60;6;2.5848176406282306;2.5848176406282306;2.8315875853490033
631;48;6;3.7440109430635466;3.7440109430635466;3.919641781697679
632;45;5;2.720891064399768;2.720891064399768;3.1033776019911854
633;49;5;3.1142107717366354;3.1142107717366354;3.343091665276079
634;46;5;3.946310196925757;3.946310196925757;4.207504753337159
635;56;5;3.2381601200934194;3.2381601200934194;3.4056534441015756
636;51;5;3.077186400848742;3.077186400848742;3.2000835377935437
637;73;6;3.7761030831108955;3.7761030831108955;3.8756156116799243
638;56;5;4.905720589934631;4.905720589934631;4.818063916218861
639;41;6;2.4660562933664205;2.4660562933664205;2.8212325165230636
640;31;6;6.0273230700119;6.0273230700119;5.560157907672516
641;49;4;3.338311569539905;3.338311569539905;3.5431357200794316
642;64;4;3.948280971052185;3.948280971052185;3.8077656469837398
643;32;5;1.7934657440052304;1.7934657440052304;2.286893565662481
644;50;5;3.7166040163998693;3.7166040163998693;3.886833054546681
645;25;2;1.6876282088309926;1.6876282088309926;1.589949917565011
646;35;5;4.184029721072099;4.184029721072099;4.0894588718060865
647;19;5;5.251098113199858;5.251098113199858;4.385546198114244
648;54;6;4.522289863468836;4.522289863468836;4.626589845786682
649;53;5;2.483931516314646;2.483931516314646;2.8504363344397485
650;39;6;3.1821136378357253;3.1821136378357253;3.377016809887452
651;63;6;3.0660586588316034;3.0660586588316034;3.3131721891201527
652;36;6;3.9150549595819446;3.9150549595819446;4.121583550647084
653;50;5;3.0673352933879743;3.0673352933879743;3.10281168824943
654;49;6;3.37106823671533;3.37106823671533;3.569344226657215
655;18;1;1.5326931377543345;1.5326931377543345;1.5226504103398737
656;52;6;4.0934072826189345;4.0934072826189345;4.056149643557374
657;45;5;3.622537517529389;3.622537517529389;3.5938153478142945
658;17;4;4.981624887480622;4.981624887480622;4.166968631036444
659;39;6;4.051635459986615;4.051635459986615;4.195153086410472
660;53;5;2.7931017204959625;2.7931017204959625;3.207196770834679
661;14;5;3.7455160298368217;3.7455160298368217;3.289727037991894
662;30;5;3.6141955602092932;3.6141955602092932;3.333811284119852
663;46;6;4.099424266179679;4.099424266179679;4.139220387483938
664;30;5;5.485369051050645;5.485369051050645;4.791788181496103
665;34;6;3.769622179837906;3.769622179837906;4.01022374017147
666;27;5;3.9285805489906913;3.9285805489906913;3.828932904375389
667;56;5;4.2636467557158495;4.2636467557158495;4.017905173872968
668;33;5;3.444120203613335;3.444120203613335;3.526932365230808
669;27;5;4.331858525729467;4.331858525729467;4.117960963978755
670;32;5;3.436851100408724;3.436851100408724;3.720623024903482
671;62;5;4.090419749343749;4.090419749343749;3.8997007686059977
672;7;6;5.531894804878395;5.531894804878395;3.4250862278663394
673;33;5;3.2553814333361757;3.2553814333361757;2.9681586064700576
674;13;6;4.018001204165891;4.018001204165891;3.390050697311656
675;29;5;2.674448181945255;2.674448181945255;2.7866510722024107
676;54;5;2.947574679971424;2.947574679971424;3.2877267075998975
677;38;5;3.85590600475736;3.85590600475736;3.8787943031635526
678;45;5;3.6875913238177422;3.6875913238177422;3.493701619459049
679;25;4;3.622658155836071;3.622658155836071;3.3617204469501867
680;14;6;4.807478785472648;4.807478785472648;3.623582283935492
681;30;5;3.267120988729178;3.267120988729178;3.283622221724276
682;37;6;4.600635214962455;4.600635214962455;4.6395985924376015
683;54;5;3.145519494609878;3.145519494609878;3.4293887643480203
684;3;5;6.40708399406368;6.40708399406368;4.389179694039005
685;62;5;2.7349013296553206;2.7349013296553206;3.1727086982250796
686;28;4;3.6736111716629227;3.6736111716629227;3.668851072100814
687;62;5;4.699454894409113;4.699454894409113;4.149774712036636
688;57;5;3.578930112533076;3.578930112533076;3.744440879578406
689;34;5;5.798261752719778;5.798261752719778;5.218427174970396
690;63;5;3.8981551856061283;3.8981551856061283;4.052181122331488
691;10;5;5.735609399520668;5.735609399520668;4.288468568349031
692;58;6;4.01867307896385;4.01867307896385;4.242886301416585
693;41;6;5.405772951597956;5.405772951597956;4.834597024283203
694;49;5;3.095795238599946;3.095795238599946;3.367214615680034
695;23;2;1.5646046381598973;1.5646046381598973;1.6368238487393607
696;32;5;3.3922405154621003;3.3922405154621003;3.479743313034275
697;33;5;1.6260280752919138;1.6260280752919138;2.0129483617227515
698;31;5;5.56082170781797;5.56082170781797;5.502607516750255
699;33;4;4.6110576429017325;4.6110576429017325;4.1402334379924115
700;57;6;2.9648646430753827;2.9648646430753827;3.44127163549557
701;41;6;3.0089339313199135;3.0089339313199135;3.135697537299465
702;43;5;4.94402448273809;4.94402448273809;4.78794645007603
703;34;5;1.7264469853006768;1.7264469853006768;2.089220884753464
704;70;6;3.8525190696768767;3.8525190696768767;4.119753336150048
705;31;6;3.574749596909811;3.574749596909811;3.442216203213414
706;33;5;1.9589562025781189;1.9589562025781189;2.1333193730854814
707;45;4;2.197968680994348;2.197968680994348;2.1751086407112927
708;57;5;3.0252878888805586;3.0252878888805586;3.2113159036089782
709;36;5;4.106995851664833;4.106995851664833;4.141850210292502
710;35;2;2.498338556372535;2.498338556372535;2.283788119853012
711;19;6;8.189022220222842;8.189022220222842;5.761205489753676
712;34;5;5.12468394869828;5.12468394869828;4.390276172093496
713;56;4;2.5595437866040527;2.5595437866040527;2.789635161707549
714;71;6;3.30045080522858;3.30045080522858;3.59247118831827
715;33;2;2.5280283791841645;2.5280283791841645;2.2237137602871333
716;30;5;3.107423832161816;3.107423832161816;3.2371575103937267
717;25;5;6.132499111539806;6.132499111539806;5.395759391144627
718;45;5;4.035947619455991;4.035947619455991;3.895962755078347
719;32;5;4.036446394422591;4.036446394422591;4.0684765909610086
720;41;5;5.183825469534746;5.183825469534746;4.851377287470162
721;50;5;3.5122715280221914;3.5122715280221914;3.754668237039912
722;50;6;3.348896163701414;3.348896163701414;3.6720071358398982
723;37;6;4.11953435783376;4.11953435783376;4.077986721934447
724;30;6;3.8200792822269;3.8200792822269;3.8814064386081983
725;52;6;3.3364181454119017;3.3364181454119017;3.428124326827498
726;63;5;3.3300072452287384;3.3300072452287384;3.7383695428078925
727;27;4;6.5824211411031985;6.5824211411031985;5.795421294118183
728;30;5;4.120923566022805;4.120923566022805;3.5100822483337644
729;42;5;3.350285214687351;3.350285214687351;3.443565810568865
730;33;5;4.721601977288626;4.721601977288626;4.511309136447685
731;36;5;4.359939094564231;4.359939094564231;4.2218890093966
732;20;5;3.867993968998075;3.867993968998075;3.4968130289754824
733;43;5;2.771489588555907;2.771489588555907;3.0041592233159067
734;39;6;3.247781544331305;3.247781544331305;3.560611937006129
735;47;6;3.372464199051609;3.372464199051609;3.5127523566788375
736;47;6;4.354928483756377;4.354928483756377;4.134500185949633
737;28;6;3.8078127276754348;3.8078127276754348;3.7627084897725305
738;33;5;3.5696681592841637;3.5696681592841637;3.705535097395164
739;47;5;4.082095881218393;4.082095881218393;3.9899855664542168
740;38;5;5.457156928317943;5.457156928317943;5.097727112159346
741;36;6;4.001189407559516;4.001189407559516;4.0144963255206205
742;46;6;3.945694274761857;3.945694274761857;4.14001018935425
743;43;4;4.244129036678834;4.244129036678834;4.01669208768641
744;42;6;3.6579944401875943;3.6579944401875943;3.8006886309256305
745;16;6;5.5939442147241785;5.5939442147241785;4.990010252181547
746;24;6;3.263832002938552;3.263832002938552;3.5335169584994635
747;26;6;4.131391859003876;4.131391859003876;4.1321053645201005
748;25;5;2.8455208763299176;2.8455208763299176;3.0486011346429898
749;43;4;3.6757276297236396;3.6757276297236396;3.5805355283726947
750;45;4;2.836527392871759;2.836527392871759;3.1565356916370124
751;32;6;3.7689176751516906;3.7689176751516906;3.8729170583698336
752;55;5;2.3139242766161354;2.3139242766161354;2.788092002315135
753;20;1;1.4580372280251441;1.4580372280251441;1.5447979160701983
754;37;6;4.15412562554981;4.15412562554981;4.511679717277221
755;42;6;4.197306985033641;4.197306985033641;4.128802259580422
756;31;6;3.4596900620803064;3.4596900620803064;3.531094607407724
757;48;5;3.8772307451573655;3.8772307451573655;3.939908714835761
758;48;6;3.2660168700249725;3.2660168700249725;3.462709753282569
759;16;5;3.5327057399949253;3.5327057399949253;3.245053368064032
760;31;6;4.987752533227346;4.987752533227346;4.1699502176771155
761;41;5;4.367331243775525;4.367331243775525;4.298522343240226
762;39;5;4.059605517317744;4.059605517317744;4.420136274382246
763;12;5;4.964926539171885;4.964926539171885;4.194773802463914
764;53;5;2.9941190349146374;2.9941190349146374;3.143895392567161
765;68;6;2.475020355060723;2.475020355060723;2.8319034064795816
766;37;5;3.9850754492512874;3.9850754492512874;3.640024306262338
767;62;6;2.8659878882736103;2.8659878882736103;3.1704079159019423
