Skewness: -1.1267031389323439, Average LID: LPCA: 3.6848958333333335  |||  MLE: 1.7254046679467434  |||  MLENB: 1.7254046679467434  |||  TLE: 1.6816626962160839
LPCA: 0.5356924090569124  |||  MLE: -0.536717833082223  |||  MLENB: -0.536717833082223  |||  TLE: -0.13565644485942646
node;in_degree;local_intrinsic_dimensionality_LPCA;local_intrinsic_dimensionality_MLE;local_intrinsic_dimensionality_MLENB;local_intrinsic_dimensionality_TLE
0;750;4;1.3012466116282082;1.3012466116282082;1.4253709821486018
1;649;5;1.0689020712186956;1.0689020712186956;1.2801387894720997
2;535;5;1.6043747155234198;1.6043747155234198;1.5683621036822883
3;767;3;1.9771435971024063;1.9771435971024063;2.07493154273353
4;312;2;2.05568641829241;2.05568641829241;2.0890303842496385
5;767;5;0.9602012630460691;0.9602012630460691;1.2031613580637346
6;767;3;2.228455056713926;2.228455056713926;2.216990184008243
7;494;5;1.6099019602168838;1.6099019602168838;1.5230354234579457
8;48;2;4.044154276309272;4.044154276309272;1.5788290665170495
9;589;5;1.382472140065966;1.382472140065966;1.4651447363392391
10;734;5;1.0653966643363222;1.0653966643363222;1.284363767564397
11;624;5;1.375090972980742;1.375090972980742;1.4868300892603739
12;710;5;1.1805158010799663;1.1805158010799663;1.3694454467381911
13;17;2;6.939630917610187;6.939630917610187;1.4305250713162383
14;278;2;2.133730303804186;2.133730303804186;2.0623507549646254
15;493;5;1.585101122674412;1.585101122674412;1.503036378839422
16;223;2;2.0422688499770687;2.0422688499770687;1.8472321292713516
17;732;5;0.9589239719646876;0.9589239719646876;1.2088526152127348
18;767;3;2.8705784928654143;2.8705784928654143;2.5942964024623514
19;767;2;2.067173945766829;2.067173945766829;2.130715469075476
20;221;2;2.038643058612854;2.038643058612854;1.8357745593616888
21;647;5;1.0794882149981184;1.0794882149981184;1.2902601163648326
22;472;4;1.8759979101616862;1.8759979101616862;1.6826465920193245
23;767;5;1.0996463733206003;1.0996463733206003;1.3093828072347988
24;416;2;2.162359398312265;2.162359398312265;2.2115139514284556
25;767;2;2.111026831172032;2.111026831172032;2.2310341105789107
26;730;5;1.14903169074819;1.14903169074819;1.3400465093830307
27;657;2;2.0256924379708563;2.0256924379708563;2.0310570040363536
28;767;2;2.802408109178363;2.802408109178363;2.6068495611425173
29;761;5;1.0590709209527094;1.0590709209527094;1.284549927789079
30;752;5;1.148795732542125;1.148795732542125;1.332681671962853
31;206;2;2.1150899879971217;2.1150899879971217;1.8493250044063534
32;767;4;1.6512972393448646;1.6512972393448646;1.7417057681020875
33;608;5;1.1311968323114103;1.1311968323114103;1.3118306793514614
34;767;5;1.0949979374124514;1.0949979374124514;1.2978105169254042
35;284;2;1.9323150119287782;1.9323150119287782;1.8943161328209115
36;758;5;1.0818399128502942;1.0818399128502942;1.3021042698124643
37;748;5;1.116311601238832;1.116311601238832;1.3186235223919258
38;664;5;1.1564230331542644;1.1564230331542644;1.33997063476309
39;252;2;2.0401156668396117;2.0401156668396117;1.9073738123494584
40;767;4;3.5358403911094793;3.5358403911094793;2.6676955154461788
41;762;5;1.0839544277184086;1.0839544277184086;1.3081015971406746
42;730;5;1.105285334764773;1.105285334764773;1.3035459175767097
43;199;2;2.413639120129921;2.413639120129921;1.9335688873153627
44;676;5;1.2570394809558545;1.2570394809558545;1.3984586722329762
45;585;4;1.7683393015941196;1.7683393015941196;1.6561862230178064
46;726;5;1.1900621421788304;1.1900621421788304;1.34974291612641
47;591;5;1.1873780287352602;1.1873780287352602;1.3372786459678478
48;757;5;1.033683036012692;1.033683036012692;1.254917104486376
49;477;5;1.691245724649174;1.691245724649174;1.527146201189031
50;767;3;2.039953256077516;2.039953256077516;2.0268198630201315
51;767;4;1.441581496244309;1.441581496244309;1.544287936060885
52;767;4;1.188045233525909;1.188045233525909;1.3609308678098946
53;152;2;2.523710617444228;2.523710617444228;1.8043408948320365
54;129;2;2.621362524296741;2.621362524296741;1.743496924408524
55;569;5;1.1987841421302354;1.1987841421302354;1.327660376716468
56;147;2;2.5160529760490857;2.5160529760490857;1.7765296958025854
57;767;2;2.4276887893910666;2.4276887893910666;2.270945026552508
58;724;5;1.1739056600045463;1.1739056600045463;1.3609996065535082
59;597;2;1.9199648773968563;1.9199648773968563;2.004706041222999
60;471;5;1.7791563774408234;1.7791563774408234;1.5604213935090727
61;767;5;1.0357960152895782;1.0357960152895782;1.264338433953804
62;503;4;1.5196394504010542;1.5196394504010542;1.4529483964481353
63;767;2;2.0883630334926395;2.0883630334926395;2.1960943824212684
64;765;5;0.9700286710356444;0.9700286710356444;1.2037605876229946
65;734;5;0.9955169666795342;0.9955169666795342;1.2321953106667982
66;764;5;1.0772733935138437;1.0772733935138437;1.2876342793498057
67;666;5;1.1609453509235725;1.1609453509235725;1.3432261639697998
68;767;4;1.4210603023745891;1.4210603023745891;1.5494563367811685
69;767;2;2.6542472047667225;2.6542472047667225;2.519235358453772
70;767;3;1.9438032916133008;1.9438032916133008;2.032406407400705
71;755;2;1.9286959499262066;1.9286959499262066;2.083964572682477
72;753;5;1.1341620759723394;1.1341620759723394;1.3384779149498975
73;184;2;2.2550679516659167;2.2550679516659167;1.8164475630696468
74;625;5;1.1479957579945832;1.1479957579945832;1.3317901157670888
75;349;4;2.222549889047183;2.222549889047183;1.5806218487647228
76;538;4;1.293273660130503;1.293273660130503;1.3766133658341755
77;707;5;1.0555519787832703;1.0555519787832703;1.2799707408827967
78;474;5;1.7192563778390235;1.7192563778390235;1.5821570726079017
79;767;5;0.9739412876582456;0.9739412876582456;1.2098144126132866
80;713;5;1.1013942402382804;1.1013942402382804;1.269375189470028
81;459;4;1.8414435649804668;1.8414435649804668;1.5694560438341347
82;767;4;1.9143473174606211;1.9143473174606211;1.9705373488984295
83;726;5;1.0194064102474265;1.0194064102474265;1.2531469978064291
84;647;5;1.3934257783803015;1.3934257783803015;1.4913517498143107
85;767;2;1.895190532299809;1.895190532299809;2.0226701851914592
86;726;5;1.3180174390755672;1.3180174390755672;1.4344232244367574
87;767;4;1.8553486349557584;1.8553486349557584;1.923770761987537
88;767;2;2.3484801419574435;2.3484801419574435;2.3897906099492783
89;761;5;0.9579494730936363;0.9579494730936363;1.1991786786541716
90;571;5;1.1566249379193838;1.1566249379193838;1.3143476859927625
91;314;2;1.8825659797545091;1.8825659797545091;1.9677300364870782
92;767;4;1.8542516085112803;1.8542516085112803;1.860530283195733
93;723;5;1.166261685395732;1.166261685395732;1.351534516049206
94;767;4;2.4127854075263766;2.4127854075263766;2.135305636916467
95;228;2;2.006639166235493;2.006639166235493;1.871558601215101
96;672;5;1.0373059617745033;1.0373059617745033;1.2630027226087261
97;767;4;2.211243621458821;2.211243621458821;2.115212619453946
98;767;4;1.9027306968706337;1.9027306968706337;1.9546350674900155
99;235;2;2.040208046706934;2.040208046706934;1.8656463219712114
100;665;4;1.3005811708398625;1.3005811708398625;1.4338472765621257
101;709;5;1.234329614964494;1.234329614964494;1.3732383372377908
102;734;5;1.1822266121036258;1.1822266121036258;1.365951785389903
103;767;4;1.4420046899728052;1.4420046899728052;1.5718988315849887
104;602;5;1.0798446337755194;1.0798446337755194;1.2782369779970617
105;410;2;1.8677664864425547;1.8677664864425547;1.9884986673501224
106;520;5;1.4812416869413843;1.4812416869413843;1.4825191095109713
107;732;2;2.0154142043621137;2.0154142043621137;2.1492596606475742
108;767;5;1.2218066186537242;1.2218066186537242;1.384002684261421
109;767;4;1.4597586477460747;1.4597586477460747;1.5750380364878356
110;520;2;2.3470307404411077;2.3470307404411077;2.2612802002990477
111;58;2;3.5910301837097656;3.5910301837097656;1.6454161315173712
112;767;4;1.456191140454914;1.456191140454914;1.5796380271538484
113;573;4;1.130309351608226;1.130309351608226;1.2993305071135488
114;289;2;2.039014493197785;2.039014493197785;2.039462775756978
115;640;5;1.3191846112117958;1.3191846112117958;1.4571265858774172
116;767;5;0.9868459778424562;0.9868459778424562;1.2269562711382263
117;568;5;1.1791766985663041;1.1791766985663041;1.3163181756603237
118;689;5;1.010226957543016;1.010226957543016;1.2422490716691854
119;767;4;1.6436320541870333;1.6436320541870333;1.7278490385810086
120;767;2;3.130448362666023;3.130448362666023;2.64164300656242
121;765;5;1.0978465113931521;1.0978465113931521;1.303250863247147
122;767;2;1.9685859641328785;1.9685859641328785;2.0601990861271147
123;665;5;1.263571689498861;1.263571689498861;1.4168492865349107
124;760;5;0.9972848836555088;0.9972848836555088;1.2376512305084204
125;766;3;2.894837694263185;2.894837694263185;2.5352705154744353
126;767;2;1.8812251339017618;1.8812251339017618;2.0320943023370988
127;767;2;2.1562260366072996;2.1562260366072996;2.2038004546716987
128;602;2;1.9882518117727093;1.9882518117727093;2.1003600293628746
129;631;5;1.1514441742320913;1.1514441742320913;1.3323848307336175
130;286;2;2.1977576065992053;2.1977576065992053;2.107642439905263
131;767;5;1.0296318278469059;1.0296318278469059;1.2399446037395316
132;220;2;2.1127121409392573;2.1127121409392573;1.8732941923236395
133;643;5;1.1138074062507144;1.1138074062507144;1.3065429488273057
134;767;4;1.5597979531879573;1.5597979531879573;1.6644030789602156
135;766;2;1.9115131305625868;1.9115131305625868;2.057223419718526
136;767;4;1.6089240572256738;1.6089240572256738;1.6889748432410576
137;767;3;2.0025517397573998;2.0025517397573998;2.1294790894357116
138;767;5;1.03496882887887;1.03496882887887;1.2725983815762754
139;140;1;2.6318594136024696;2.6318594136024696;1.7536785477122678
140;751;5;1.116716953634716;1.116716953634716;1.3224748552451886
141;763;5;1.0532845753192959;1.0532845753192959;1.2718678052149273
142;767;4;2.046177281461708;2.046177281461708;2.0447192684721993
143;736;5;0.9824768183376561;0.9824768183376561;1.2154097008631255
144;172;2;2.2943997060935866;2.2943997060935866;1.7959039773113392
145;668;5;1.1923340065318302;1.1923340065318302;1.3415149386399774
146;546;5;1.4399370224698964;1.4399370224698964;1.454048743315842
147;767;2;1.9424353928869544;1.9424353928869544;2.0571878874817955
148;652;5;1.2876348679242768;1.2876348679242768;1.4298235632119498
149;669;5;1.0103519011935036;1.0103519011935036;1.24141540651382
150;259;2;1.9093959499724642;1.9093959499724642;1.864299504289139
151;759;5;0.9742263775035479;0.9742263775035479;1.2054062391581912
152;342;2;2.0653366683290657;2.0653366683290657;2.1223394047358517
153;60;2;3.4909503902684205;3.4909503902684205;1.6442144595928208
154;504;4;1.7399032680517057;1.7399032680517057;1.6448037282426138
155;712;4;1.4970470847095871;1.4970470847095871;1.5405657939278852
156;767;3;2.2198599917336224;2.2198599917336224;2.284110602767126
157;751;2;1.9484208838960335;1.9484208838960335;2.0265204831449384
158;767;4;1.6194728261678477;1.6194728261678477;1.7362731944788226
159;763;2;2.693411976064511;2.693411976064511;2.4746156002105377
160;733;4;1.386574108140171;1.386574108140171;1.4893398426855256
161;767;2;2.161123782630075;2.161123782630075;2.1769108246943714
162;172;1;2.354557198499542;2.354557198499542;1.7895596153697297
163;721;5;0.9937205463804896;0.9937205463804896;1.2331499193313478
164;764;5;1.0846026261969346;1.0846026261969346;1.3099840312484317
165;391;2;1.9815109087311369;1.9815109087311369;2.0475045103665868
166;754;5;1.221284699628136;1.221284699628136;1.3648394045959689
167;767;5;0.9603132618733097;0.9603132618733097;1.2009807824702423
168;751;5;0.9529898728775676;0.9529898728775676;1.1967271516646352
169;767;3;2.2170954334612856;2.2170954334612856;2.112960090341596
170;694;5;0.9975821655913711;0.9975821655913711;1.2361452235246317
171;767;2;1.9596937442062472;1.9596937442062472;2.111204509976313
172;498;5;1.6792175469631452;1.6792175469631452;1.5293897127303122
173;767;4;1.7826486825327288;1.7826486825327288;1.8119134110544177
174;767;4;1.665282579378338;1.665282579378338;1.7472134429950195
175;511;2;2.5553872315223076;2.5553872315223076;2.3302686475395933
176;598;5;1.0815639354921331;1.0815639354921331;1.2832003166422645
177;642;2;2.7120423485534157;2.7120423485534157;2.4116977911931063
178;732;5;1.1756453390592019;1.1756453390592019;1.3633906754594718
179;767;5;1.0512826210302832;1.0512826210302832;1.2835194620641042
180;606;5;1.069367109626991;1.069367109626991;1.2783120737943898
181;767;2;2.169860627556978;2.169860627556978;2.1720116636525617
182;409;4;2.3707996971967455;2.3707996971967455;1.6872083098380983
183;566;4;1.1545538781954963;1.1545538781954963;1.3115759633298476
184;751;5;1.0962628528725096;1.0962628528725096;1.309544587845828
185;518;4;1.8694338403731146;1.8694338403731146;1.6918698833981132
186;57;2;3.650471432373875;3.650471432373875;1.622290551990675
187;767;4;2.0313152531064786;2.0313152531064786;1.876410329544901
188;767;2;2.0175675226969934;2.0175675226969934;2.121323622313367
189;337;2;1.861420037217153;1.861420037217153;1.9851451682159174
190;716;5;1.001959987817409;1.001959987817409;1.2282038471650867
191;767;2;2.3912663977907727;2.3912663977907727;2.3670951754116745
192;685;5;1.2420503701341052;1.2420503701341052;1.39038198382268
193;458;5;1.8231470367426508;1.8231470367426508;1.6129858867849147
194;621;5;1.1023917058971173;1.1023917058971173;1.2806248284559139
195;246;2;2.0074014544299206;2.0074014544299206;1.9026291419082422
196;676;5;1.0110446846360803;1.0110446846360803;1.229905618079116
197;767;4;1.6110554409466031;1.6110554409466031;1.6688103174565079
198;767;2;2.05073542766956;2.05073542766956;2.1235594652414926
199;145;2;2.468413299483975;2.468413299483975;1.75800333565371
200;767;5;1.0066902753232094;1.0066902753232094;1.2372803639178407
201;753;5;1.1282902681467408;1.1282902681467408;1.3402166985812989
202;767;5;0.9561043001394173;0.9561043001394173;1.1918087636541552
203;767;4;1.4969414050874017;1.4969414050874017;1.6030995291426287
204;280;2;2.0183232224391077;2.0183232224391077;1.962184655841205
205;767;5;1.000913792675356;1.000913792675356;1.2333749032359798
206;164;2;2.543515007214981;2.543515007214981;1.8321394521638226
207;569;5;1.5262307228086482;1.5262307228086482;1.5576537259702306
208;767;3;1.9073137482858777;1.9073137482858777;2.025751805365048
209;570;4;1.7350122975165754;1.7350122975165754;1.6515565363240432
210;621;5;1.0815324965761628;1.0815324965761628;1.2782757489444587
211;723;5;1.5475885274252577;1.5475885274252577;1.5630236188080608
212;552;4;1.7923542136139723;1.7923542136139723;1.6666352105900235
213;767;2;2.0519243817163826;2.0519243817163826;2.1680789222324357
214;318;2;1.8640451550483845;1.8640451550483845;1.9505702421835942
215;183;2;2.225477669477108;2.225477669477108;1.818925164495253
216;767;2;1.9137226294561758;1.9137226294561758;2.022620312121827
217;767;2;1.9575887989432659;1.9575887989432659;2.1130042883749547
218;652;5;1.0373075006947057;1.0373075006947057;1.2567858174945339
219;763;5;0.9876435685993336;0.9876435685993336;1.2202639853206445
220;59;2;3.4915748315697566;3.4915748315697566;1.6400706041989563
221;582;5;1.4662256545885475;1.4662256545885475;1.5332544404013086
222;488;5;1.618963775440856;1.618963775440856;1.5326292314464687
223;271;2;2.05290308319169;2.05290308319169;1.999343758239442
224;767;4;1.656712320321776;1.656712320321776;1.7331495516989428
225;767;4;1.3604374658885503;1.3604374658885503;1.5018102939058984
226;687;5;1.0015334907152809;1.0015334907152809;1.2392448253990207
227;698;4;1.5144114244831308;1.5144114244831308;1.5150971095740793
228;22;2;5.8875974477658595;5.8875974477658595;1.4652867885615588
229;767;4;1.939436959248839;1.939436959248839;1.8848979291792178
230;737;5;1.2159979939070078;1.2159979939070078;1.388069165909202
231;107;2;2.854199277949733;2.854199277949733;1.7360937489019577
232;767;4;1.4676138539857377;1.4676138539857377;1.5877273054687069
233;767;5;0.9829838799767342;0.9829838799767342;1.2207104469367502
234;767;4;1.5591927205850438;1.5591927205850438;1.660715821346921
235;603;4;1.450086243395569;1.450086243395569;1.5147372324876545
236;244;2;2.2564543622691944;2.2564543622691944;2.011704263792725
237;584;4;1.7023077222198877;1.7023077222198877;1.6300568227871923
238;693;4;1.3709318157569839;1.3709318157569839;1.4750089295767579
239;686;5;1.0105869801119762;1.0105869801119762;1.2386928534346635
240;672;5;1.0272292613355203;1.0272292613355203;1.2554491705870088
241;767;3;1.8925011049249811;1.8925011049249811;1.9905409160861813
242;734;5;1.1813160619828447;1.1813160619828447;1.345535820005584
243;312;2;1.9140497470900755;1.9140497470900755;1.958567891638611
244;271;2;1.8700534729162805;1.8700534729162805;1.9035216533403043
245;553;4;1.6589365294829197;1.6589365294829197;1.6222601246991464
246;767;5;0.9922086295733769;0.9922086295733769;1.2253603011152447
247;25;2;5.281404736588565;5.281404736588565;1.5154465033113895
248;88;1;3.0642399141831693;3.0642399141831693;1.6957474581872163
249;765;5;1.0299033623910494;1.0299033623910494;1.2545882731957638
250;677;5;1.044395351650181;1.044395351650181;1.2367423700479707
251;765;5;1.0583597405771843;1.0583597405771843;1.2900824085766809
252;767;4;1.7195780652220307;1.7195780652220307;1.8104006223599496
253;653;5;1.0905655967468069;1.0905655967468069;1.2979606977784386
254;188;1;2.4576605787273706;2.4576605787273706;1.8791472872318933
255;765;5;1.077720996279811;1.077720996279811;1.2900378085049897
256;764;5;1.112095787567625;1.112095787567625;1.3013829360239635
257;767;5;0.9687063767651041;0.9687063767651041;1.203730914789151
258;97;2;3.035574938424712;3.035574938424712;1.7296640897592968
259;381;2;2.1116769767036345;2.1116769767036345;2.16824773974977
260;470;2;2.8831580166775392;2.8831580166775392;2.431664067065682
261;472;5;1.74130014501141;1.74130014501141;1.5906708680125634
262;707;5;1.0387070661742028;1.0387070661742028;1.269774110770719
263;732;5;1.2445482881843557;1.2445482881843557;1.402661855793134
264;767;5;0.9921543770593122;0.9921543770593122;1.2201344021735108
265;767;4;1.8920358244886042;1.8920358244886042;1.9060413633068956
266;472;5;1.7421454077440814;1.7421454077440814;1.5972282310341357
267;765;5;1.2418089057876043;1.2418089057876043;1.4037063403165289
268;638;5;1.0556945978413939;1.0556945978413939;1.2548669529831524
269;462;5;1.7774771559833469;1.7774771559833469;1.595578802259427
270;726;5;1.1724674355484426;1.1724674355484426;1.352701441231879
271;767;4;1.8325152413421162;1.8325152413421162;1.8626439251585383
272;767;5;1.0053658791796014;1.0053658791796014;1.2386341837911041
273;767;4;1.8813091367745707;1.8813091367745707;1.8469911013433766
274;703;5;1.050237167059857;1.050237167059857;1.2645790762999771
275;767;4;2.0723554758141915;2.0723554758141915;2.0414619691553906
276;761;5;0.9798811108960281;0.9798811108960281;1.2070183062414475
277;767;2;1.9214432679720856;1.9214432679720856;2.016000017110393
278;726;5;1.0571558261205523;1.0571558261205523;1.2701182381657687
279;174;1;2.412543074957125;2.412543074957125;1.8219781492740428
280;747;5;1.1513615560031598;1.1513615560031598;1.3380641750862088
281;767;2;2.0439604078002627;2.0439604078002627;2.1842566126935234
282;350;2;1.9950676686541415;1.9950676686541415;2.097325032610786
283;636;5;1.3185357985353863;1.3185357985353863;1.4569038246225638
284;715;5;1.038528145855299;1.038528145855299;1.2620775093872558
285;767;2;2.0969930588543826;2.0969930588543826;2.2217753131232967
286;50;2;3.9707511822995754;3.9707511822995754;1.6031677433592402
287;240;2;1.977254659808898;1.977254659808898;1.8557669276222826
288;767;4;1.573197079435586;1.573197079435586;1.665111574109255
289;767;4;2.0010992728259116;2.0010992728259116;1.9941662552892343
290;767;4;1.6294565296713763;1.6294565296713763;1.7043574158960249
291;767;4;1.993208923240282;1.993208923240282;2.0392416879525155
292;297;2;1.818303310148047;1.818303310148047;1.9004276553257884
293;274;2;1.9491776280083524;1.9491776280083524;1.8878623035191588
294;565;4;1.5236039721287233;1.5236039721287233;1.514955572117003
295;767;2;2.2656214705733078;2.2656214705733078;2.3103505539516154
296;116;2;2.73929902031424;2.73929902031424;1.7294556058017831
297;248;2;1.9325650590818568;1.9325650590818568;1.8608521747707987
298;299;2;2.0158153128561707;2.0158153128561707;1.9820394498268414
299;700;5;1.0697477672078166;1.0697477672078166;1.2748614477004707
300;443;4;2.0104001376885687;2.0104001376885687;1.6594401265599377
301;766;2;2.025766416253873;2.025766416253873;2.147578518114271
302;767;4;1.7044099925973193;1.7044099925973193;1.7569178144383062
303;687;5;1.226197490983267;1.226197490983267;1.3795321458504164
304;716;4;1.1794711900821078;1.1794711900821078;1.3541932873323066
305;767;2;2.112458502102207;2.112458502102207;2.1932895018001903
306;721;2;2.3247177071588316;2.3247177071588316;2.287944715539622
307;467;2;1.9995842901253345;1.9995842901253345;2.0963249281043193
308;304;2;1.8246071504807713;1.8246071504807713;1.9104875927922622
309;265;2;1.8499514786601357;1.8499514786601357;1.857624155820475
310;622;5;1.137881287130471;1.137881287130471;1.3182338471183208
311;483;2;1.8766812516982874;1.8766812516982874;1.976388188067096
312;767;2;2.870036696005335;2.870036696005335;2.564060952625153
313;767;3;2.5390793134441103;2.5390793134441103;2.4791028406422972
314;766;5;1.0615025693664744;1.0615025693664744;1.2793219444887678
315;767;2;2.0417406479311304;2.0417406479311304;2.10641821410005
316;767;4;1.8885715017674807;1.8885715017674807;1.9135371302068767
317;548;5;1.5754818338689962;1.5754818338689962;1.573617393529689
318;706;2;1.8459449410165207;1.8459449410165207;1.98361369065668
319;467;4;1.879653335246092;1.879653335246092;1.6807788589784358
320;223;2;2.0903804397411454;2.0903804397411454;1.8634340903503974
321;767;5;1.011077925063438;1.011077925063438;1.2428643179542176
322;767;5;1.0069466996345338;1.0069466996345338;1.2225889422581684
323;767;4;1.7865541594226728;1.7865541594226728;1.761643803580413
324;766;5;1.0539232161790717;1.0539232161790717;1.2745322462905029
325;305;2;2.009896033900102;2.009896033900102;2.050179536069829
326;372;2;1.7934070730676768;1.7934070730676768;1.9461968621976526
327;565;5;1.5402945528275067;1.5402945528275067;1.5722886317891613
328;767;2;2.121074064411094;2.121074064411094;2.15138429766568
329;767;4;1.9098559733640412;1.9098559733640412;1.9197942003103194
330;767;5;1.0196431000999024;1.0196431000999024;1.2340064472062553
331;767;4;1.5937063289579712;1.5937063289579712;1.6962655228299661
332;411;4;2.2280305633947837;2.2280305633947837;1.712893543222485
333;709;5;1.0239448283597756;1.0239448283597756;1.2514686969406845
334;767;4;1.6915669580767583;1.6915669580767583;1.7872672920218469
335;196;2;2.2112334508766125;2.2112334508766125;1.8416370622560048
336;488;5;1.6338374030676883;1.6338374030676883;1.5296053076082259
337;767;5;0.9722204668533689;0.9722204668533689;1.2095975487697121
338;303;2;1.9167774723059072;1.9167774723059072;1.9975471342969027
339;561;5;1.5467699492381533;1.5467699492381533;1.5776251884240766
340;767;2;2.3616404151077166;2.3616404151077166;2.3759966758937465
341;767;4;1.8730481278553135;1.8730481278553135;1.9364938920182753
342;357;4;2.2358453788606907;2.2358453788606907;1.5954274347842883
343;767;5;1.0225010908811234;1.0225010908811234;1.2580703837962142
344;612;5;1.128327199217935;1.128327199217935;1.3164118825205962
345;767;2;2.4530002336771908;2.4530002336771908;2.442056501867107
346;767;4;3.217057957588213;3.217057957588213;2.8586192193691953
347;495;5;1.6230039285598468;1.6230039285598468;1.5321324625939574
348;767;4;1.9587305216052313;1.9587305216052313;2.036574959563075
349;360;4;2.2527493666157774;2.2527493666157774;1.5999825894662074
350;638;5;1.067677862464741;1.067677862464741;1.2780913061048866
351;754;5;1.0918562316375742;1.0918562316375742;1.3125376763336607
352;555;5;1.3588535852629502;1.3588535852629502;1.4193193952479026
353;767;4;1.4585391540758745;1.4585391540758745;1.5770144105548838
354;622;5;1.0971788304129027;1.0971788304129027;1.2922490199506853
355;605;5;1.390324429236422;1.390324429236422;1.498092953950972
356;328;2;1.8754507438577217;1.8754507438577217;1.9614088391831044
357;495;5;1.8278863710372049;1.8278863710372049;1.6153076822386507
358;767;4;1.9121473011055656;1.9121473011055656;1.9053902264474722
359;194;2;2.398238881970512;2.398238881970512;1.8746406110832237
360;136;2;2.651820810905825;2.651820810905825;1.7624143798209788
361;613;4;1.3613423412670245;1.3613423412670245;1.462270532516539
362;590;5;1.5163558649912068;1.5163558649912068;1.527062944458279
363;639;5;1.32562106809121;1.32562106809121;1.4541034020235755
364;164;2;2.3134344194742025;2.3134344194742025;1.7890368891104187
365;767;3;2.095106903293271;2.095106903293271;2.1812709148385863
366;767;5;0.9828405487064716;0.9828405487064716;1.2213014752971059
367;703;5;0.9932738194876187;0.9932738194876187;1.2254952945455517
368;767;4;1.872191562181971;1.872191562181971;1.9039172340180717
369;672;2;2.2322534561314895;2.2322534561314895;2.2656425632568853
370;64;2;3.3944943308680378;3.3944943308680378;1.6422663151787613
371;767;3;2.637700043478384;2.637700043478384;2.464143732232078
372;767;4;1.8202695330889431;1.8202695330889431;1.9235116799341236
373;767;3;2.061284501239527;2.061284501239527;2.1481831051314533
374;357;2;1.8835716082546823;1.8835716082546823;1.977099656550106
375;139;2;2.58754613047976;2.58754613047976;1.7771197266986216
376;767;3;1.9908223159181584;1.9908223159181584;2.011242781703718
377;767;4;1.9803019765585614;1.9803019765585614;2.0588061179405055
378;691;4;1.2742524969161502;1.2742524969161502;1.412442088751608
379;767;3;2.1856634698169213;2.1856634698169213;2.048603578260463
380;767;3;1.9286013571292449;1.9286013571292449;1.9830065688773575
381;750;5;1.0007594408030116;1.0007594408030116;1.2343721695551995
382;298;2;2.010651316622591;2.010651316622591;1.967336297552102
383;767;4;1.7087859435372694;1.7087859435372694;1.819807432154997
384;767;2;2.0980792204166607;2.0980792204166607;2.209175326665348
385;767;4;1.9038013808898508;1.9038013808898508;1.8688571217180716
386;767;5;1.0123232566354796;1.0123232566354796;1.237386705620179
387;707;5;1.2883396344555347;1.2883396344555347;1.4225565815521388
388;167;2;2.3713418632502457;2.3713418632502457;1.8386633969198567
389;767;3;1.8829538870292108;1.8829538870292108;1.970664644866672
390;276;2;1.9640253101253737;1.9640253101253737;1.9122809354096255
391;633;4;1.3922821700193344;1.3922821700193344;1.48581912691854
392;81;1;3.172815815929123;3.172815815929123;1.6851452670973492
393;767;3;2.3298831418796;2.3298831418796;2.242242821128072
394;685;4;1.240159333827763;1.240159333827763;1.397417798608689
395;180;1;2.2728002926141904;2.2728002926141904;1.7946569471459426
396;767;2;2.0862184302944273;2.0862184302944273;2.1235629429926663
397;765;5;1.2208913875705474;1.2208913875705474;1.3869058737080606
398;587;5;1.0933171961208739;1.0933171961208739;1.2905340357975423
399;524;4;1.9017056690518461;1.9017056690518461;1.7059283430709713
400;654;5;0.9915449559848685;0.9915449559848685;1.2207584740116602
401;726;5;1.1738003761891673;1.1738003761891673;1.3469276000350903
402;767;3;2.7306677836272417;2.7306677836272417;2.5438216073005453
403;593;5;1.1755914900586524;1.1755914900586524;1.3319501130258735
404;624;5;1.3714135938049639;1.3714135938049639;1.472471476072963
405;332;2;1.9099954758378206;1.9099954758378206;1.993173153553296
406;767;5;0.9762100352005293;0.9762100352005293;1.2099475070903973
407;661;5;1.0002031580188393;1.0002031580188393;1.2270393774974442
408;478;4;1.8434565754490801;1.8434565754490801;1.667903567518036
409;40;2;4.290164975369092;4.290164975369092;1.5712431315798843
410;727;5;1.172298390322585;1.172298390322585;1.3548505352257056
411;318;2;1.809142508034997;1.809142508034997;1.9039986182786393
412;150;2;2.4467472888026625;2.4467472888026625;1.7790360779934118
413;767;4;2.463067057444208;2.463067057444208;2.180862623260884
414;323;2;1.8517119162827718;1.8517119162827718;1.948665757289303
415;61;2;3.4339198662024906;3.4339198662024906;1.635062088397011
416;696;5;0.9887262325547006;0.9887262325547006;1.2310714369733378
417;762;5;1.235338259400679;1.235338259400679;1.395353652536455
418;587;5;1.098385723424673;1.098385723424673;1.2945424498738884
419;767;2;2.0545933160321916;2.0545933160321916;2.1837055298344894
420;326;2;1.9063794701098085;1.9063794701098085;1.962755312942806
421;767;4;1.8939213103048775;1.8939213103048775;1.9951628961238046
422;767;4;2.1440410237181386;2.1440410237181386;2.160933298220753
423;767;5;0.9971051713638515;0.9971051713638515;1.2247646153504512
424;249;2;1.959828671511165;1.959828671511165;1.9015291940383934
425;170;2;2.37063864928407;2.37063864928407;1.8106486232061016
426;477;5;1.7220263505873146;1.7220263505873146;1.5396165439141403
427;263;2;2.193831440042976;2.193831440042976;2.046737119892278
428;403;2;2.080098915486446;2.080098915486446;2.147504508536191
429;306;2;2.0332239214878975;2.0332239214878975;1.9905495300627387
430;492;5;1.6009189452967436;1.6009189452967436;1.5120326318914434
431;767;3;2.000099586233197;2.000099586233197;2.0231367100038318
432;767;4;1.771205415965493;1.771205415965493;1.8449593673989577
433;755;5;1.0915311844384414;1.0915311844384414;1.306380969140985
434;655;5;1.0047907491370758;1.0047907491370758;1.2288001252780474
435;464;5;1.7656059450882207;1.7656059450882207;1.6003194511221297
436;761;5;1.2482446271538916;1.2482446271538916;1.408135894127107
437;743;4;1.1419565677336596;1.1419565677336596;1.3339096879004402
438;680;5;1.0158925424652938;1.0158925424652938;1.244491752654107
439;720;5;1.0340922306372904;1.0340922306372904;1.262438453287044
440;508;4;1.9079262520108242;1.9079262520108242;1.7034762992990733
441;767;4;1.5706169001074994;1.5706169001074994;1.6926101907486562
442;767;2;1.9189568795612644;1.9189568795612644;2.0553604873095193
443;738;5;0.9507643407127017;0.9507643407127017;1.1975338068843417
444;767;5;0.958074780593966;0.958074780593966;1.183056771381392
445;655;4;2.4492479391404496;2.4492479391404496;1.9410999932770558
446;767;4;1.8984753776897396;1.8984753776897396;1.9468443275968101
447;767;2;2.062995664738683;2.062995664738683;2.0777347660390344
448;767;4;1.9812580430725986;1.9812580430725986;2.0240076089684216
449;767;4;2.0728557568998016;2.0728557568998016;1.9688795810987418
450;767;3;2.1725175791264255;2.1725175791264255;2.1677368745539463
451;760;5;1.0623995897779923;1.0623995897779923;1.2811276672151624
452;252;2;2.0820903248643394;2.0820903248643394;1.8788483551556603
453;442;5;1.8470406960046506;1.8470406960046506;1.5762075813958565
454;767;3;2.0586793551473233;2.0586793551473233;2.1574452465638916
455;611;5;1.601865225003054;1.601865225003054;1.58747439417202
456;693;5;1.2596286481964143;1.2596286481964143;1.3905687020090898
457;767;4;1.8255676524652318;1.8255676524652318;1.9416706910024544
458;209;2;2.1376961575103075;2.1376961575103075;1.8901663629591734
459;767;4;3.0749981406178097;3.0749981406178097;2.4491479006120556
460;767;4;2.232658118596981;2.232658118596981;2.087678754672028
461;564;4;1.1821410741356508;1.1821410741356508;1.3245356755664264
462;767;4;1.7833171418595126;1.7833171418595126;1.8134309561130897
463;670;5;1.0754686080991636;1.0754686080991636;1.286662372709252
464;720;5;1.1303529052055037;1.1303529052055037;1.327846482195801
465;767;2;2.3569467152656314;2.3569467152656314;2.368441663209099
466;767;4;1.503584179066974;1.503584179066974;1.5840623869589732
467;767;2;1.9349619501446964;1.9349619501446964;2.0268798458351385
468;488;5;1.6217842237835205;1.6217842237835205;1.535051627635366
469;470;2;2.127414590415913;2.127414590415913;2.171231662650329
470;753;5;1.3340466552686825;1.3340466552686825;1.4621311517003137
471;763;5;1.2559042750999918;1.2559042750999918;1.4150445469889255
472;766;5;1.0601817623662755;1.0601817623662755;1.2755557336370484
473;730;5;1.1637218845564377;1.1637218845564377;1.3652363089733188
474;752;5;0.9737796993394422;0.9737796993394422;1.2111424659743038
475;754;5;1.2669758912022595;1.2669758912022595;1.4195345203310454
476;284;2;1.9244736983291626;1.9244736983291626;1.9039836235306216
477;767;2;2.1107529901898596;2.1107529901898596;2.184523698863126
478;767;4;2.35728401264145;2.35728401264145;2.194041834700512
479;750;5;1.3071881664586766;1.3071881664586766;1.4420391292565142
480;138;2;2.518625235582886;2.518625235582886;1.755838669239043
481;766;5;1.186063899023704;1.186063899023704;1.371086010373197
482;767;4;1.5427938009634212;1.5427938009634212;1.6542524328779957
483;733;2;2.123264331992054;2.123264331992054;2.0732533906009762
484;460;5;1.8138582915660584;1.8138582915660584;1.6167453555979967
485;203;2;2.105385246603691;2.105385246603691;1.808439504516609
486;60;1;3.493418273158996;3.493418273158996;1.6296065392422352
487;181;2;2.35570312948043;2.35570312948043;1.8549928927728125
488;720;5;0.9642426638258211;0.9642426638258211;1.2054395432672864
489;454;4;1.9389066631276435;1.9389066631276435;1.6915746097138047
490;767;4;1.8254594823220136;1.8254594823220136;1.9311660091211011
491;658;5;1.1535165558068623;1.1535165558068623;1.333536544253311
492;730;5;1.0707826422517597;1.0707826422517597;1.2891066985405726
493;767;2;2.138076220279846;2.138076220279846;2.245259430004992
494;468;4;1.7800766431042248;1.7800766431042248;1.5512081274903653
495;566;4;1.4862507254069521;1.4862507254069521;1.5260440335598537
496;745;5;0.9465061533110273;0.9465061533110273;1.1916983886343469
497;767;4;1.9494408894086352;1.9494408894086352;2.0157265387996683
498;328;2;2.794149154224466;2.794149154224466;2.33655074606106
499;265;2;1.9301432237788934;1.9301432237788934;1.9393357484922236
500;767;4;2.0382815483739307;2.0382815483739307;1.9477655467058401
501;648;5;1.0987526697457974;1.0987526697457974;1.3019068612239946
502;351;4;2.2827649959562386;2.2827649959562386;1.6069908770403933
503;767;4;2.027043749106316;2.027043749106316;2.0692747550637436
504;709;5;1.124983110111795;1.124983110111795;1.3242770993973698
505;566;5;1.1744052549928488;1.1744052549928488;1.3302873604071521
506;762;2;3.343344830460348;3.343344830460348;2.600844729615451
507;324;2;1.848825662648494;1.848825662648494;1.9559522421420672
508;767;4;2.0299555411364154;2.0299555411364154;2.0726805546323743
509;684;5;1.156590769307372;1.156590769307372;1.3439229315515009
510;640;5;1.1448920611121767;1.1448920611121767;1.3246728000177241
511;251;2;2.0002686380030665;2.0002686380030665;1.8970844552355302
512;588;5;1.1414950907892805;1.1414950907892805;1.309019028521421
513;624;5;1.0314087794504656;1.0314087794504656;1.2480356884705268
514;767;3;2.129012341829436;2.129012341829436;2.2219860712393245
515;767;2;2.7434745901248374;2.7434745901248374;2.474347020148861
516;313;2;2.0490543355189197;2.0490543355189197;2.1044676143827044
517;757;5;1.0983991472536088;1.0983991472536088;1.3150042013235768
518;570;5;1.1703718693983998;1.1703718693983998;1.3214823263094282
519;136;2;2.715925369279589;2.715925369279589;1.7898316375422239
520;767;4;1.9418821155153199;1.9418821155153199;1.94494476475392
521;767;2;1.9144652111522962;1.9144652111522962;2.0573708635847145
522;471;5;1.7125138758762022;1.7125138758762022;1.5450335139459817
523;767;5;1.0462506783936354;1.0462506783936354;1.2713807251671005
524;764;5;1.0405907507100702;1.0405907507100702;1.2527004759137117
525;639;5;1.061305501645555;1.061305501645555;1.2709677291799348
526;767;3;2.0446138249886214;2.0446138249886214;2.1215003545192843
527;767;2;2.1485844797268596;2.1485844797268596;2.21577673938334
528;291;2;1.8193119896232925;1.8193119896232925;1.870679429839883
529;746;5;0.9611381706827281;0.9611381706827281;1.1988691326706236
530;767;2;2.1676055983571496;2.1676055983571496;2.2489570439674855
531;717;5;1.0521783354819436;1.0521783354819436;1.2727191732045402
532;767;4;2.1124480432497643;2.1124480432497643;2.079595802103338
533;492;5;1.6112422831330955;1.6112422831330955;1.5101884121480773
534;767;4;1.7505654852353862;1.7505654852353862;1.8204905541594345
535;478;5;1.7113754049595336;1.7113754049595336;1.5862273820297552
536;684;5;1.0731173025268805;1.0731173025268805;1.287922528083383
537;504;4;1.53023295299024;1.53023295299024;1.458958098006877
538;252;2;1.8823588947516925;1.8823588947516925;1.8441610802045012
539;351;2;1.979245365130651;1.979245365130651;2.0442928275433743
540;244;2;2.0507032720659213;2.0507032720659213;1.882861310884077
541;282;2;1.801964223626825;1.801964223626825;1.8707028100069545
542;644;5;1.2237986173581463;1.2237986173581463;1.3740068133368275
543;767;4;1.7973292946676114;1.7973292946676114;1.8345671403210866
544;767;3;1.8419745581245341;1.8419745581245341;1.9219633775190126
545;212;2;2.2779782429287727;2.2779782429287727;1.9063116827683724
546;226;2;2.307685282433519;2.307685282433519;1.9779343207819977
547;329;2;1.8161745128835796;1.8161745128835796;1.9510904983033843
548;767;4;3.076809410780528;3.076809410780528;2.437033244017043
549;501;4;2.0014061531378875;2.0014061531378875;1.7219688726437596
550;767;5;1.0301850567225477;1.0301850567225477;1.2573234782801483
551;767;2;2.021393882759468;2.021393882759468;2.062006097930822
552;632;5;1.2052971062473439;1.2052971062473439;1.370403156408953
553;767;4;1.4818422933490136;1.4818422933490136;1.6052698533790977
554;766;2;2.082615802478527;2.082615802478527;2.0953263990486186
555;249;2;1.9252775934754838;1.9252775934754838;1.8628206710240722
556;718;5;1.1093562386290474;1.1093562386290474;1.3165532609215227
557;699;5;1.0679497335547607;1.0679497335547607;1.2787775654264886
558;742;5;1.17603867173945;1.17603867173945;1.3508254307944785
559;603;5;1.0662259000608472;1.0662259000608472;1.2750223519613362
560;766;5;1.0740182107611658;1.0740182107611658;1.2951941568660594
561;168;2;2.497226358800977;2.497226358800977;1.8430545106494396
562;767;3;1.9089377253936088;1.9089377253936088;2.0038808499067264
563;767;4;1.6505196057714915;1.6505196057714915;1.7160053561405288
564;639;5;1.0474288887665102;1.0474288887665102;1.266486109667312
565;767;3;2.1435285241793833;2.1435285241793833;2.2104665569162596
566;767;5;1.1847303846381967;1.1847303846381967;1.3711242102362808
567;755;2;2.0941995268044153;2.0941995268044153;2.0840004265558107
568;767;2;2.1975312570367027;2.1975312570367027;2.2657375192456115
569;342;2;1.7899601398187552;1.7899601398187552;1.9383272083408558
570;580;5;1.1170353608393127;1.1170353608393127;1.301060350662881
571;731;5;1.2066879422878853;1.2066879422878853;1.3849346201845396
572;767;4;1.6575711150211623;1.6575711150211623;1.7015904326139282
573;767;2;1.9964130459843374;1.9964130459843374;2.050692902549654
574;137;2;2.5606145152028517;2.5606145152028517;1.7607780842014198
575;767;4;2.736545731936664;2.736545731936664;2.4834550150091057
576;763;3;2.176726179748217;2.176726179748217;2.2154118703852985
577;763;5;1.0627737784918234;1.0627737784918234;1.2817489543525804
578;765;5;1.0475958647346941;1.0475958647346941;1.2685340950443478
579;404;4;3.3028170918226243;3.3028170918226243;1.9889422906296428
580;719;4;1.5110036868345529;1.5110036868345529;1.5440496346691652
581;766;5;0.9996072247270222;0.9996072247270222;1.2241212254263132
582;764;5;1.1581852696945505;1.1581852696945505;1.3433683343269867
583;681;5;1.0195126760444215;1.0195126760444215;1.248477010387527
584;37;1;4.5761688112738295;4.5761688112738295;1.5720935602355943
585;651;5;1.0297190173279311;1.0297190173279311;1.2412546347315698
586;748;5;1.124652387305569;1.124652387305569;1.321346499719234
587;690;5;0.9634622049458502;0.9634622049458502;1.2011573538005276
588;314;2;2.355709299939306;2.355709299939306;2.1919365212031976
589;477;4;1.7384572081248286;1.7384572081248286;1.5332837333135534
590;754;5;1.221486717210972;1.221486717210972;1.3851989965344054
591;615;2;1.954203936538053;1.954203936538053;2.0267187661459083
592;765;5;1.0573820862860934;1.0573820862860934;1.2874178852332483
593;752;3;2.219517282235792;2.219517282235792;2.194024446692896
594;224;2;1.99688975058753;1.99688975058753;1.832676432952616
595;249;2;2.368206719020484;2.368206719020484;2.0628332269895067
596;541;4;1.2968074967490526;1.2968074967490526;1.380373411585046
597;767;4;1.598581475074085;1.598581475074085;1.5990898359554866
598;591;5;1.4466008111251385;1.4466008111251385;1.530870861509058
599;767;3;2.3447456853241238;2.3447456853241238;2.3300367759158056
600;760;5;1.040279264091391;1.040279264091391;1.2610849896629395
601;494;5;1.5971740298820272;1.5971740298820272;1.5095558839336893
602;767;5;1.1073431071288673;1.1073431071288673;1.310550237203176
603;767;2;2.3266103817511414;2.3266103817511414;2.337737314287439
604;414;4;2.2416042458097953;2.2416042458097953;1.7138183620493417
605;765;5;1.1370099890341918;1.1370099890341918;1.3303003560026971
606;159;2;2.439514647627394;2.439514647627394;1.7874947415502893
607;767;4;1.4609701960613477;1.4609701960613477;1.5807899179513372
608;182;2;2.226906084164001;2.226906084164001;1.8158496198035727
609;301;2;1.9421111869904637;1.9421111869904637;1.9397790184208574
610;393;2;1.9186938338693955;1.9186938338693955;1.973497770205443
611;251;2;2.1372294919479993;2.1372294919479993;1.9887718328336208
612;140;2;2.5411877217244667;2.5411877217244667;1.7644632718000288
613;762;5;1.019915159359794;1.019915159359794;1.2504384510930566
614;549;2;2.028894959035511;2.028894959035511;2.1652132616617483
615;718;5;0.9631362492616362;0.9631362492616362;1.2090634701319491
616;745;5;1.0999146746992343;1.0999146746992343;1.311653516750211
617;722;4;1.2903322244516449;1.2903322244516449;1.4160960792984578
618;766;5;1.0702687432770415;1.0702687432770415;1.2812355440257142
619;493;5;1.6390346980543344;1.6390346980543344;1.5457554050028994
620;361;2;1.9019861114735055;1.9019861114735055;1.9801460629097505
621;679;5;1.0117450240658072;1.0117450240658072;1.2434311247138958
622;519;4;1.692063550040391;1.692063550040391;1.6308769711569917
623;767;2;2.013907652330972;2.013907652330972;2.0607794871768297
624;713;5;0.9867396403149578;0.9867396403149578;1.2200598301537608
625;767;4;1.8934622509799501;1.8934622509799501;1.8858821040217582
626;762;5;1.0368089679972452;1.0368089679972452;1.2596890870299866
627;759;5;1.0866672584615646;1.0866672584615646;1.3088275016445041
628;767;5;1.0409021513175138;1.0409021513175138;1.2747573828510743
629;675;5;1.0152694155593158;1.0152694155593158;1.2512267834226851
630;766;5;0.9590574474457864;0.9590574474457864;1.1971687424361048
631;767;2;1.9902637320891614;1.9902637320891614;2.041820048188155
632;726;5;0.9886213437435437;0.9886213437435437;1.2174369172690482
633;294;2;1.8960172055209423;1.8960172055209423;1.9476545637750535
634;629;5;1.0206593679313214;1.0206593679313214;1.2391729696414777
635;709;5;0.9862680291197199;0.9862680291197199;1.2234867048814455
636;704;5;1.0063478873613483;1.0063478873613483;1.237912080881005
637;767;4;1.7877667140641957;1.7877667140641957;1.8738617400129916
638;767;2;1.9643452939565276;1.9643452939565276;2.0078352399465276
639;767;4;1.5479976636440078;1.5479976636440078;1.638572346266432
640;767;2;2.1671057818307347;2.1671057818307347;2.179138237277909
641;766;5;1.0265456677498075;1.0265456677498075;1.2564539293600026
642;708;4;1.1683165938814433;1.1683165938814433;1.3548967563766048
643;491;5;1.6146262806824005;1.6146262806824005;1.5114887570824938
644;428;2;1.8696094847751348;1.8696094847751348;1.9468527728167535
645;71;2;3.249140307100184;3.249140307100184;1.6752223052936854
646;415;2;2.2738226347834614;2.2738226347834614;2.219147348055883
647;295;2;2.394661329127811;2.394661329127811;2.2015485428521764
648;767;2;2.091233484900243;2.091233484900243;2.217979115282939
649;757;5;0.9999635320712792;0.9999635320712792;1.2290686222042528
650;767;3;2.108521130818973;2.108521130818973;2.191887762782574
651;767;2;2.0335869063803926;2.0335869063803926;2.1271162299544213
652;767;3;2.287369900176859;2.287369900176859;2.194136436828417
653;746;5;1.0377343383531588;1.0377343383531588;1.2454600690843458
654;752;2;1.8800809210806053;1.8800809210806053;1.9882910380309624
655;51;2;3.9614536202236548;3.9614536202236548;1.612026026453166
656;767;3;2.1070173619496013;2.1070173619496013;2.197175734411187
657;266;2;1.9141882781906592;1.9141882781906592;1.8913043466376869
658;658;5;1.3046985489470608;1.3046985489470608;1.437707165907988
659;767;4;1.8970227982467034;1.8970227982467034;1.9463817995718606
660;610;5;1.367386327014423;1.367386327014423;1.4841280643036399
661;482;4;2.1848817757100067;2.1848817757100067;1.7919132813153422
662;208;2;2.275292142518002;2.275292142518002;1.918023598237522
663;763;2;2.172183583053297;2.172183583053297;2.261169140064454
664;767;5;1.1220702166281653;1.1220702166281653;1.3081604205193358
665;767;2;1.9475622474962193;1.9475622474962193;2.041945418319733
666;674;5;1.3652987469990348;1.3652987469990348;1.4737692014381678
667;767;5;1.0095314041690193;1.0095314041690193;1.2308148110515562
668;288;2;1.985268578443483;1.985268578443483;1.9183834504622106
669;767;2;2.75427762135848;2.75427762135848;2.516276497540338
670;295;2;2.0898066981069854;2.0898066981069854;2.0708829402352733
671;678;5;0.9953543206993981;0.9953543206993981;1.2178812616978247
672;766;4;2.0429442806957927;2.0429442806957927;1.8709292103782786
673;211;2;2.214695275789824;2.214695275789824;1.8715444915820862
674;556;5;1.2737051842858564;1.2737051842858564;1.3922700534323418
675;492;4;1.8286314473240437;1.8286314473240437;1.6734280046390193
676;640;5;1.3121198879821387;1.3121198879821387;1.4507960237713637
677;635;5;1.036726171861352;1.036726171861352;1.2508095763267983
678;746;5;1.06678602593126;1.06678602593126;1.2609222069158939
679;184;1;2.3582996982936684;2.3582996982936684;1.817746799224265
680;764;4;1.769843595967147;1.769843595967147;1.717326209541403
681;696;4;1.5214316151712706;1.5214316151712706;1.5558070716332588
682;767;2;2.0546561478750713;2.0546561478750713;2.1053997241295948
683;767;5;1.0151588919006225;1.0151588919006225;1.2556850315216577
684;566;5;1.485271547319997;1.485271547319997;1.519337915900563
685;263;2;1.8530635677907783;1.8530635677907783;1.854333440060626
686;758;5;1.0629224624267555;1.0629224624267555;1.2716845089709161
687;741;5;1.02462626016235;1.02462626016235;1.2240018343746155
688;297;2;1.8617959075169073;1.8617959075169073;1.9362904963574243
689;284;2;1.9787485636136548;1.9787485636136548;1.9967389971272236
690;723;5;0.9861710563504728;0.9861710563504728;1.2264989125284351
691;562;4;1.600920169744083;1.600920169744083;1.5745369570565146
692;767;2;2.1906508700268525;2.1906508700268525;2.234371816069924
693;767;2;2.1213073382976657;2.1213073382976657;2.209620069429531
694;614;5;1.0399410341258164;1.0399410341258164;1.2526630916521961
695;61;2;3.5339405482080344;3.5339405482080344;1.665464040032966
696;752;2;2.455149535045169;2.455149535045169;2.31196203639503
697;493;5;1.606668803107612;1.606668803107612;1.514688416796057
698;360;2;2.0209717126050877;2.0209717126050877;2.1088177007096327
699;767;5;1.0310072127697134;1.0310072127697134;1.2535456187672633
700;272;2;1.840703291711173;1.840703291711173;1.8712047850557108
701;767;5;1.1256602012858983;1.1256602012858983;1.3204014953532808
702;632;5;1.5230010815178607;1.5230010815178607;1.5563126620030412
703;478;5;1.6934267066106903;1.6934267066106903;1.5681456038878632
704;767;2;2.067658221827859;2.067658221827859;2.137779000987281
705;624;5;1.1950920083433345;1.1950920083433345;1.3575000254685008
706;470;5;1.7188097709090702;1.7188097709090702;1.5472229207159118
707;134;1;2.669341880818741;2.669341880818741;1.7420192719687586
708;636;5;1.325382682079097;1.325382682079097;1.4602078164475514
709;369;2;1.9478067989027255;1.9478067989027255;1.9438379588783856
710;94;2;2.9724406338922416;2.9724406338922416;1.7207239581310363
711;767;4;1.2643584973211004;1.2643584973211004;1.4108485355492646
712;766;5;1.1905503633187564;1.1905503633187564;1.359021024862123
713;163;2;2.3622714447647692;2.3622714447647692;1.7818486944441487
714;692;5;0.9690595108446634;0.9690595108446634;1.2161488099065596
715;90;2;3.0759056424688342;3.0759056424688342;1.7125703271103243
716;264;2;2.08608333235518;2.08608333235518;1.9849427965990056
717;658;5;1.1213125409307418;1.1213125409307418;1.3086660058180943
718;311;2;1.8950241693746457;1.8950241693746457;1.9117875523770642
719;707;5;1.0987615591658646;1.0987615591658646;1.298694223822836
720;627;5;1.0994589244906736;1.0994589244906736;1.2947776817585759
721;273;2;1.8780166475934168;1.8780166475934168;1.8628760264644857
722;767;2;2.169757514537936;2.169757514537936;2.2679366187501913
723;767;2;2.309388197915865;2.309388197915865;2.334790273695951
724;713;5;1.093255507302133;1.093255507302133;1.3039576180890629
725;766;5;1.1242250838547279;1.1242250838547279;1.324893646725616
726;311;2;1.815090483019252;1.815090483019252;1.904990419272095
727;759;5;1.2227539177848028;1.2227539177848028;1.3909019281616466
728;569;4;1.5713972164319594;1.5713972164319594;1.5639568468677891
729;613;5;1.0763622490491283;1.0763622490491283;1.268069690356429
730;767;3;2.4494400907344405;2.4494400907344405;2.242406381212112
731;763;5;1.0557776847874096;1.0557776847874096;1.2790268522431714
732;707;2;2.7115317116834237;2.7115317116834237;2.3998929059229166
733;352;2;1.8950287191580668;1.8950287191580668;1.95628239671646
734;678;5;1.049159760681743;1.049159760681743;1.2653732196160739
735;694;5;1.0615203878122086;1.0615203878122086;1.2778624433699772
736;767;2;2.1301459137258596;2.1301459137258596;2.22221097293054
737;573;5;1.2470499037352358;1.2470499037352358;1.3647076687329287
738;377;2;1.9724786041765678;1.9724786041765678;1.9803377330061096
739;697;5;1.0153509296572407;1.0153509296572407;1.2444571997756566
740;389;2;1.9691383766838462;1.9691383766838462;2.06483704418199
741;767;3;2.3443690014186007;2.3443690014186007;2.37845606101341
742;767;2;1.985688604174959;1.985688604174959;2.0693583966113076
743;709;5;1.2032047168097464;1.2032047168097464;1.3903983904205024
744;490;2;2.17721321279303;2.17721321279303;2.232150470619203
745;767;2;2.2776905415394046;2.2776905415394046;2.2486756849703093
746;722;5;1.4716986756606834;1.4716986756606834;1.5297432376230782
747;767;4;1.897916709530628;1.897916709530628;1.9177069719911546
748;238;2;2.251943345385815;2.251943345385815;1.9886876336303325
749;635;5;1.345729989798366;1.345729989798366;1.4486226682007233
750;757;5;1.0847160940670744;1.0847160940670744;1.2984731174088175
751;767;4;2.221015452025672;2.221015452025672;2.12120375343981
752;764;5;0.9748447568794427;0.9748447568794427;1.2094894311953055
753;55;2;3.7146499804026454;3.7146499804026454;1.6030724544952817
754;739;4;1.3093067345712612;1.3093067345712612;1.4324553685924202
755;767;2;2.3033248053339475;2.3033248053339475;2.356855637778351
756;759;5;1.313308423847043;1.313308423847043;1.4524885404515013
757;767;5;1.0608417834207695;1.0608417834207695;1.2794842492658693
758;721;5;0.9970597478689274;0.9970597478689274;1.2378402555775752
759;466;4;1.9231944348763905;1.9231944348763905;1.69933188967863
760;767;5;1.1610734311876427;1.1610734311876427;1.345848646474089
761;646;5;1.5273102685095663;1.5273102685095663;1.559157638002152
762;611;5;1.0430673292467618;1.0430673292467618;1.2530631654649351
763;297;2;2.1527299788398198;2.1527299788398198;2.0128785999770376
764;767;5;1.0426441365832657;1.0426441365832657;1.261175347182739
765;767;2;2.036288973818284;2.036288973818284;2.1563248282366354
766;765;5;1.0619983516882572;1.0619983516882572;1.2679750938940426
767;684;5;1.0431183314583221;1.0431183314583221;1.2717231333571286
