Skewness: -1.149423656768574, Average LID: LPCA: 4.2725  |||  MLE: 2.955448283930055  |||  MLENB: 2.955448283930055  |||  TLE: 2.625153690464645
LPCA: -0.7840584372062108  |||  MLE: -0.3397464485220315  |||  MLENB: -0.3397464485220315  |||  TLE: -0.5347549204265899
node;in_degree;local_intrinsic_dimensionality_LPCA;local_intrinsic_dimensionality_MLE;local_intrinsic_dimensionality_MLENB;local_intrinsic_dimensionality_TLE
0;247;4;1.9800754230197821;1.9800754230197821;2.1662202164377855
1;180;4;1.808623420004934;1.808623420004934;2.1671428237301296
2;161;5;2.0036420531301;2.0036420531301;2.187243121039223
3;227;4;1.9852013677652571;1.9852013677652571;2.2370438831510695
4;233;4;1.9699520629562728;1.9699520629562728;2.2731920060443787
5;233;4;1.990648540484837;1.990648540484837;2.265533067801636
6;219;4;1.7858464261632634;1.7858464261632634;2.1109728381340878
7;78;5;2.884263310069885;2.884263310069885;2.393248093002413
8;218;4;2.0087210369215236;2.0087210369215236;2.2323742869129317
9;195;4;1.975167767402183;1.975167767402183;2.2251000794425675
10;66;6;4.908957814891196;4.908957814891196;3.713965717043305
11;231;4;2.103986788181437;2.103986788181437;2.4452565349795194
12;77;6;4.102845944320855;4.102845944320855;3.569910081070335
13;252;4;2.1049650118853362;2.1049650118853362;2.325311477044019
14;138;5;1.985103335784738;1.985103335784738;2.19629897881285
15;249;4;2.4110753080940155;2.4110753080940155;2.6252388890808795
16;87;5;2.869103509018891;2.869103509018891;2.3730704650066037
17;227;4;2.1323490348457526;2.1323490348457526;2.375553139817175
18;232;4;2.0654749527561673;2.0654749527561673;2.3298565783497382
19;251;4;2.0156030195832666;2.0156030195832666;2.2055594297494685
20;211;5;2.8248290163721554;2.8248290163721554;2.67238126710066
21;233;4;2.239276838897981;2.239276838897981;2.457006429618407
22;237;4;2.3968814633683384;2.3968814633683384;2.5408557616022995
23;210;4;2.622089240113078;2.622089240113078;2.671402394642561
24;257;4;2.0437753874409395;2.0437753874409395;2.2249925586497397
25;106;5;2.520501826239561;2.520501826239561;2.3012249276257895
26;265;4;2.538111365352027;2.538111365352027;2.5114530485634106
27;196;4;2.9822733329265794;2.9822733329265794;2.8218896319168674
28;258;4;1.8157787671045154;1.8157787671045154;2.1509140592227465
29;39;6;6.436626206990919;6.436626206990919;4.585355449004598
30;151;4;2.8506565457569413;2.8506565457569413;3.025565652291667
31;142;4;2.9756254272399794;2.9756254272399794;2.9682014895887447
32;235;4;2.342158801170839;2.342158801170839;2.449587054457379
33;254;4;2.4024432218487317;2.4024432218487317;2.4840649252846894
34;198;4;2.996719621540219;2.996719621540219;2.797423608911747
35;127;5;3.0201731388727024;3.0201731388727024;3.055890938562418
36;218;4;2.66140866858472;2.66140866858472;2.728369341282301
37;97;5;3.6060109053681995;3.6060109053681995;3.223123614927395
38;241;4;1.847094468754118;1.847094468754118;2.1478660619675525
39;141;5;3.135227403214296;3.135227403214296;3.052953637212522
40;234;4;2.439824595456673;2.439824595456673;2.4475869736518026
41;300;4;2.1113928253898298;2.1113928253898298;2.4853185114257865
42;218;4;1.8498817972347743;1.8498817972347743;2.220667199592628
43;225;4;2.214325767446656;2.214325767446656;2.410908018371362
44;74;5;2.9253150991557453;2.9253150991557453;2.420647393341945
45;53;5;3.973847573132216;3.973847573132216;2.5835622926109036
46;238;4;2.1244836871488753;2.1244836871488753;2.410152113230564
47;218;4;2.0449462122131212;2.0449462122131212;2.2603688859673707
48;207;4;2.2631291095320263;2.2631291095320263;2.530364847285746
49;217;4;1.9396055273988342;1.9396055273988342;2.203514795644532
50;189;4;2.8693670312344444;2.8693670312344444;2.7541025230794745
51;228;4;2.2220166583844843;2.2220166583844843;2.451992463726467
52;215;4;2.779583683348743;2.779583683348743;2.7251495631923794
53;243;4;2.08197056449285;2.08197056449285;2.396393362984949
54;243;4;2.031921325250262;2.031921325250262;2.449357523667018
55;82;5;2.9742467391756953;2.9742467391756953;2.4374248558860927
56;255;4;2.3384526761671918;2.3384526761671918;2.6140668006811314
57;82;5;3.826664235483095;3.826664235483095;3.513944160342465
58;109;5;3.25032575717137;3.25032575717137;3.0492101140221934
59;291;4;2.170131056772777;2.170131056772777;2.449317927757657
60;46;6;5.886759103631039;5.886759103631039;4.275394216237937
61;55;6;4.987152646937202;4.987152646937202;3.8730360497851963
62;48;6;4.899670240228627;4.899670240228627;3.9999087784906586
63;157;4;1.923095678984364;1.923095678984364;2.182770612073031
64;210;4;2.263422505352108;2.263422505352108;2.365580679239824
65;187;4;1.7606013225516661;1.7606013225516661;2.1358369737829666
66;240;4;1.8452361620754734;1.8452361620754734;2.1911406698663725
67;169;5;1.9839142923048003;1.9839142923048003;2.2121218240539697
68;195;4;1.9873691188477545;1.9873691188477545;2.2334011306256767
69;171;4;1.8093362103663113;1.8093362103663113;2.1198867075490666
70;260;4;2.133519489010277;2.133519489010277;2.4662425651619317
71;229;5;2.4275753991123223;2.4275753991123223;2.534691357369947
72;239;4;2.1487574649373884;2.1487574649373884;2.302289806906039
73;63;5;3.3742779286598092;3.3742779286598092;2.4814043147065235
74;210;4;2.127180122213044;2.127180122213044;2.2699096270949846
75;221;4;2.1564734956546485;2.1564734956546485;2.5130828853056513
76;216;4;2.697605676318862;2.697605676318862;2.7178139426282533
77;267;5;2.3725116679575486;2.3725116679575486;2.428558531456059
78;110;5;3.128642397806439;3.128642397806439;3.0806008312787867
79;229;4;1.7274767506901545;1.7274767506901545;2.0752201818194513
80;242;4;2.427498847128242;2.427498847128242;2.5853955472803523
81;47;6;5.073256594413355;5.073256594413355;4.124974773578816
82;238;4;2.3964941288050867;2.3964941288050867;2.5530384788029936
83;94;5;2.8314453462938713;2.8314453462938713;2.3715997682716448
84;153;4;1.9050726391413177;1.9050726391413177;2.154247783131936
85;217;4;2.0094797042153836;2.0094797042153836;2.3281577338151287
86;236;4;1.926529792442754;1.926529792442754;2.2438993337426965
87;240;4;1.7823964633451652;1.7823964633451652;2.1286506904150557
88;233;4;2.478519854402506;2.478519854402506;2.5498497025671427
89;148;4;2.8421564711001253;2.8421564711001253;2.961240438853466
90;222;4;2.3373461580283106;2.3373461580283106;2.435208559170232
91;218;4;1.7922430819213246;1.7922430819213246;2.1929033647538856
92;219;4;1.7814580025151237;1.7814580025151237;2.1131937800760077
93;283;4;2.1140601741118608;2.1140601741118608;2.480197879146634
94;190;4;3.0234474816157535;3.0234474816157535;2.8257768303358737
95;126;5;3.0540883803645897;3.0540883803645897;3.0570860054099214
96;260;4;2.139448380226417;2.139448380226417;2.4575397373145886
97;211;4;2.635186252802084;2.635186252802084;2.7512684440127764
98;251;4;2.550508420928851;2.550508420928851;2.6719704726699613
99;176;4;1.7589108924572916;1.7589108924572916;2.1196967656796883
100;69;6;4.706708027666273;4.706708027666273;3.6125108572184312
101;275;4;2.43149980163093;2.43149980163093;2.65657814731045
102;273;4;2.099658914005238;2.099658914005238;2.4679348019979157
103;224;4;2.1687041932344537;2.1687041932344537;2.4168038652384594
104;113;5;3.0969061661710975;3.0969061661710975;3.024286361740615
105;231;4;2.0242217811161005;2.0242217811161005;2.2650173332979993
106;252;4;1.89359789069618;1.89359789069618;2.1641324327361606
107;150;4;2.8065308995000846;2.8065308995000846;2.9381320356838114
108;12;8;20.14341941522314;20.14341941522314;9.492031850180847
109;206;4;2.399146063857276;2.399146063857276;2.5728877412481084
110;221;4;2.2392193410096017;2.2392193410096017;2.5331084730881055
111;190;4;1.8846345128142126;1.8846345128142126;2.1973470221853475
112;130;5;3.286802876173522;3.286802876173522;3.085241282596349
113;228;4;2.0006244963353743;2.0006244963353743;2.243535073296767
114;176;4;3.1604451871528645;3.1604451871528645;2.8890701259455507
115;216;4;2.0827021311432223;2.0827021311432223;2.3036532043370266
116;221;4;1.9163364698018444;1.9163364698018444;2.20483443498594
117;269;4;2.0940710092913952;2.0940710092913952;2.4653568232765175
118;128;5;2.223133561394955;2.223133561394955;2.2446074225305956
119;242;4;1.797460981550635;1.797460981550635;2.1394568635454227
120;253;4;2.3100367028706303;2.3100367028706303;2.5454878385686226
121;229;4;1.9149987789624194;1.9149987789624194;2.185989865422246
122;132;5;3.27663360269297;3.27663360269297;3.1003506013390854
123;231;4;2.4274661658694234;2.4274661658694234;2.5828411584944604
124;233;4;2.4120971916127245;2.4120971916127245;2.5728856059365497
125;243;4;2.5940426239087033;2.5940426239087033;2.5554670674577697
126;223;4;1.9644377112265115;1.9644377112265115;2.296528633266046
127;146;4;2.0070710874266746;2.0070710874266746;2.2026697426272865
128;222;4;2.2623918903164606;2.2623918903164606;2.475032245869333
129;115;5;2.5312261877636995;2.5312261877636995;2.3259588392602604
130;215;4;2.671087769586888;2.671087769586888;2.7276047329452973
131;245;4;1.817551060656464;1.817551060656464;2.1713101516022597
132;161;4;3.051536473383607;3.051536473383607;2.9372158526043535
133;232;4;2.1126609913732386;2.1126609913732386;2.3721498676815322
134;247;4;2.5426502976212464;2.5426502976212464;2.6367127916323727
135;234;4;2.36942225002746;2.36942225002746;2.5395896990964717
136;229;4;2.229812473891184;2.229812473891184;2.4270821006913628
137;14;8;19.706879372848277;19.706879372848277;9.23424482755173
138;235;4;1.81239987086278;1.81239987086278;2.133849530548624
139;227;4;1.9858396822135251;1.9858396822135251;2.245496163855161
140;154;4;1.9035321791586635;1.9035321791586635;2.16369890980342
141;244;4;1.984859720822291;1.984859720822291;2.1815682126324125
142;83;5;4.00501226841404;4.00501226841404;3.432417109045625
143;133;5;2.948062503849992;2.948062503849992;2.9762628743005393
144;228;4;1.8488143210106798;1.8488143210106798;2.137989122728789
145;131;5;2.0183991746267083;2.0183991746267083;2.1865470251272523
146;253;4;2.1873208091686105;2.1873208091686105;2.432567084236743
147;144;4;3.0513531635324354;3.0513531635324354;2.9924806058239564
148;133;5;1.9826769002761526;1.9826769002761526;2.1932547105164226
149;47;5;4.186970128287756;4.186970128287756;2.6231056808356774
150;260;4;2.1596004955752166;2.1596004955752166;2.4788422663637615
151;244;4;2.438931118292743;2.438931118292743;2.5753081167432708
152;251;4;2.3040340619165525;2.3040340619165525;2.506648744280198
153;221;4;2.3712637797138822;2.3712637797138822;2.4627128870651287
154;146;4;1.992724492420707;1.992724492420707;2.190006555108195
155;247;4;1.7643527660791736;1.7643527660791736;2.142619454364019
156;149;4;1.9665102386347963;1.9665102386347963;2.1729191113471247
157;49;6;5.018515429819787;5.018515429819787;4.0276172928382366
158;89;5;3.663785960623429;3.663785960623429;3.3148516464930777
159;210;4;1.93292091460207;1.93292091460207;2.1994763469097434
160;245;4;1.9866298030821137;1.9866298030821137;2.221531162845365
161;235;4;1.9287422123422255;1.9287422123422255;2.2413737963930656
162;231;4;2.20417076922008;2.20417076922008;2.425308378820122
163;230;4;1.815825087683095;1.815825087683095;2.127696201128506
164;207;4;2.6011197479443373;2.6011197479443373;2.6348671387117
165;221;4;1.7843279638209972;1.7843279638209972;2.1159925464460163
166;228;4;2.4789867567957877;2.4789867567957877;2.512065514176142
167;95;5;3.5367746135585785;3.5367746135585785;3.1335755971441825
168;294;4;2.1798148923031846;2.1798148923031846;2.438920915012193
169;167;5;1.9408197919902992;1.9408197919902992;2.1824306199739
170;219;4;1.9415273758699931;1.9415273758699931;2.283688051635975
171;239;4;2.5183900733957705;2.5183900733957705;2.665950133148228
172;228;4;1.9628315648492576;1.9628315648492576;2.250146265228862
173;250;4;2.337947537338387;2.337947537338387;2.558535076890162
174;150;4;2.8183119142713053;2.8183119142713053;2.950829356829921
175;222;4;2.1330108223382562;2.1330108223382562;2.4541471645615602
176;217;4;1.9287346344711698;1.9287346344711698;2.313212416216387
177;168;4;2.971802352488648;2.971802352488648;2.9396636039400916
178;111;5;3.0369551109762725;3.0369551109762725;3.0258472317789398
179;234;4;2.2800304724765588;2.2800304724765588;2.476545983861093
180;277;4;2.1798647236011544;2.1798647236011544;2.4449271692389027
181;175;4;1.7623409373650336;1.7623409373650336;2.114358528724268
182;247;4;2.451456273864663;2.451456273864663;2.4868283144792707
183;126;5;2.0666485297041604;2.0666485297041604;2.2020789552607893
184;213;4;1.8131049329199844;1.8131049329199844;2.2130493543743905
185;102;5;2.7418532872269332;2.7418532872269332;2.35621618473686
186;300;4;2.1111643357056544;2.1111643357056544;2.4762025695088448
187;228;4;1.711077031084257;1.711077031084257;2.069043260799613
188;147;4;2.8277929775228596;2.8277929775228596;2.955373094008492
189;262;4;2.212467720267168;2.212467720267168;2.5503636111220955
190;220;4;2.0327939743353958;2.0327939743353958;2.376308938403346
191;163;5;1.9398104851151807;1.9398104851151807;2.1692045326279112
192;237;4;2.387389132190095;2.387389132190095;2.5572501479124377
193;167;5;1.93871892019747;1.93871892019747;2.1637769210335973
194;211;4;2.0551193883206564;2.0551193883206564;2.3185313555089873
195;256;4;2.4296268780784156;2.4296268780784156;2.659616953626129
196;223;4;2.128485793055594;2.128485793055594;2.313722286510171
197;129;5;3.207513653859005;3.207513653859005;3.0343033584871884
198;284;4;2.2521628728899716;2.2521628728899716;2.50742206817268
199;222;4;2.3939218217607245;2.3939218217607245;2.5853170383308983
200;223;4;2.4310452564112133;2.4310452564112133;2.573578564425185
201;232;4;1.9900211915540622;1.9900211915540622;2.265165690069989
202;228;4;2.4069725256279626;2.4069725256279626;2.559140720695157
203;236;4;2.466113207795651;2.466113207795651;2.5403877075550176
204;220;5;2.5717759673357734;2.5717759673357734;2.5983325716866363
205;241;4;2.105136971608929;2.105136971608929;2.3952539524398198
206;202;4;2.9310363843237406;2.9310363843237406;2.7225982249654166
207;254;4;2.2513501282532475;2.2513501282532475;2.5143153493415213
208;225;4;1.7850190560383639;1.7850190560383639;2.1083000223648805
209;229;4;1.8125826887687226;1.8125826887687226;2.1074951725340365
210;171;4;3.025266038006597;3.025266038006597;2.819281935714947
211;73;5;2.9285062871554364;2.9285062871554364;2.4196022212312647
212;299;4;2.455199310547671;2.455199310547671;2.600661266078764
213;210;4;2.628320007260155;2.628320007260155;2.725252250300459
214;255;4;2.1646178267111726;2.1646178267111726;2.4300412032462106
215;156;4;3.101303752050044;3.101303752050044;3.0283404277517723
216;230;4;1.9150394007739462;1.9150394007739462;2.2748828074887255
217;237;4;2.2208619970803993;2.2208619970803993;2.340674270468951
218;191;4;1.9951281641148766;1.9951281641148766;2.243792489853351
219;255;4;2.4496045709497447;2.4496045709497447;2.6373701291386213
220;233;4;1.9753013620596276;1.9753013620596276;2.26028180447757
221;94;5;3.7275972201777807;3.7275972201777807;3.2897475854968734
222;223;4;2.371370823434569;2.371370823434569;2.5237308163676233
223;249;4;1.9788519705874157;1.9788519705874157;2.172241944157015
224;232;4;2.490085360773611;2.490085360773611;2.603458597096281
225;165;4;2.9170207894419202;2.9170207894419202;2.941373988679494
226;187;4;1.7969833278347336;1.7969833278347336;2.149052154966102
227;230;4;2.18143083626445;2.18143083626445;2.4713744541804172
228;80;5;4.018136220278353;4.018136220278353;3.582511756856524
229;295;4;2.2078026525097454;2.2078026525097454;2.4594659144893978
230;305;4;2.1159568816186485;2.1159568816186485;2.504178036264968
231;152;4;2.7917779506096463;2.7917779506096463;2.998019383800882
232;113;5;3.2175786138886546;3.2175786138886546;3.125741237154633
233;211;4;2.458840116292521;2.458840116292521;2.5641527208629853
234;234;4;1.9753827013440475;1.9753827013440475;2.2588998902030424
235;232;4;2.3489759869431963;2.3489759869431963;2.4131628127496985
236;70;5;3.0708737830242065;3.0708737830242065;2.440164545188885
237;228;4;2.4633893811911878;2.4633893811911878;2.5560726157172398
238;243;4;2.2326870610909078;2.2326870610909078;2.3537242968777643
239;181;4;1.7470828837049717;1.7470828837049717;2.1162419755534834
240;150;4;2.7742649650289204;2.7742649650289204;2.977247995254168
241;237;4;1.8308891719320266;1.8308891719320266;2.158885659680243
242;181;4;1.732620433140276;1.732620433140276;2.113514547829517
243;187;4;1.7780135852706185;1.7780135852706185;2.146345588754904
244;239;4;2.448382809655513;2.448382809655513;2.6200468336505973
245;237;4;2.0287144315452084;2.0287144315452084;2.446390341208901
246;221;4;2.0086890938481416;2.0086890938481416;2.291336399988756
247;212;4;2.2608872593082396;2.2608872593082396;2.5113264439404714
248;34;5;4.959706261061753;4.959706261061753;2.691821071599707
249;252;4;2.0559184929370646;2.0559184929370646;2.2324887348897313
250;236;4;2.4303233891767935;2.4303233891767935;2.5182371094214147
251;236;4;1.9725536122973417;1.9725536122973417;2.2452177857893676
252;228;4;2.20601148895924;2.20601148895924;2.4442008609897417
253;232;4;2.3812206829974536;2.3812206829974536;2.514709396130634
254;226;4;2.446162698269811;2.446162698269811;2.591657451593712
255;104;5;3.5578713459361944;3.5578713459361944;3.1712285649750407
256;233;4;2.301972782165969;2.301972782165969;2.347839283107219
257;231;4;2.4518333734560964;2.4518333734560964;2.5187078794821005
258;277;4;2.1450392215223193;2.1450392215223193;2.442563667566986
259;210;4;2.676250961856569;2.676250961856569;2.770146305922297
260;166;5;1.8755551719415873;1.8755551719415873;2.1743652236942492
261;252;4;2.124973897325897;2.124973897325897;2.273928753978773
262;243;4;1.8401900215536364;1.8401900215536364;2.1547730613466056
263;223;4;2.1779391217027495;2.1779391217027495;2.5270927979877538
264;214;4;1.995850664024128;1.995850664024128;2.2988143911072165
265;237;4;2.3148840977552467;2.3148840977552467;2.516247340416975
266;157;4;3.100314596780331;3.100314596780331;2.9729014418139306
267;144;4;1.9796017320990487;1.9796017320990487;2.159154797037278
268;231;4;2.1224832215024367;2.1224832215024367;2.3269852212755326
269;112;5;3.0222018406127003;3.0222018406127003;3.045356944841023
270;208;5;2.8383913097441384;2.8383913097441384;2.6903886101948915
271;79;6;4.131756668209806;4.131756668209806;3.599937110630374
272;224;4;2.4807848673956157;2.4807848673956157;2.4955472931439875
273;218;4;2.065106533621079;2.065106533621079;2.3818159833632286
274;218;4;2.1532418423808277;2.1532418423808277;2.509445564510466
275;247;4;2.399014117456901;2.399014117456901;2.597245118245788
276;246;4;2.6307565914287276;2.6307565914287276;2.704285080135023
277;249;4;2.05898234120324;2.05898234120324;2.312257957706463
278;238;4;2.1929263341271326;2.1929263341271326;2.337775006999973
279;273;5;2.240430162889431;2.240430162889431;2.426849824956421
280;180;4;1.7902777504967067;1.7902777504967067;2.1562422300058306
281;28;7;13.085319634347279;13.085319634347279;6.282098337187148
282;213;4;1.9959765188942293;1.9959765188942293;2.302526300408529
283;246;4;1.7911334960699667;1.7911334960699667;2.139398064263337
284;243;4;1.7564087818271128;1.7564087818271128;2.1381497096584257
285;7;5;46.74710716483364;46.74710716483364;13.641000578853477
286;261;4;2.258960365959186;2.258960365959186;2.5607198761536076
287;250;4;1.7949435264013713;1.7949435264013713;2.1437466700860353
288;136;5;3.137499023385322;3.137499023385322;3.0213060998330126
289;223;5;2.6064302228606056;2.6064302228606056;2.5968285744909387
290;87;5;3.795058775905317;3.795058775905317;3.343662355420176
291;233;4;2.092018965051191;2.092018965051191;2.3901855732955384
292;230;4;2.5162056982980365;2.5162056982980365;2.5537712354709186
293;259;4;2.1974368580994446;2.1974368580994446;2.4734716349539094
294;184;4;3.0446105744818954;3.0446105744818954;2.814338354046137
295;238;4;1.8113036514198506;1.8113036514198506;2.1398881920571937
296;221;4;2.1981685010773404;2.1981685010773404;2.344940283532374
297;3;6;101.59967456961505;101.59967456961505;9.424639932954355
298;219;4;1.7865072388754464;1.7865072388754464;2.195761110650046
299;218;4;2.15978384152925;2.15978384152925;2.4652865433937685
300;235;4;2.406220744794619;2.406220744794619;2.4371595725472717
301;251;4;1.7540717912405117;1.7540717912405117;2.1439586097330197
302;243;4;2.419786989495559;2.419786989495559;2.536592170221384
303;141;4;3.09510578669563;3.09510578669563;3.022445582208977
304;235;4;2.0790858911228853;2.0790858911228853;2.397691450625852
305;151;4;1.9225834458971782;1.9225834458971782;2.1492444291983857
306;255;4;2.1277038545826965;2.1277038545826965;2.4491685402972543
307;249;4;1.7817734652923665;1.7817734652923665;2.1660931876541207
308;208;4;2.8942509216611305;2.8942509216611305;2.720266159773423
309;99;5;3.594944800261827;3.594944800261827;3.2211569305869165
310;225;4;1.998145156072629;1.998145156072629;2.2439838858602927
311;122;5;2.418724028323362;2.418724028323362;2.2831449676588766
312;209;4;2.151823823798714;2.151823823798714;2.4821149126395974
313;178;4;1.8052246604765814;1.8052246604765814;2.134929497805029
314;226;4;2.2247127552669763;2.2247127552669763;2.4754730303063774
315;139;5;2.0995472230236434;2.0995472230236434;2.202849371541669
316;162;4;1.932477369971648;1.932477369971648;2.16809286666644
317;276;4;2.2514576247935874;2.2514576247935874;2.570398874706596
318;145;4;3.002063102869399;3.002063102869399;3.005838383630713
319;194;4;2.968389340284603;2.968389340284603;2.8173390285391378
320;121;5;3.075949824784839;3.075949824784839;3.048167232786433
321;257;4;2.491589538731236;2.491589538731236;2.5228578652626537
322;227;4;1.7655077729232693;1.7655077729232693;2.1601670719933463
323;257;4;2.395554192021939;2.395554192021939;2.4855809755648703
324;81;5;3.942579776504773;3.942579776504773;3.5267107789536385
325;218;4;1.908802366536616;1.908802366536616;2.259320748029346
326;197;4;2.0587064655231364;2.0587064655231364;2.245225099677717
327;87;5;2.9096810735053498;2.9096810735053498;2.3937144441837193
328;230;4;2.444706854598568;2.444706854598568;2.5061385774513965
329;238;4;2.389937980666403;2.389937980666403;2.492801466919012
330;181;4;1.734203729119369;1.734203729119369;2.108984216266722
331;219;4;2.668766644637197;2.668766644637197;2.7416893446121713
332;166;5;1.8705989872707853;1.8705989872707853;2.1665576625630147
333;222;4;2.4102677771144214;2.4102677771144214;2.551076121922444
334;249;4;2.334228941863817;2.334228941863817;2.5494791418948486
335;119;5;3.0454717540983975;3.0454717540983975;3.011924005008612
336;232;4;2.3835415467825607;2.3835415467825607;2.5241049191168234
337;281;4;2.3017045299429078;2.3017045299429078;2.559741155356243
338;234;4;2.4531126061724864;2.4531126061724864;2.5381529505746085
339;252;4;2.0329881334907873;2.0329881334907873;2.210545626219246
340;251;4;2.380939026352682;2.380939026352682;2.6128132956119674
341;228;4;2.4129435155644807;2.4129435155644807;2.496904097327964
342;255;4;2.3320882990963927;2.3320882990963927;2.618221791142945
343;259;4;2.5257171934850535;2.5257171934850535;2.5074493584432873
344;234;4;2.553805910082005;2.553805910082005;2.5635117311924978
345;232;4;1.907517103320684;1.907517103320684;2.246950707934153
346;251;4;2.4091288731575924;2.4091288731575924;2.5199289452319116
347;254;4;2.2452688883132854;2.2452688883132854;2.538167252430834
348;217;5;2.7202265251465834;2.7202265251465834;2.6285920474643354
349;277;4;2.2259483910159727;2.2259483910159727;2.4330220916104306
350;292;4;2.2289260168598197;2.2289260168598197;2.504547331201423
351;164;5;1.9031963417826152;1.9031963417826152;2.1640288698144854
352;133;5;3.098553822703423;3.098553822703423;2.9634949416622947
353;232;4;1.7673679594084326;1.7673679594084326;2.097129653031233
354;225;4;2.2208156511989694;2.2208156511989694;2.4510129115678296
355;217;4;2.066122377041438;2.066122377041438;2.275085116721415
356;133;5;2.9820004454207347;2.9820004454207347;3.0032178272550323
357;300;4;2.126798475734696;2.126798475734696;2.4995145826213103
358;218;4;1.861527242007182;1.861527242007182;2.2191981515509185
359;225;4;2.2052778639342074;2.2052778639342074;2.3506408679455766
360;258;4;1.7948348137537171;1.7948348137537171;2.1688024684209863
361;41;6;6.7556739990095895;6.7556739990095895;4.603018273168298
362;221;4;1.904322878662209;1.904322878662209;2.20271072594315
363;230;5;2.4415199783022827;2.4415199783022827;2.5467975765871658
364;255;4;2.4798864770327107;2.4798864770327107;2.4879958573736674
365;255;4;2.3391322666685124;2.3391322666685124;2.6172726969608977
366;310;4;2.1341524362194444;2.1341524362194444;2.4826610367856214
367;265;4;2.149920826256115;2.149920826256115;2.4171767098297834
368;230;4;2.3858537754000815;2.3858537754000815;2.558368782383449
369;189;4;1.9714867211305138;1.9714867211305138;2.220315496906246
370;313;4;2.194654278845761;2.194654278845761;2.509962971721779
371;228;4;2.1778114124578476;2.1778114124578476;2.3312550371807017
372;223;4;1.86351573835223;1.86351573835223;2.225730751214491
373;245;4;1.7535306589810775;1.7535306589810775;2.136720885814119
374;161;4;3.0143813303834213;3.0143813303834213;2.9326972810995833
375;298;4;2.182156565390635;2.182156565390635;2.4490158713031502
376;241;4;1.7804056397638899;1.7804056397638899;2.1487066787310467
377;235;4;2.067580970851067;2.067580970851067;2.3847240370196987
378;244;4;2.026744109133025;2.026744109133025;2.204613257582126
379;214;4;2.5928523652497337;2.5928523652497337;2.6361420104191575
380;235;4;2.117411742996905;2.117411742996905;2.4610027152325316
381;225;4;1.9903293465852778;1.9903293465852778;2.2903105874196696
382;255;4;2.465391679292515;2.465391679292515;2.6391866505886967
383;126;5;3.1223077914393866;3.1223077914393866;3.1084776792376925
384;224;4;1.9422262208240608;1.9422262208240608;2.254158267265067
385;187;4;1.9012114065205261;1.9012114065205261;2.2010683356294694
386;222;4;2.1335174623352935;2.1335174623352935;2.3944685604988
387;274;4;2.2413593269344716;2.2413593269344716;2.557168758227653
388;229;4;2.2546648820997524;2.2546648820997524;2.4633330130573934
389;191;4;2.914323801071697;2.914323801071697;2.8245937299550783
390;251;4;2.062157670949721;2.062157670949721;2.3161971510188923
391;227;4;1.964305708437477;1.964305708437477;2.298146455664528
392;231;4;1.790132891929203;1.790132891929203;2.1250723460616086
393;226;4;1.9944774222013213;1.9944774222013213;2.2369786501654296
394;146;4;2.0227565164734727;2.0227565164734727;2.203204001430026
395;218;4;1.7577407478002174;1.7577407478002174;2.1664580735102374
396;189;4;2.8485748410305383;2.8485748410305383;2.7978111651802218
397;230;4;2.4109656400596413;2.4109656400596413;2.469151911130395
398;190;4;1.8981231939990615;1.8981231939990615;2.1969601585716534
399;61;6;4.7214930718672905;4.7214930718672905;3.744359333032649
400;218;4;2.241726258524509;2.241726258524509;2.472370038710213
401;218;4;2.713422973316178;2.713422973316178;2.75375356465765
402;222;4;2.0301036803344434;2.0301036803344434;2.303512248660009
403;196;4;3.0185545997584193;3.0185545997584193;2.854394791287664
404;217;4;1.991177050253388;1.991177050253388;2.3108413547231463
405;49;6;4.890016423226495;4.890016423226495;4.174506718630485
406;147;4;2.9488349158015605;2.9488349158015605;3.047625282588239
407;126;5;3.064332103267915;3.064332103267915;3.035289180304873
408;216;4;2.0854762685511603;2.0854762685511603;2.25276700938605
409;234;4;1.9977367998756326;1.9977367998756326;2.2735767887491973
410;252;4;2.331027403887735;2.331027403887735;2.6013733875592435
411;236;4;2.3245362083033987;2.3245362083033987;2.433298962788826
412;217;4;1.8620078117743752;1.8620078117743752;2.1586698884325606
413;149;4;2.7911023893298834;2.7911023893298834;2.937638888997834
414;187;4;3.035990650191238;3.035990650191238;2.824963459665329
415;273;4;2.213787474519376;2.213787474519376;2.4381169032167316
416;241;4;2.241078936146811;2.241078936146811;2.3245073577301465
417;117;5;2.434381093722768;2.434381093722768;2.2862927242752966
418;180;4;3.0917627833645507;3.0917627833645507;2.8395859416727767
419;188;4;2.0073522158444383;2.0073522158444383;2.22885233272426
420;221;4;1.9066209128050917;1.9066209128050917;2.313771842325923
421;244;4;2.3739631479677614;2.3739631479677614;2.6005947338689164
422;227;4;2.176979768068312;2.176979768068312;2.440395704505718
423;191;4;1.919443020697952;1.919443020697952;2.208082388533207
424;213;4;2.600207537864492;2.600207537864492;2.6404769628618543
425;239;4;1.8070076585634434;1.8070076585634434;2.1544677319581305
426;236;4;2.1738695068220943;2.1738695068220943;2.325123317804371
427;170;4;3.0148849604018326;3.0148849604018326;2.830947373382798
428;227;4;2.0263233105604237;2.0263233105604237;2.2590399917301234
429;113;5;3.082317319097091;3.082317319097091;3.0273848506062895
430;110;5;3.085215673863661;3.085215673863661;3.059408581646358
431;224;4;2.713848364976883;2.713848364976883;2.7487758678061285
432;229;4;1.8355213593937942;1.8355213593937942;2.1248077033372925
433;84;5;3.962284199080042;3.962284199080042;3.441272684368581
434;230;4;1.844394314317426;1.844394314317426;2.134850920459745
435;243;4;2.2515621892457207;2.2515621892457207;2.542605920313873
436;234;4;2.318848402557901;2.318848402557901;2.503715821094012
437;218;4;2.2334221436521036;2.2334221436521036;2.350658335409468
438;210;4;2.72324756628311;2.72324756628311;2.751559442609901
439;147;4;2.0214477790593532;2.0214477790593532;2.1682837883150174
440;162;4;2.984252494201153;2.984252494201153;2.94499055738906
441;251;4;2.2941553561688792;2.2941553561688792;2.387971586870057
442;141;5;2.071284278139072;2.071284278139072;2.197295091342414
443;237;4;1.9768794066153117;1.9768794066153117;2.2588972078678347
444;50;6;5.076304349059278;5.076304349059278;4.0355729470918575
445;251;4;2.0686224168377723;2.0686224168377723;2.3152418090724987
446;227;4;1.9847955160915658;1.9847955160915658;2.313871311325714
447;187;4;1.796889064446703;1.796889064446703;2.156089505438771
448;220;4;2.1514216950327434;2.1514216950327434;2.459688743476537
449;249;5;2.4345766385024836;2.4345766385024836;2.446266174024506
450;221;4;1.9605044690232774;1.9605044690232774;2.2432830205889647
451;31;6;11.154356900605796;11.154356900605796;5.605788729018296
452;251;4;2.4687207997514107;2.4687207997514107;2.656859810181992
453;237;4;2.4681133055399895;2.4681133055399895;2.588035602318681
454;142;4;3.014087796594199;3.014087796594199;2.959670973318569
455;82;5;3.811598974708978;3.811598974708978;3.4471738246253483
456;253;4;1.917058933929701;1.917058933929701;2.17991798516963
457;121;5;2.363183586799809;2.363183586799809;2.252225345739073
458;226;4;2.078155139141681;2.078155139141681;2.3538661908792897
459;233;4;2.4226100204916787;2.4226100204916787;2.5567860082876908
460;217;4;1.9229397182379357;1.9229397182379357;2.2485423821926394
461;111;5;3.0756468788283957;3.0756468788283957;3.0280976380066655
462;38;6;6.276455517778199;6.276455517778199;4.395648144085297
463;179;4;3.166580270086765;3.166580270086765;2.9003051692868724
464;224;4;2.492213821086365;2.492213821086365;2.527480777247265
465;126;5;2.986199011355337;2.986199011355337;3.0247581089063598
466;247;4;2.5416218742913252;2.5416218742913252;2.6652383635545505
467;51;6;5.187058919178174;5.187058919178174;3.9799857542931085
468;197;4;1.9501868705323595;1.9501868705323595;2.2157219375051325
469;200;4;1.918473314516441;1.918473314516441;2.187834349478689
470;229;4;1.9190718907235509;1.9190718907235509;2.259267789261648
471;10;8;23.37400042727304;23.37400042727304;11.190874227973096
472;229;4;2.001427417914733;2.001427417914733;2.2652691389101665
473;110;5;3.144748573862149;3.144748573862149;3.1138322977038575
474;177;4;1.8527146457624692;1.8527146457624692;2.1541948646546247
475;233;4;2.1180195680377376;2.1180195680377376;2.311671188295484
476;226;4;1.940926259297476;1.940926259297476;2.219718928880676
477;213;4;2.257563796506592;2.257563796506592;2.515346110210097
478;223;4;2.1037153374192283;2.1037153374192283;2.321537132432213
479;239;4;1.9290372363358024;1.9290372363358024;2.251138747199436
480;245;4;2.445022381005854;2.445022381005854;2.5087009588227485
481;49;6;4.736278434779225;4.736278434779225;4.020888384427313
482;124;5;2.9746622391057684;2.9746622391057684;3.0462946589164512
483;164;4;2.9158162917565407;2.9158162917565407;2.948008964483175
484;237;4;2.144632474233867;2.144632474233867;2.4580755358242974
485;232;4;2.370485471865913;2.370485471865913;2.4279914604580966
486;80;6;4.097898102794165;4.097898102794165;3.563268724974818
487;35;6;6.721990255636879;6.721990255636879;4.578020080317783
488;142;4;2.02394429191355;2.02394429191355;2.1957017441552553
489;229;4;1.9141166308141968;1.9141166308141968;2.315434596146875
490;157;4;1.9257409347362586;1.9257409347362586;2.1791054943868096
491;234;4;2.4841625270941563;2.4841625270941563;2.5782883847519766
492;207;4;1.9335257322987314;1.9335257322987314;2.2148288123800612
493;226;4;1.8917076694550474;1.8917076694550474;2.158519324445069
494;110;5;2.597655035460855;2.597655035460855;2.3364243784542946
495;240;4;2.118818593861293;2.118818593861293;2.3849289552961945
496;249;4;2.20719434422949;2.20719434422949;2.4833337488332483
497;201;4;2.326916148695983;2.326916148695983;2.5611056282326223
498;231;4;2.003494649075992;2.003494649075992;2.270454327197999
499;214;4;2.6442790230035667;2.6442790230035667;2.725936848365453
500;239;4;2.3224144108851497;2.3224144108851497;2.4030489891964817
501;89;5;3.770734245887116;3.770734245887116;3.353112152177752
502;293;4;2.10510395431972;2.10510395431972;2.453034214662133
503;148;4;2.7422064754004407;2.7422064754004407;2.9420514688958135
504;51;5;4.053175190493966;4.053175190493966;2.6097468629541734
505;246;4;2.5296006615616795;2.5296006615616795;2.51787029462914
506;254;4;2.3933224361071086;2.3933224361071086;2.4639819604275672
507;244;4;2.1985494557795495;2.1985494557795495;2.3226301826275373
508;77;6;4.122126557128222;4.122126557128222;3.6105272423060613
509;200;4;1.9228073075670524;1.9228073075670524;2.195266695789492
510;226;4;2.5633725683095383;2.5633725683095383;2.65609914399611
511;123;5;2.9441328159038487;2.9441328159038487;3.002827676900142
512;218;4;2.185754922495656;2.185754922495656;2.4728655459737623
513;234;4;1.827262791091524;1.827262791091524;2.1704734514619237
514;211;4;2.101837295999076;2.101837295999076;2.3467905808632725
515;128;5;2.0521312259925395;2.0521312259925395;2.204177370982095
516;180;4;1.7951510806137263;1.7951510806137263;2.138327627693879
517;236;4;2.196618437395254;2.196618437395254;2.444033381035083
518;217;4;2.4824288074041916;2.4824288074041916;2.586525151067231
519;262;5;2.440653792778252;2.440653792778252;2.4618566982180887
520;224;4;1.9663572553448991;1.9663572553448991;2.2200253113338433
521;166;4;2.95894658332142;2.95894658332142;2.9361695642974213
522;81;5;2.912344023119684;2.912344023119684;2.4006624482739536
523;223;4;1.9535704449256637;1.9535704449256637;2.2440803426698928
524;173;4;1.8025939224340362;1.8025939224340362;2.1197417995630743
525;187;4;2.871304695604816;2.871304695604816;2.805603025610642
526;224;4;2.3881315799308234;2.3881315799308234;2.47474255389805
527;242;4;1.9718835142707536;1.9718835142707536;2.198340398967165
528;163;5;1.933465992422827;1.933465992422827;2.165533825116503
529;84;5;3.9401315693053256;3.9401315693053256;3.436027283712192
530;224;4;1.8120277292480607;1.8120277292480607;2.146402753320242
531;253;4;2.3262954217405323;2.3262954217405323;2.5578019657849027
532;217;4;2.771900227829613;2.771900227829613;2.804408757992393
533;212;4;2.716401242693961;2.716401242693961;2.7653198496710543
534;204;4;2.318751373655107;2.318751373655107;2.548523935875821
535;142;5;2.944408507828667;2.944408507828667;2.933363465424879
536;180;4;1.8574141226197416;1.8574141226197416;2.166085983833524
537;269;4;2.181664646301174;2.181664646301174;2.545034934273464
538;168;4;3.020568144993143;3.020568144993143;2.909313034598726
539;173;4;3.115838435666405;3.115838435666405;2.842267501441407
540;232;5;2.4930322723291622;2.4930322723291622;2.5768734998063625
541;230;4;1.832676916301394;1.832676916301394;2.1247459781246114
542;219;4;2.0517283889561226;2.0517283889561226;2.3346512966321336
543;182;4;1.9600157316946158;1.9600157316946158;2.1969972874209454
544;242;4;2.172290101472144;2.172290101472144;2.3328701806455605
545;263;5;2.3863395566426258;2.3863395566426258;2.4698536417287804
546;224;4;2.03794040035275;2.03794040035275;2.359011273827235
547;88;5;3.793656861654035;3.793656861654035;3.343242203611656
548;231;4;1.9935455852366473;1.9935455852366473;2.246780151494617
549;272;5;2.2533856742553287;2.2533856742553287;2.438269226093206
550;154;4;1.9297069889495335;1.9297069889495335;2.1765082804331963
551;249;4;2.2178706819367653;2.2178706819367653;2.3771070344555967
552;251;4;1.892788074329034;1.892788074329034;2.1661188152097455
553;233;4;2.3540384667789027;2.3540384667789027;2.5309825854703685
554;279;4;2.2274607100556474;2.2274607100556474;2.5454122609034036
555;183;4;1.755845507534946;1.755845507534946;2.1186925680074706
556;222;4;1.740920495190432;1.740920495190432;2.0827991979749423
557;276;4;2.2419961456444018;2.2419961456444018;2.556660417348394
558;250;4;1.7780880059603528;1.7780880059603528;2.1615095528066335
559;93;5;3.6921345698948707;3.6921345698948707;3.25489955249668
560;229;4;2.1645260189013737;2.1645260189013737;2.334978418582731
561;157;4;3.1398183743908046;3.1398183743908046;3.0306907249819073
562;235;4;2.1101570387203;2.1101570387203;2.4117021846160607
563;221;4;2.2352621183307497;2.2352621183307497;2.533506198141961
564;227;4;2.0916520691302516;2.0916520691302516;2.374544209186074
565;151;4;2.8404550115552927;2.8404550115552927;2.979530127414784
566;213;4;2.046003401205812;2.046003401205812;2.325862814590069
567;227;5;2.528200965391189;2.528200965391189;2.579314365884028
568;216;5;2.6616952116582104;2.6616952116582104;2.643093987995267
569;224;4;1.8869608930946382;1.8869608930946382;2.289036808170254
570;187;4;3.024077230065321;3.024077230065321;2.8113629079190896
571;232;4;2.1674782449586067;2.1674782449586067;2.352179193245064
572;233;4;2.1637121678992726;2.1637121678992726;2.4106286426350554
573;83;5;2.8901475268870627;2.8901475268870627;2.4111011178906687
574;172;5;1.8940200390953987;1.8940200390953987;2.1484749250657296
575;303;4;2.1058514895751315;2.1058514895751315;2.501211041779649
576;153;4;3.132631085305195;3.132631085305195;3.086972943718376
577;193;4;2.9696602289166663;2.9696602289166663;2.8054623478037133
578;244;4;2.108408377474403;2.108408377474403;2.4104109381159744
579;211;4;2.6473630857275037;2.6473630857275037;2.7476042096997952
580;86;5;3.829077033104849;3.829077033104849;3.3957468495974625
581;218;4;1.8413614385274308;1.8413614385274308;2.2194468204303486
582;241;4;2.2005817798262006;2.2005817798262006;2.424095658672837
583;205;4;2.3134296286293154;2.3134296286293154;2.5408973836482227
584;150;4;2.869404724125636;2.869404724125636;3.002192800633586
585;218;4;2.180880515112206;2.180880515112206;2.52214659048007
586;242;4;2.4022375743817896;2.4022375743817896;2.5463390800759313
587;219;5;2.6734776243579903;2.6734776243579903;2.623855757273784
588;220;4;1.8882880776552826;1.8882880776552826;2.3034450724071114
589;220;4;2.060596153747035;2.060596153747035;2.352050673692331
590;296;4;2.1999694043168883;2.1999694043168883;2.4655839200668788
591;218;4;2.108862460457373;2.108862460457373;2.3479195004520683
592;214;4;1.9021698865301038;1.9021698865301038;2.3015547683967124
593;192;4;2.9788083474490312;2.9788083474490312;2.812403202897828
594;216;4;1.9831814350985366;1.9831814350985366;2.276971538664249
595;202;4;1.918847144324086;1.918847144324086;2.2024490749612617
596;210;5;2.798418433699064;2.798418433699064;2.6582262387818365
597;128;5;2.0527347270740606;2.0527347270740606;2.2060446253441555
598;156;4;1.9156541274262753;1.9156541274262753;2.173821433104434
599;252;4;2.23694312892093;2.23694312892093;2.408029977650504
600;223;4;2.4298339566727503;2.4298339566727503;2.545683035492329
601;244;4;1.8043600066135197;1.8043600066135197;2.1679131421643674
602;170;5;1.90595360261301;1.90595360261301;2.1565169127872155
603;247;4;2.1892503458223422;2.1892503458223422;2.4467197401763188
604;32;6;8.12159314197073;8.12159314197073;4.798818804293217
605;70;5;3.1636161867336257;3.1636161867336257;2.4489562993947898
606;221;4;2.191418727858556;2.191418727858556;2.346619626588646
607;221;4;1.9517493752088046;1.9517493752088046;2.289902885085075
608;226;4;2.547162537062201;2.547162537062201;2.5261838963452568
609;274;4;2.0855666065716454;2.0855666065716454;2.465199011428844
610;226;4;1.974664647194568;1.974664647194568;2.2426820780954473
611;210;5;2.854728120394407;2.854728120394407;2.6963725884846386
612;227;4;2.3948488529169434;2.3948488529169434;2.482634792309235
613;219;4;2.0399694730886817;2.0399694730886817;2.3640479448458533
614;220;4;2.132173395059602;2.132173395059602;2.445280038477599
615;155;4;1.9212687752781963;1.9212687752781963;2.1771821968594294
616;256;4;2.0188628396739032;2.0188628396739032;2.4240541341776893
617;251;4;2.1743958479695076;2.1743958479695076;2.376601735547242
618;214;4;2.651053215120593;2.651053215120593;2.757815603661588
619;220;4;1.9628894337368237;1.9628894337368237;2.2629748574611885
620;256;4;2.2460829540615834;2.2460829540615834;2.511452239310002
621;148;4;2.753928156741778;2.753928156741778;2.9572751117173484
622;225;4;2.0631013845857593;2.0631013845857593;2.3109794370440913
623;290;4;2.211240507145006;2.211240507145006;2.498074567609125
624;239;4;2.1091920656942347;2.1091920656942347;2.4035359770227855
625;128;5;2.2174332522164044;2.2174332522164044;2.2474344708906977
626;167;5;1.9375313124936755;1.9375313124936755;2.1891078952931307
627;218;4;1.7887394739532634;1.7887394739532634;2.155629272128993
628;121;5;3.039363971391158;3.039363971391158;3.0167513026758987
629;234;4;2.2230010708697936;2.2230010708697936;2.442375129682596
630;237;4;1.9270544354237458;1.9270544354237458;2.197465363367306
631;212;4;1.9832920172306059;1.9832920172306059;2.1949319776914202
632;254;4;1.8051936526100727;1.8051936526100727;2.1549485768680605
633;41;6;6.408828686075506;6.408828686075506;4.443768294561273
634;268;4;2.2124705188407354;2.2124705188407354;2.562164577540552
635;224;4;2.294917462157193;2.294917462157193;2.387777399639376
636;249;4;2.3622751951791745;2.3622751951791745;2.5451943728857787
637;55;6;5.118651713255566;5.118651713255566;3.860651339548741
638;56;6;4.936434591751424;4.936434591751424;3.8585053729652845
639;201;4;1.9900602582305724;1.9900602582305724;2.236119803602312
640;217;4;2.108278463272847;2.108278463272847;2.288609836370336
641;225;4;1.8261804270104038;1.8261804270104038;2.1124923593786256
642;225;4;2.0353534236312005;2.0353534236312005;2.4430376917216727
643;229;5;2.568557319256803;2.568557319256803;2.609280949358009
644;272;4;2.1928855375271583;2.1928855375271583;2.5577833194190434
645;220;4;2.06612809269432;2.06612809269432;2.3748655818454782
646;90;5;3.6504890685931994;3.6504890685931994;3.2861984967193814
647;232;4;2.0863142447215965;2.0863142447215965;2.299525554705716
648;222;4;2.3362977680072405;2.3362977680072405;2.4704135754777523
649;252;4;2.4527576362426124;2.4527576362426124;2.670611721144358
650;316;4;2.161344589996331;2.161344589996331;2.4980406802614854
651;140;5;2.0213410170443216;2.0213410170443216;2.2052972903357975
652;249;4;2.1716162568520274;2.1716162568520274;2.4422000417889516
653;253;4;2.3745456458071224;2.3745456458071224;2.574625208721147
654;231;4;2.2419824507200334;2.2419824507200334;2.460831327785302
655;263;4;2.3603587969171924;2.3603587969171924;2.556380496562078
656;233;4;2.1988417760019363;2.1988417760019363;2.4279222109174983
657;255;4;1.8819320322434376;1.8819320322434376;2.176655399052464
658;163;4;2.8932641887290336;2.8932641887290336;2.9239657683180043
659;232;4;2.392055911895564;2.392055911895564;2.5552373945606055
660;248;4;1.9401551884662387;1.9401551884662387;2.1766229250432056
661;226;4;1.940618795346176;1.940618795346176;2.2086317228877266
662;244;4;2.451580415415851;2.451580415415851;2.4860267896359396
663;165;4;2.959133759474853;2.959133759474853;2.9721002754131205
664;233;4;1.8216026496168047;1.8216026496168047;2.1109996088871403
665;132;5;2.0904140050413873;2.0904140050413873;2.215517256442416
666;241;4;2.5327794157670054;2.5327794157670054;2.515089893602406
667;215;4;1.999476803438656;1.999476803438656;2.302781617145476
668;219;4;2.0358206947480344;2.0358206947480344;2.3729245480821324
669;224;4;2.4594082230354664;2.4594082230354664;2.5952599368023233
670;149;4;2.8169317941881116;2.8169317941881116;2.936849949643738
671;224;4;2.2660137413589756;2.2660137413589756;2.5321123250334074
672;109;5;2.6404954615075122;2.6404954615075122;2.3406851315154666
673;166;4;2.0071190181289595;2.0071190181289595;2.202240656581145
674;122;5;2.2009715916073023;2.2009715916073023;2.219958663536116
675;9;7;27.036734243212244;27.036734243212244;12.675027627837263
676;232;4;2.0459781041076184;2.0459781041076184;2.2455581062845997
677;252;4;2.25551415550967;2.25551415550967;2.4944577186313466
678;240;4;2.2041101175408695;2.2041101175408695;2.319207119876347
679;275;4;2.2073421561817876;2.2073421561817876;2.5631434833066438
680;115;5;3.1040540109749113;3.1040540109749113;3.035421223822611
681;115;5;3.1580515317371836;3.1580515317371836;3.0687401469059497
682;75;5;2.9328853817338043;2.9328853817338043;2.412940399213636
683;243;4;2.222857412804237;2.222857412804237;2.448322679724087
684;248;4;2.0082592217769277;2.0082592217769277;2.243591696111633
685;235;4;2.112122341258606;2.112122341258606;2.267629630957046
686;230;4;1.7190247196990207;1.7190247196990207;2.0725667369935863
687;82;5;3.7534266306328368;3.7534266306328368;3.449325612701511
688;291;4;2.089387210886127;2.089387210886127;2.491130885885993
689;245;4;2.175287935473009;2.175287935473009;2.4376276693982057
690;253;4;2.2417694312743937;2.2417694312743937;2.5627518929919457
691;222;4;1.9679367687910483;1.9679367687910483;2.294712905452148
692;206;4;2.265536176264901;2.265536176264901;2.529923810269002
693;239;4;2.1650202613193468;2.1650202613193468;2.4568652309720878
694;207;4;2.8875379634292884;2.8875379634292884;2.6887785143215543
695;294;4;2.2466948095153887;2.2466948095153887;2.54002002015324
696;124;5;2.977656484993862;2.977656484993862;2.980958480267258
697;253;4;2.507145395352652;2.507145395352652;2.4999358029037095
698;256;4;2.125227092200421;2.125227092200421;2.4573834910590024
699;94;5;3.6358941758255554;3.6358941758255554;3.213082477230127
700;235;4;1.8467768396760849;1.8467768396760849;2.154522868022956
701;219;4;1.8037272882994526;1.8037272882994526;2.205659205836959
702;217;4;2.023162417665591;2.023162417665591;2.3315586661612713
703;241;4;2.6328153859735326;2.6328153859735326;2.586255793465902
704;132;5;2.0194435636831636;2.0194435636831636;2.197335568506838
705;233;4;1.892754467676357;1.892754467676357;2.234425819940812
706;58;5;3.820098829373332;3.820098829373332;2.558860400911874
707;242;4;2.171710758924147;2.171710758924147;2.4156304245818774
708;191;4;2.8891189925779783;2.8891189925779783;2.8155238499085167
709;179;4;3.134615766325453;3.134615766325453;2.834351840884223
710;228;4;2.1393145774935376;2.1393145774935376;2.402321180697846
711;240;4;2.1168194262130786;2.1168194262130786;2.4046757272124797
712;146;4;2.008304465513471;2.008304465513471;2.2037783106983024
713;224;4;1.9717479348787228;1.9717479348787228;2.225613968975217
714;256;4;2.2377710158701185;2.2377710158701185;2.4025084661842926
715;192;4;3.0163259962208846;3.0163259962208846;2.80890554746373
716;204;4;1.9279688724350932;1.9279688724350932;2.206930241424619
717;250;4;2.262307272010616;2.262307272010616;2.3354312312486027
718;237;4;2.5767272420531886;2.5767272420531886;2.554832375072114
719;252;4;2.175615477984817;2.175615477984817;2.3709927898411163
720;215;4;2.011755452760388;2.011755452760388;2.3240713146291663
721;255;4;2.1929769112375816;2.1929769112375816;2.3252449796818504
722;220;4;2.073767471282909;2.073767471282909;2.3279830475549805
723;219;4;2.1155516048565124;2.1155516048565124;2.2945719946233956
724;231;4;2.487768523833171;2.487768523833171;2.520354471579685
725;291;4;2.177413663283074;2.177413663283074;2.4522713736990887
726;253;4;2.2747607523342457;2.2747607523342457;2.4869381414118585
727;221;4;1.7614648632375904;1.7614648632375904;2.086535453233831
728;48;6;4.80228369506791;4.80228369506791;3.9273272605002356
729;227;4;2.4593752185088267;2.4593752185088267;2.5179479072907562
730;244;4;2.4362933871125225;2.4362933871125225;2.581850877591792
731;246;4;1.7785730814959504;1.7785730814959504;2.1586575488877444
732;223;4;2.088030609544908;2.088030609544908;2.2754120122695944
733;220;4;2.6809952520893945;2.6809952520893945;2.739140238872576
734;220;4;1.8288409246509068;1.8288409246509068;2.214432652977879
735;233;4;2.0701348461969538;2.0701348461969538;2.263775371251555
736;217;4;2.095573379438218;2.095573379438218;2.394661935946029
737;220;4;2.0922254389431774;2.0922254389431774;2.435742267444205
738;231;4;2.252641243368207;2.252641243368207;2.5170070678118592
739;222;4;2.6424012348056394;2.6424012348056394;2.7123915235863842
740;136;5;3.1118413734931942;3.1118413734931942;3.006845765199149
741;149;4;1.9747598658725436;1.9747598658725436;2.176186520700908
742;239;4;2.342318491176629;2.342318491176629;2.395980812664326
743;62;6;4.733115830621761;4.733115830621761;3.7360756035639526
744;223;4;2.4589421777598575;2.4589421777598575;2.5727534314983447
745;223;4;1.7634166070920556;1.7634166070920556;2.179206651157146
746;219;5;2.561745300921041;2.561745300921041;2.5800162821441592
747;185;4;3.185707025706874;3.185707025706874;2.919876321254014
748;248;5;2.441233144294284;2.441233144294284;2.44569183439855
749;218;4;2.526678661672498;2.526678661672498;2.6111695449230816
750;111;5;2.951254661609326;2.951254661609326;2.9632362331951705
751;134;5;1.9760530534259622;1.9760530534259622;2.1940918494510355
752;210;4;2.7425531566524928;2.7425531566524928;2.772879249418228
753;251;4;2.5189509261792846;2.5189509261792846;2.574949457641485
754;212;4;2.0620731270452763;2.0620731270452763;2.44834758093849
755;269;4;2.1292999270516137;2.1292999270516137;2.457916129962127
756;248;4;2.111298219033019;2.111298219033019;2.249071815689213
757;229;4;2.174533843177864;2.174533843177864;2.358049818023729
758;234;4;2.214736466230593;2.214736466230593;2.399254390681561
759;259;4;2.274248810493599;2.274248810493599;2.571678184915177
760;165;4;2.889992611239166;2.889992611239166;2.9365551362869113
761;153;4;1.919256030568587;1.919256030568587;2.161235270136434
762;56;6;4.854009969826374;4.854009969826374;3.73086364099361
763;246;4;2.1143930792815704;2.1143930792815704;2.4154515623481583
764;56;6;4.860146158479231;4.860146158479231;3.7983301171768686
765;183;4;1.7458093713487532;1.7458093713487532;2.1160945305735472
766;172;4;3.1092444832904915;3.1092444832904915;2.8347664979729483
767;216;4;1.9418865732443893;1.9418865732443893;2.2889872195264043
768;223;4;1.9511886963542184;1.9511886963542184;2.277710785413915
769;190;4;2.0791652793371003;2.0791652793371003;2.276734490159805
770;240;4;2.213574194615915;2.213574194615915;2.3324833455781024
771;7;5;45.94502726893388;45.94502726893388;13.364543625016475
772;223;4;1.9605068790784;1.9605068790784;2.2904617095910726
773;218;4;2.265925528643021;2.265925528643021;2.478747456614829
774;3;6;124.13142301472435;124.13142301472435;8.653078211211447
775;30;5;5.680205584948596;5.680205584948596;2.7723198681144385
776;239;4;2.181338415914447;2.181338415914447;2.312382375563293
777;230;4;1.7392816403811244;1.7392816403811244;2.0884522468580404
778;258;4;2.2464996703402975;2.2464996703402975;2.550471050507218
779;188;4;2.9113752106918276;2.9113752106918276;2.825440523656251
780;223;4;1.9493940923627329;1.9493940923627329;2.2329140856894725
781;180;4;1.8377630590117267;1.8377630590117267;2.1567882119732618
782;313;4;2.1681934006458;2.1681934006458;2.5090123051914897
783;233;4;1.7923966053283353;1.7923966053283353;2.1156078188416005
784;133;5;2.9088268202020053;2.9088268202020053;2.934317171499392
785;231;4;2.226611312305179;2.226611312305179;2.442123048109831
786;215;4;2.0676622651941123;2.0676622651941123;2.318911603577934
787;201;4;1.9368645888280638;1.9368645888280638;2.2038753201012264
788;225;4;2.1254723673923195;2.1254723673923195;2.4675490457135454
789;168;5;1.867850798870905;1.867850798870905;2.1507558871073273
790;254;4;2.0833152822346435;2.0833152822346435;2.319985627496195
791;231;4;2.192318321560438;2.192318321560438;2.3073084055654247
792;99;5;2.6816625732994903;2.6816625732994903;2.318614106902374
793;218;4;2.0319007733490153;2.0319007733490153;2.281165859862659
794;253;4;2.383382019970239;2.383382019970239;2.6126390736203744
795;64;5;3.3754198332490932;3.3754198332490932;2.4913608604054938
796;257;4;2.1303849652328344;2.1303849652328344;2.458981001512655
797;127;5;3.188386457710573;3.188386457710573;3.0704660740135084
798;233;4;2.384567994774227;2.384567994774227;2.5063981358860916
799;215;4;1.8062445667879574;1.8062445667879574;2.1614080459237615
