Skewness: 0.0, Average LID: LPCA: 4.35375  |||  MLE: 2.5673760586165963  |||  MLENB: 2.5673760586165963  |||  TLE: 2.5617355346968638
LPCA: -0.13450829659147812  |||  MLE: -0.42206870910618316  |||  MLENB: -0.42206870910618316  |||  TLE: -0.5527717099023606
node;in_degree;local_intrinsic_dimensionality_LPCA;local_intrinsic_dimensionality_MLE;local_intrinsic_dimensionality_MLENB;local_intrinsic_dimensionality_TLE
0;95;5;2.4912720472886427;2.4912720472886427;2.623269579567996
1;140;4;1.7496332159670904;1.7496332159670904;2.1355993618789877
2;118;4;2.1730188018181504;2.1730188018181504;2.239071607603309
3;112;4;2.3110773974293903;2.3110773974293903;2.688278885801518
4;120;5;1.9121901060624669;1.9121901060624669;2.159605227580651
5;110;4;2.0909446151203066;2.0909446151203066;2.3917736923348474
6;108;5;1.9467288179165732;1.9467288179165732;2.211612548620029
7;41;4;2.962453947304018;2.962453947304018;2.647242890044776
8;108;6;2.371991820418766;2.371991820418766;2.394029629285205
9;124;4;2.1546417035940832;2.1546417035940832;2.4251889439601926
10;55;5;3.6337417652910577;3.6337417652910577;3.1524779132135765
11;116;4;1.7608246686596658;1.7608246686596658;2.0930231920642726
12;63;5;2.9751027505704633;2.9751027505704633;3.0113103696663908
13;94;4;2.266677736967313;2.266677736967313;2.540176588309073
14;81;5;1.9321784857669484;1.9321784857669484;2.2795647605993383
15;89;4;2.299364436205572;2.299364436205572;2.6438560238387985
16;47;4;3.11691658073945;3.11691658073945;2.669330833918113
17;110;4;2.222622986099671;2.222622986099671;2.4994659600198514
18;113;5;2.0479028755301267;2.0479028755301267;2.2340103938017695
19;93;4;2.290418191105909;2.290418191105909;2.4631713072735275
20;101;4;2.5654768839247146;2.5654768839247146;2.657059086395384
21;115;4;2.004287975320673;2.004287975320673;2.189853786015485
22;82;4;2.329882458510539;2.329882458510539;2.6096825132969257
23;108;4;2.5155547482559917;2.5155547482559917;2.649238147066602
24;95;4;2.332714185640929;2.332714185640929;2.491412027196582
25;63;4;2.8605390698609217;2.8605390698609217;2.6102799333847826
26;107;4;2.84127565344116;2.84127565344116;2.7292492161495843
27;100;4;2.585817351772106;2.585817351772106;2.719770324562476
28;123;5;2.0202486875578503;2.0202486875578503;2.3587934040650578
29;31;5;3.999016491996379;3.999016491996379;3.470668339433271
30;111;5;2.0907704597844328;2.0907704597844328;2.5423431250318713
31;127;4;2.2912255621007245;2.2912255621007245;2.558227984614771
32;82;4;2.5117747225172744;2.5117747225172744;2.73117335967104
33;107;4;2.398612913432096;2.398612913432096;2.5799188424595094
34;101;4;2.640894933850903;2.640894933850903;2.7215023842278314
35;113;5;2.2805689203929598;2.2805689203929598;2.568189090529778
36;102;4;2.303073753220813;2.303073753220813;2.5274491831694794
37;86;5;2.652527798428082;2.652527798428082;2.5777409234101007
38;118;5;2.1797453031254617;2.1797453031254617;2.3660363426447
39;128;4;2.376244943563715;2.376244943563715;2.535603452654487
40;94;3;3.075651028783584;3.075651028783584;2.911008462380451
41;91;4;1.838138353848614;1.838138353848614;2.2521512218967894
42;111;5;1.8098400938081387;1.8098400938081387;2.1774539571907185
43;105;4;2.401389822624649;2.401389822624649;2.64842289351552
44;38;4;2.8522944650825774;2.8522944650825774;2.628921521162578
45;26;4;4.136138614774213;4.136138614774213;2.829512002291962
46;101;4;2.2425271733663696;2.2425271733663696;2.6095785079992377
47;111;5;2.255442894619189;2.255442894619189;2.4639420538221177
48;102;4;2.0307077995184626;2.0307077995184626;2.4144543617488736
49;101;5;2.131279473175616;2.131279473175616;2.432964274498073
50;104;4;2.4161726979408424;2.4161726979408424;2.669280842402341
51;118;4;1.9809084677612905;1.9809084677612905;2.203587784445755
52;93;4;2.6658961221296957;2.6658961221296957;2.7818454108717177
53;105;4;2.1712896534480532;2.1712896534480532;2.57547891372417
54;119;4;1.6492181809449518;1.6492181809449518;2.077762884506916
55;46;4;3.025420464992897;3.025420464992897;2.7007683204558575
56;85;4;2.177682677166486;2.177682677166486;2.572409624199581
57;68;5;2.787328973741642;2.787328973741642;3.047045288704037
58;93;5;2.4806040341556392;2.4806040341556392;2.5849773768717847
59;89;5;1.9342957613310119;1.9342957613310119;2.178791003201094
60;39;5;3.775422328019047;3.775422328019047;3.28748916540019
61;47;5;3.3954587206631066;3.3954587206631066;3.126223767460277
62;40;5;3.098023081358565;3.098023081358565;3.1045821374583964
63;110;4;1.9168492361276315;1.9168492361276315;2.1860028695062184
64;106;4;2.625054875960839;2.625054875960839;2.5889681714675943
65;143;4;1.6746941418109162;1.6746941418109162;2.0879923365551787
66;119;5;2.1186947078362994;2.1186947078362994;2.4872684923879484
67;124;4;2.1318478678790016;2.1318478678790016;2.2869232866240097
68;133;5;2.042985520477791;2.042985520477791;2.259902054522796
69;126;4;1.8979538315919195;1.8979538315919195;2.2431483805491523
70;90;4;1.9364217475759158;1.9364217475759158;2.390218759162431
71;90;4;2.2334070169749096;2.2334070169749096;2.620676263319407
72;110;4;2.3636589546162305;2.3636589546162305;2.454414329478702
73;28;4;3.4241281069603526;3.4241281069603526;2.7099904099340875
74;115;4;2.3635848640790442;2.3635848640790442;2.410480057237295
75;107;4;1.9074703130068489;1.9074703130068489;2.3874685641750317
76;98;4;2.418683257839174;2.418683257839174;2.5895735040521553
77;109;4;2.4616961565015667;2.4616961565015667;2.46849170339479
78;93;5;2.3218178028319705;2.3218178028319705;2.5841116419495846
79;115;6;1.902939277522863;1.902939277522863;2.2053364109488665
80;100;4;2.3228617573141235;2.3228617573141235;2.5243409689540335
81;40;5;3.208809473157315;3.208809473157315;3.197941628929787
82;84;4;2.307617370350443;2.307617370350443;2.6003582743276628
83;49;4;3.159537003130688;3.159537003130688;2.6879560114535184
84;108;4;1.9698685244764178;1.9698685244764178;2.213263811900287
85;112;4;2.0068863365449445;2.0068863365449445;2.290291829021586
86;116;5;1.9177996786848255;1.9177996786848255;2.2280315004862143
87;121;5;2.0087475810707955;2.0087475810707955;2.2866078483496546
88;94;4;2.3006724992780967;2.3006724992780967;2.583723504658868
89;107;5;2.095339384157219;2.095339384157219;2.4889409540685583
90;102;4;2.868844755065148;2.868844755065148;2.880314174826805
91;110;5;1.7790678913205957;1.7790678913205957;2.1716795538666447
92;109;5;1.9304369511485298;1.9304369511485298;2.2096318581382226
93;93;4;1.8769200579537488;1.8769200579537488;2.327369813648391
94;97;4;2.5776541997481797;2.5776541997481797;2.69407169362874
95;111;5;2.2773201961208565;2.2773201961208565;2.509380083104228
96;88;4;1.9597173609804324;1.9597173609804324;2.3936201555676817
97;102;4;2.2565506711777568;2.2565506711777568;2.53153760262602
98;92;4;2.4923852137061697;2.4923852137061697;2.6657962546049476
99;135;4;1.7049926978884413;1.7049926978884413;2.1109923089288216
100;56;5;3.62151035175642;3.62151035175642;3.173181883899818
101;102;4;2.413830082317559;2.413830082317559;2.5184434214027447
102;93;4;1.864356433383585;1.864356433383585;2.328891374225377
103;108;4;2.2521744973973976;2.2521744973973976;2.5445541649328347
104;100;5;2.3148988632409013;2.3148988632409013;2.530822435876387
105;113;4;2.3211972588484553;2.3211972588484553;2.690995476621625
106;114;5;2.2856943771972604;2.2856943771972604;2.539824401862788
107;115;5;2.086899946237052;2.086899946237052;2.4926277476633114
108;10;7;11.571863240738697;11.571863240738697;5.9617825819786425
109;103;4;2.214720564642293;2.214720564642293;2.4725262681504456
110;109;4;2.0347412726611007;2.0347412726611007;2.4101148205169065
111;146;4;1.893502357948289;1.893502357948289;2.221387512457976
112;121;5;2.5271678078295365;2.5271678078295365;2.5432471941579053
113;110;4;2.2945671826005265;2.2945671826005265;2.6670345754422873
114;107;4;2.6961211158291025;2.6961211158291025;2.7516004462615435
115;112;4;2.2491052007318046;2.2491052007318046;2.449682660250801
116;103;5;2.0665339167789;2.0665339167789;2.4095481968518233
117;95;4;1.8658810912004011;1.8658810912004011;2.330485151363507
118;77;4;2.3423852525804976;2.3423852525804976;2.412055818937952
119;119;5;2.0326792508309985;2.0326792508309985;2.2965991397021033
120;107;4;2.4371510077188936;2.4371510077188936;2.6352812186853525
121;114;5;2.2471957348707887;2.2471957348707887;2.374839476683445
122;123;5;2.497702329596654;2.497702329596654;2.5560779577326658
123;83;4;2.2705104070701947;2.2705104070701947;2.59132752992342
124;82;4;2.254143219134031;2.254143219134031;2.58151707221836
125;100;4;2.521422725740442;2.521422725740442;2.567161987075954
126;112;5;1.8417192455141327;1.8417192455141327;2.1210229183886984
127;100;4;1.9730501528068891;1.9730501528068891;2.1728493748552595
128;108;4;2.069818270693678;2.069818270693678;2.3044048734799105
129;66;4;2.8673922792469155;2.8673922792469155;2.6331515536009387
130;106;4;2.5440851802930564;2.5440851802930564;2.7135624122885753
131;121;5;2.0224070450197162;2.0224070450197162;2.3351654797849353
132;109;4;2.3411162432385897;2.3411162432385897;2.5031892267073435
133;112;4;2.1206233365592357;2.1206233365592357;2.3853116016967366
134;91;4;2.7784150574286928;2.7784150574286928;2.8820206287125187
135;101;4;2.307165561591621;2.307165561591621;2.5046637415933852
136;94;4;2.426179354691554;2.426179354691554;2.6450336854978853
137;10;7;11.214111446117885;11.214111446117885;5.645866155054319
138;115;5;2.0894798157746424;2.0894798157746424;2.321347205183908
139;107;4;2.310141753839647;2.310141753839647;2.7112215720373
140;109;4;1.9603978831944706;1.9603978831944706;2.2256159667409428
141;106;5;2.493075846720137;2.493075846720137;2.595315314232931
142;72;5;2.9547899557738995;2.9547899557738995;2.850341486057741
143;124;4;2.1983206787443845;2.1983206787443845;2.4820641467410685
144;110;5;2.0761455956068664;2.0761455956068664;2.2638822494090425
145;76;5;2.0464218001509407;2.0464218001509407;2.347601028833628
146;116;5;1.9764072048472665;1.9764072048472665;2.2654298672552367
147;131;4;2.332439636109176;2.332439636109176;2.5429548583462465
148;76;5;1.927924614700738;1.927924614700738;2.278374362908802
149;23;4;4.335587526886193;4.335587526886193;2.841331088858658
150;90;4;1.973058268201911;1.973058268201911;2.4075458310182007
151;84;4;2.3790539432651423;2.3790539432651423;2.6558489496648043
152;104;4;2.4534226790129665;2.4534226790129665;2.541907446162753
153;102;4;2.892150371640353;2.892150371640353;2.883657731814316
154;104;4;1.968601780798632;1.968601780798632;2.1765356426877185
155;124;5;1.9544948777237448;1.9544948777237448;2.3327659470213384
156;107;4;2.0661798106296425;2.0661798106296425;2.266815168167756
157;42;5;3.2134570551678605;3.2134570551678605;3.146974728893426
158;80;5;2.7280324991628717;2.7280324991628717;2.741649340232719
159;123;4;2.0758188978615726;2.0758188978615726;2.3786651999491824
160;104;5;2.3266239948931497;2.3266239948931497;2.5092355910973096
161;116;5;1.9317109161207429;1.9317109161207429;2.238532117614532
162;106;4;2.3470382825761242;2.3470382825761242;2.6256742520954197
163;113;6;2.0488572488040044;2.0488572488040044;2.2734973713616773
164;104;4;2.651038858701503;2.651038858701503;2.7490676025121177
165;108;5;1.8585375210511472;1.8585375210511472;2.111908425885007
166;96;4;2.9710577569560557;2.9710577569560557;2.873119115500159
167;85;5;2.7524749246692606;2.7524749246692606;2.693526864168453
168;91;4;1.9344100953266603;1.9344100953266603;2.167231527854768
169;121;4;2.0416130112459716;2.0416130112459716;2.219740610549016
170;113;5;1.8440527263844309;1.8440527263844309;2.143853855436467
171;96;4;2.333909842642565;2.333909842642565;2.5041904560718216
172;105;5;2.0786324522612745;2.0786324522612745;2.3934191891307925
173;90;4;2.3895815340964623;2.3895815340964623;2.750885442355401
174;133;5;2.087947061890496;2.087947061890496;2.489807474424088
175;113;4;1.7386717291768168;1.7386717291768168;2.035304458974477
176;115;5;1.8329308731069789;1.8329308731069789;2.200463055454663
177;110;4;2.294388491241199;2.294388491241199;2.5760085792263143
178;95;5;2.2903757736170944;2.2903757736170944;2.5815769919673195
179;105;4;2.414675620739814;2.414675620739814;2.688377608512195
180;120;4;1.8965328070071494;1.8965328070071494;2.1598339064017975
181;138;4;1.7312636086860869;1.7312636086860869;2.1281118762099025
182;101;4;2.4060950215136074;2.4060950215136074;2.5487977496251117
183;75;4;2.102084732800302;2.102084732800302;2.373005099964892
184;107;5;1.7583622365898255;1.7583622365898255;2.1384269687430684
185;53;4;3.1046708222655433;3.1046708222655433;2.682328792427433
186;92;4;1.8367650165942202;1.8367650165942202;2.2398162884841115
187;117;6;1.8695487515164313;1.8695487515164313;2.1919998332818653
188;129;5;2.078684086550565;2.078684086550565;2.4766382513789456
189;99;4;2.0797050589833384;2.0797050589833384;2.376494032746123
190;111;4;1.939546213837325;1.939546213837325;2.3507356904528494
191;122;4;2.0023634476960597;2.0023634476960597;2.185805962101186
192;93;4;2.5361009218293793;2.5361009218293793;2.770910982628001
193;126;5;2.1839768548590968;2.1839768548590968;2.3581421467147594
194;104;4;2.1198747669858893;2.1198747669858893;2.339638491405069
195;86;4;2.308751618795371;2.308751618795371;2.6453237222623613
196;108;4;2.435476789701381;2.435476789701381;2.5888484364249575
197;113;5;2.4565399068704767;2.4565399068704767;2.491584786415762
198;92;5;2.0600276308541865;2.0600276308541865;2.250487449133575
199;103;4;2.1945309797580665;2.1945309797580665;2.46517747885693
200;94;4;2.205572099746622;2.205572099746622;2.5813009598661916
201;108;4;2.061136314495361;2.061136314495361;2.356090083343759
202;90;4;2.1478539892830097;2.1478539892830097;2.5037793372361867
203;98;4;2.253566199026237;2.253566199026237;2.537949709913697
204;98;4;2.34659323973348;2.34659323973348;2.6158539904598377
205;101;4;2.238935873463796;2.238935873463796;2.6108516172622585
206;99;4;2.5911753142546154;2.5911753142546154;2.626410816952875
207;103;4;2.2813670051583945;2.2813670051583945;2.4797852835529532
208;109;5;1.91523906231982;1.91523906231982;2.1628001818915448
209;120;5;2.083205888999727;2.083205888999727;2.246961635870011
210;104;4;2.537490201768218;2.537490201768218;2.6480004934604184
211;37;4;2.8567063510981345;2.8567063510981345;2.623727423248858
212;93;5;2.2732742241186776;2.2732742241186776;2.345794941940429
213;103;4;2.2736621454834274;2.2736621454834274;2.5215335583433363
214;118;4;1.8796562555870078;1.8796562555870078;2.1446760581304596
215;116;4;2.3910265430363977;2.3910265430363977;2.579923484683139
216;119;4;1.827422921759515;1.827422921759515;2.155348952164553
217;91;4;2.4053704913255816;2.4053704913255816;2.562577705746016
218;122;5;2.137077524875067;2.137077524875067;2.350507335931407
219;89;4;2.387384689388952;2.387384689388952;2.6759426256405323
220;108;4;2.07116031207161;2.07116031207161;2.3942779647155565
221;81;5;2.779186594849038;2.779186594849038;2.7062797230952684
222;89;4;2.1310187051434206;2.1310187051434206;2.4822505631407132
223;98;5;2.414746334510368;2.414746334510368;2.554130687296234
224;90;4;2.242649312554758;2.242649312554758;2.551630032439079
225;108;4;2.2149537711041374;2.2149537711041374;2.5511276942960524
226;141;4;1.730123418015609;1.730123418015609;2.1085600829646425
227;115;4;1.9008549348549835;1.9008549348549835;2.1794521240813793
228;67;5;2.9201777557844975;2.9201777557844975;3.0379615553925143
229;92;4;1.9783806274860263;1.9783806274860263;2.2027974588292656
230;92;4;1.840514266858297;1.840514266858297;2.266140473306162
231;118;5;2.03904683411195;2.03904683411195;2.519459436761261
232;100;5;2.3453101732740813;2.3453101732740813;2.531852813021833
233;104;4;2.350641448458164;2.350641448458164;2.5309011128390626
234;110;4;2.0801624099830485;2.0801624099830485;2.402176518430436
235;88;4;2.5089957806029553;2.5089957806029553;2.581845138115487
236;36;4;3.0657884416458816;3.0657884416458816;2.6500790317562224
237;89;4;2.2531523828412663;2.2531523828412663;2.6118730731209876
238;98;4;2.446345357006242;2.446345357006242;2.605524907941179
239;139;4;1.6901168927150778;1.6901168927150778;2.1052221723581614
240;108;5;2.007393198797074;2.007393198797074;2.4813234346591595
241;118;5;2.080259009604225;2.080259009604225;2.3166089938453918
242;139;4;1.6645796542524989;1.6645796542524989;2.101852053169168
243;145;4;1.696202905222468;1.696202905222468;2.099879781892533
244;100;4;2.2802617365761786;2.2802617365761786;2.492385454223455
245;116;4;1.6499653764752027;1.6499653764752027;2.0826278429603913
246;109;5;1.9996814684019035;1.9996814684019035;2.2102911214057457
247;99;4;2.0296043475723313;2.0296043475723313;2.3664064387233363
248;23;4;5.4975455236177835;5.4975455236177835;2.9582664296826713
249;93;5;2.3551447875958713;2.3551447875958713;2.5043664292508536
250;80;4;2.4212658332733468;2.4212658332733468;2.6172104013865716
251;116;5;2.027533327412727;2.027533327412727;2.274668215511884
252;107;4;2.208877167718416;2.208877167718416;2.4824629332417123
253;83;4;2.283328267809675;2.283328267809675;2.5750399470756236
254;102;4;2.333503542807217;2.333503542807217;2.5569005512265703
255;88;5;2.7104282276519993;2.7104282276519993;2.6188156808895298
256;103;4;2.673212335873971;2.673212335873971;2.602239965791671
257;85;4;2.308384017893449;2.308384017893449;2.521959179388606
258;115;4;1.8571899521615896;1.8571899521615896;2.145045562144308
259;109;4;2.440392584775368;2.440392584775368;2.6613922710067857
260;124;4;1.9928690267111495;1.9928690267111495;2.3094998760796073
261;104;4;2.6169273679103386;2.6169273679103386;2.641230634971141
262;123;5;2.1727171550550146;2.1727171550550146;2.4043216332586392
263;106;4;1.923002755927282;1.923002755927282;2.393635815713031
264;110;4;2.015323424594767;2.015323424594767;2.305493037688491
265;110;4;2.059339900297219;2.059339900297219;2.230995834316635
266;111;4;2.429460048597592;2.429460048597592;2.5799571349465973
267;104;4;2.0932687174875158;2.0932687174875158;2.2470827834588842
268;108;5;2.306470695990482;2.306470695990482;2.550849669516329
269;95;5;2.2383483676862856;2.2383483676862856;2.567368397211796
270;100;4;2.535442680311602;2.535442680311602;2.6333793717637985
271;64;5;2.9929116544451317;2.9929116544451317;3.0221027326245107
272;94;3;2.98054659507605;2.98054659507605;2.83561530098893
273;111;4;1.9882624796522965;1.9882624796522965;2.3546608036214303
274;104;4;1.8995916133142046;1.8995916133142046;2.375499490627944
275;87;4;2.327569086874143;2.327569086874143;2.66577469978657
276;93;4;2.5176818912301893;2.5176818912301893;2.598935424109751
277;91;4;2.172392167752195;2.172392167752195;2.5212798027490937
278;104;4;2.5740399665633937;2.5740399665633937;2.779864247560352
279;112;4;2.1533056670865456;2.1533056670865456;2.3801597130986636
280;141;4;1.734476493624058;1.734476493624058;2.1363992774103915
281;24;6;8.243480910724024;8.243480910724024;4.525307428654814
282;110;4;2.0149607644789453;2.0149607644789453;2.3138126370265826
283;119;5;2.0002389137332193;2.0002389137332193;2.3678845775997974
284;122;5;1.942928554817333;1.942928554817333;2.3272260635304165
285;7;5;24.38480754051517;24.38480754051517;13.826066401186743
286;98;4;2.145114261925559;2.145114261925559;2.3867535899795063
287;121;5;2.0328068709929865;2.0328068709929865;2.4036841962017306
288;127;4;2.3727054037525335;2.3727054037525335;2.495943485176443
289;99;4;2.3992163767716015;2.3992163767716015;2.595071378604215
290;78;5;2.8566645333348553;2.8566645333348553;2.811282184810002
291;97;4;2.180523514668658;2.180523514668658;2.5670045437331273
292;92;4;2.36877482196751;2.36877482196751;2.64235988778619
293;92;4;1.9732864898661158;1.9732864898661158;2.295222966991027
294;99;4;2.589146166979837;2.589146166979837;2.7197457051798435
295;118;5;2.0707970517975607;2.0707970517975607;2.314696230154534
296;103;4;2.5670211037660136;2.5670211037660136;2.660666384659436
297;3;5;55.11707703407531;55.11707703407531;10.787752751820994
298;108;5;1.7404448367003325;1.7404448367003325;2.146311291975618
299;110;5;1.7876674247146767;1.7876674247146767;2.09889765828886
300;99;4;2.929428406645952;2.929428406645952;2.823912108448889
301;125;5;1.935645069077038;1.935645069077038;2.3908750627407906
302;88;4;2.5854780600557343;2.5854780600557343;2.7154951482607887
303;129;4;2.3662624454889003;2.3662624454889003;2.555007011959545
304;103;4;2.1657363025033476;2.1657363025033476;2.593103433848499
305;105;4;1.9685999586723473;1.9685999586723473;2.186900166972968
306;90;4;1.953617069955323;1.953617069955323;2.4027777467289764
307;124;5;1.9914826484943542;1.9914826484943542;2.446384116111053
308;102;4;2.5602514022564904;2.5602514022564904;2.6336222383173684
309;87;5;2.6553155197354634;2.6553155197354634;2.5825323400404985
310;111;4;2.3585734998931267;2.3585734998931267;2.731790134934826
311;68;4;2.6704963990819834;2.6704963990819834;2.5069820603998516
312;115;4;1.8225074733509283;1.8225074733509283;2.14219916896884
313;134;4;1.8221168472923996;1.8221168472923996;2.1800112219336247
314;109;4;2.0679482668645335;2.0679482668645335;2.3803744100421684
315;89;4;2.1950882622363608;2.1950882622363608;2.265650159095393
316;116;4;1.990384527384112;1.990384527384112;2.1806544988565317
317;98;4;2.136018431381784;2.136018431381784;2.408547649039321
318;133;4;2.247157007464676;2.247157007464676;2.5169072970087933
319;99;4;2.579793661135917;2.579793661135917;2.7248058668503115
320;108;5;2.258800027529097;2.258800027529097;2.4741780968302276
321;106;4;2.5700602399893326;2.5700602399893326;2.6389872827379515
322;114;5;1.836606042579813;1.836606042579813;2.255352955927796
323;107;4;2.405802403619249;2.405802403619249;2.6086900353479177
324;67;5;2.882836411677737;2.882836411677737;3.015027100735016
325;117;5;1.8065892113692956;1.8065892113692956;2.1161276691161266
326;115;4;2.2647474481805663;2.2647474481805663;2.4188012020337415
327;47;4;3.1287446277790125;3.1287446277790125;2.6946067274229373
328;83;4;2.3964756536478005;2.3964756536478005;2.5871251732116844
329;84;4;2.4513915084727502;2.4513915084727502;2.637094011804057
330;139;4;1.6804945491713001;1.6804945491713001;2.115167515242908
331;101;4;2.274435879177882;2.274435879177882;2.4866561652731467
332;124;4;1.9934659636429581;1.9934659636429581;2.3094520463565624
333;86;4;2.1514501996688633;2.1514501996688633;2.4864724440132235
334;91;4;2.3406392095029784;2.3406392095029784;2.6778926940282934
335;108;5;2.231707223590522;2.231707223590522;2.4402703613190693
336;91;4;2.1637420537384604;2.1637420537384604;2.5016288259203847
337;94;5;2.0675088911466757;2.0675088911466757;2.2389611852177302
338;98;4;2.2303180801260027;2.2303180801260027;2.5350534818681303
339;95;4;2.331699986472801;2.331699986472801;2.4772062773610335
340;92;4;2.276409166340273;2.276409166340273;2.6598192552200204
341;104;4;2.9263583961555657;2.9263583961555657;2.910461285709101
342;83;4;2.1600163929490153;2.1600163929490153;2.5764022099519086
343;108;4;2.735145810786268;2.735145810786268;2.6458527730259953
344;97;4;2.3038782981584776;2.3038782981584776;2.4532082763102987
345;120;5;1.8339274063863047;1.8339274063863047;2.1549490027671943
346;95;4;2.6306256485997763;2.6306256485997763;2.7256589278633605
347;88;4;2.0602385866982655;2.0602385866982655;2.469897902766164
348;97;4;2.520143686685751;2.520143686685751;2.6405664328418696
349;121;5;1.9810766000197788;1.9810766000197788;2.1780146865259673
350;92;5;2.0038237931512635;2.0038237931512635;2.2186628651423668
351;124;4;2.0698628000264008;2.0698628000264008;2.3075812569744967
352;123;5;2.382034709945978;2.382034709945978;2.493765221608432
353;116;5;2.0038382939244928;2.0038382939244928;2.244652356843225
354;106;4;2.202543188125646;2.202543188125646;2.454038220445907
355;110;5;2.284973237421178;2.284973237421178;2.4795442721816037
356;124;4;2.196574576818544;2.196574576818544;2.466591901630046
357;93;4;1.8149064561244939;1.8149064561244939;2.2105497974430395
358;111;5;1.831128212731059;1.831128212731059;2.178612978040745
359;104;4;2.6699111776281206;2.6699111776281206;2.77003656894152
360;122;5;1.994123112943912;1.994123112943912;2.3569100785589425
361;32;5;4.241474676365952;4.241474676365952;3.462538124651607
362;104;5;2.041591681020831;2.041591681020831;2.401824032571306
363;89;4;2.236045235851525;2.236045235851525;2.5942044997682565
364;105;4;2.589807684817131;2.589807684817131;2.598682301841661
365;82;4;2.1848153171975415;2.1848153171975415;2.5983283680182794
366;92;4;1.9161714582561906;1.9161714582561906;2.3553850395154337
367;116;5;1.9407226709210976;1.9407226709210976;2.2586281788261307
368;93;4;2.522397059136631;2.522397059136631;2.758719291382053
369;138;5;2.1463601390755613;2.1463601390755613;2.3799450810649407
370;95;4;1.9284717980364503;1.9284717980364503;2.2805967921111874
371;108;4;2.4648492363217707;2.4648492363217707;2.5946345066037626
372;113;5;1.8374636247240546;1.8374636247240546;2.2012784871298496
373;122;5;1.944666216589581;1.944666216589581;2.3387467274531772
374;110;4;2.3145195847801636;2.3145195847801636;2.506272472777372
375;92;4;1.923674704954322;1.923674704954322;2.1645871579655944
376;122;5;1.9889968561015205;1.9889968561015205;2.3493569649350174
377;102;4;2.167736742742396;2.167736742742396;2.6027718843965264
378;99;5;2.540546560469472;2.540546560469472;2.637661358315959
379;104;4;2.5602340580307934;2.5602340580307934;2.6768689701407347
380;118;4;1.793204151501306;1.793204151501306;2.128555976832239
381;118;4;1.9487995369493838;1.9487995369493838;2.2035141728603285
382;88;4;2.4005313860465285;2.4005313860465285;2.668606252515443
383;111;5;2.293505250948765;2.293505250948765;2.4860854529873473
384;103;6;1.9615859818470913;1.9615859818470913;2.245712131958375
385;143;4;1.8787347835350259;1.8787347835350259;2.1648814437708683
386;108;4;2.1855989995918286;2.1855989995918286;2.497527690931986
387;96;4;2.1203462290071644;2.1203462290071644;2.3946839990810016
388;104;4;2.351497153760821;2.351497153760821;2.6355115763174366
389;107;4;2.4024435722135644;2.4024435722135644;2.6631610478092136
390;90;4;2.1725863756854387;2.1725863756854387;2.519161136265247
391;113;5;1.8575126022145767;1.8575126022145767;2.1472880014837097
392;117;5;1.9893050901729787;1.9893050901729787;2.2572669584438483
393;108;4;2.3392795826174466;2.3392795826174466;2.695137861984307
394;104;4;2.03018825599994;2.03018825599994;2.21091673920405
395;106;5;1.7574719192326882;1.7574719192326882;2.1806436074730686
396;103;4;2.335460622580109;2.335460622580109;2.652137994681315
397;82;4;2.567915668789372;2.567915668789372;2.6899161609771816
398;130;5;1.8662311631660313;1.8662311631660313;2.1558896389301783
399;53;5;3.3058643653914315;3.3058643653914315;3.0848212788386036
400;110;5;1.9263003913610015;1.9263003913610015;2.142172464426374
401;98;4;2.4389745966146594;2.4389745966146594;2.6482966303298014
402;108;5;2.036065327558877;2.036065327558877;2.2318829012394565
403;99;4;2.5640696270677896;2.5640696270677896;2.68483989646102
404;110;5;1.9008660391281678;1.9008660391281678;2.162374512287217
405;40;5;3.0341078786244444;3.0341078786244444;3.1830723947874966
406;133;5;2.145113001752697;2.145113001752697;2.5037495772427345
407;108;5;2.3043003376499143;2.3043003376499143;2.504463200147407
408;121;4;2.311073151652125;2.311073151652125;2.4011833275058705
409;113;4;2.0679167078126963;2.0679167078126963;2.331289556746085
410;82;4;2.18933928066924;2.18933928066924;2.592917399020285
411;85;4;2.510461343876439;2.510461343876439;2.7337229784829535
412;105;5;2.0488412708284343;2.0488412708284343;2.2601050574591484
413;128;5;2.0379889361877246;2.0379889361877246;2.4578953413365543
414;100;4;2.5504602675608927;2.5504602675608927;2.7011740448649193
415;121;5;1.9753180899744875;1.9753180899744875;2.1990540900492133
416;99;4;2.624962221512522;2.624962221512522;2.680111814210182
417;66;4;2.6878643249195022;2.6878643249195022;2.506372526376687
418;97;4;2.6563951216270483;2.6563951216270483;2.730683659622714
419;124;5;2.238100088853271;2.238100088853271;2.4285996788244075
420;118;5;1.7919696995006638;1.7919696995006638;2.190216483166234
421;91;4;2.2878056460978424;2.2878056460978424;2.665092295973743
422;119;5;1.9584874582807288;1.9584874582807288;2.2673240798525036
423;135;5;1.9052814746252182;1.9052814746252182;2.182573425505622
424;104;4;2.578115220631919;2.578115220631919;2.6702077986914854
425;121;5;2.066033785250325;2.066033785250325;2.387963100929799
426;103;4;2.53468187456437;2.53468187456437;2.754852521097528
427;101;4;2.5016391160537728;2.5016391160537728;2.6436643143258847
428;105;4;2.4109910492982323;2.4109910492982323;2.7573222875525203
429;98;5;2.31875650705155;2.31875650705155;2.557160293140111
430;94;5;2.3011405602881614;2.3011405602881614;2.59031760569448
431;106;4;2.546056943997566;2.546056943997566;2.684212076468188
432;119;6;2.1256549787040244;2.1256549787040244;2.2736889732628214
433;75;5;2.930233245145013;2.930233245145013;2.8618645535003493
434;116;5;2.1668934897853114;2.1668934897853114;2.332542990589506
435;85;4;2.0665818650118695;2.0665818650118695;2.4788870215702894
436;110;4;2.0892779351846205;2.0892779351846205;2.252627303987228
437;101;4;2.7279905925988444;2.7279905925988444;2.7687683192371777
438;101;4;2.4065792397687322;2.4065792397687322;2.540339185157122
439;104;4;2.111263951802016;2.111263951802016;2.208882733545777
440;109;4;2.284760553167992;2.284760553167992;2.5431701976251047
441;107;4;2.60376243315672;2.60376243315672;2.60960576884118
442;93;4;2.1786843309074504;2.1786843309074504;2.286808700037517
443;108;4;2.0465674395571853;2.0465674395571853;2.319002382465679
444;43;5;3.269980932313247;3.269980932313247;3.15789842298686
445;95;4;2.193743904769403;2.193743904769403;2.523245569301385
446;118;4;1.882503836475672;1.882503836475672;2.1540004082170943
447;140;4;1.7296928692882936;1.7296928692882936;2.119455318185761
448;112;5;1.7842274262222166;1.7842274262222166;2.0996876237177826
449;109;4;2.7564253899371716;2.7564253899371716;2.713434213104015
450;107;5;2.0952292989556245;2.0952292989556245;2.4004324107651063
451;25;6;7.281138753463058;7.281138753463058;4.271173625726121
452;86;4;2.36622185711813;2.36622185711813;2.6415788100318225
453;92;4;2.234280884489678;2.234280884489678;2.554832012744133
454;126;4;2.35712077244043;2.35712077244043;2.5719651250949855
455;67;5;2.817106399113541;2.817106399113541;2.9941762089583297
456;119;5;2.2936398728394396;2.2936398728394396;2.527144514472268
457;66;4;2.68228871694929;2.68228871694929;2.5343792886457406
458;110;4;2.228331370178964;2.228331370178964;2.5339797037659544
459;100;4;2.382277013944498;2.382277013944498;2.527515043780123
460;106;5;1.9428769319722567;1.9428769319722567;2.23750066093422
461;95;5;2.3453898821402017;2.3453898821402017;2.632099607070235
462;31;5;3.980194041660937;3.980194041660937;3.4302448222401725
463;97;4;2.6588112468598952;2.6588112468598952;2.7109397895887133
464;94;4;2.962022658671302;2.962022658671302;2.862624765002677
465;113;5;2.2473886514713968;2.2473886514713968;2.5281715377851963
466;88;4;2.4762466026732057;2.4762466026732057;2.683829359930388
467;43;5;3.4090266984030166;3.4090266984030166;3.1433313027703886
468;118;4;2.099676220233711;2.099676220233711;2.4050990220190047
469;120;4;2.060191945683415;2.060191945683415;2.3714926144424386
470;119;4;1.8634333688472942;1.8634333688472942;2.1698635690608876
471;9;7;12.906912551277333;12.906912551277333;6.486960250521316
472;108;4;2.078561121139711;2.078561121139711;2.3458576289171114
473;94;5;2.3450677313899853;2.3450677313899853;2.626666580876905
474;131;4;1.8859814761646854;1.8859814761646854;2.190022957759009
475;104;5;2.315479725043137;2.315479725043137;2.5425309063795094
476;110;4;2.222569464206388;2.222569464206388;2.685667770174463
477;108;4;2.114603885699623;2.114603885699623;2.444418815681929
478;106;5;2.3813486064201426;2.3813486064201426;2.61058987408689
479;121;4;1.891764328120345;1.891764328120345;2.1885234982717754
480;84;4;2.6541600863929213;2.6541600863929213;2.773710092133978
481;40;5;2.9647454969142517;2.9647454969142517;3.1171686396603757
482;110;5;2.1763147840598887;2.1763147840598887;2.4860567534580538
483;111;4;2.223680710376656;2.223680710376656;2.563674832534623
484;115;4;1.8239273588894132;1.8239273588894132;2.121130992712698
485;85;4;2.622041822752168;2.622041822752168;2.7096788284625926
486;67;5;3.012549977493344;3.012549977493344;3.0242213642072517
487;30;5;4.215543555746945;4.215543555746945;3.4804286700194056
488;97;4;2.059815853992454;2.059815853992454;2.2280568897134674
489;120;5;1.805455881919959;1.805455881919959;2.1878588998560122
490;113;4;1.9897959820904085;1.9897959820904085;2.229375715589541
491;95;4;2.267080615536141;2.267080615536141;2.6147820218347366
492;119;4;2.0380847313452546;2.0380847313452546;2.363810065508285
493;115;5;2.3091938716915856;2.3091938716915856;2.4296551787808744
494;65;4;2.945956064774413;2.945956064774413;2.6250853402884613
495;102;4;2.3128079007446662;2.3128079007446662;2.64039363096036
496;107;4;2.3028171535413366;2.3028171535413366;2.585583250999188
497;107;4;2.1516166906961245;2.1516166906961245;2.4420558178281015
498;110;4;2.096727140046691;2.096727140046691;2.355140918533636
499;101;4;2.2280454423077978;2.2280454423077978;2.452908465429302
500;87;4;2.514250204549855;2.514250204549855;2.6323023393248945
501;79;5;2.801159845285497;2.801159845285497;2.7795371866816043
502;120;4;1.7669864443767394;1.7669864443767394;2.11835976777207
503;129;5;1.983607391185152;1.983607391185152;2.4553455447794654
504;26;4;4.142820232993096;4.142820232993096;2.810919156457378
505;97;4;2.5596254208681257;2.5596254208681257;2.5975621375242737
506;103;4;2.476978254730227;2.476978254730227;2.663303924993657
507;93;4;2.4059141195505345;2.4059141195505345;2.572172381006894
508;64;5;2.981986321133094;2.981986321133094;3.038280562190896
509;117;4;2.0631100460737573;2.0631100460737573;2.387062716944552
510;92;4;2.277307622581873;2.277307622581873;2.5595682983459547
511;110;5;2.1704287981957857;2.1704287981957857;2.468249575453037
512;113;5;1.8059828437845684;1.8059828437845684;2.064504718582193
513;119;5;2.0376712855376837;2.0376712855376837;2.3309117838250386
514;105;4;2.2951189489034456;2.2951189489034456;2.515241972854532
515;75;4;2.06852232885695;2.06852232885695;2.364303686796308
516;142;4;1.7603880858826408;1.7603880858826408;2.1372463932457726
517;117;5;1.9809879366305132;1.9809879366305132;2.2697628567970147
518;103;4;2.3572424738576583;2.3572424738576583;2.5360985438660357
519;108;4;2.763918054646631;2.763918054646631;2.716448611689681
520;107;4;2.306679978137309;2.306679978137309;2.718921468890796
521;105;4;2.2895122506274386;2.2895122506274386;2.587338329827764
522;45;4;2.9837708545621404;2.9837708545621404;2.6577590970136336
523;111;5;1.9061456694152463;1.9061456694152463;2.1446051388962335
524;130;4;1.8597406506532095;1.8597406506532095;2.211369528156444
525;97;4;2.3497846453846245;2.3497846453846245;2.646558689057165
526;97;4;3.0135018921476053;3.0135018921476053;2.998871914493084
527;107;5;2.3396770663124262;2.3396770663124262;2.5114016777605386
528;115;4;1.9916476518520845;1.9916476518520845;2.178800670554267
529;75;5;2.8787685554106597;2.8787685554106597;2.825091478589873
530;109;5;1.9663219493396173;1.9663219493396173;2.28390264451639
531;89;4;2.3918797996025014;2.3918797996025014;2.778134849135811
532;95;4;2.498739409315685;2.498739409315685;2.706708847810212
533;101;4;2.289751239472467;2.289751239472467;2.478366214292714
534;100;4;2.1334322259967795;2.1334322259967795;2.459475810362662
535;129;4;2.2770270296408395;2.2770270296408395;2.5336732720842656
536;140;4;1.8974696359671537;1.8974696359671537;2.2271283925454126
537;101;4;2.038637134102273;2.038637134102273;2.3749283606337297
538;104;4;2.400713799699484;2.400713799699484;2.6137454194259546
539;102;4;2.6694883360647195;2.6694883360647195;2.7163400900264945
540;95;4;2.267791993849272;2.267791993849272;2.6120166318393596
541;116;5;2.193185229535903;2.193185229535903;2.3721332746752544
542;110;4;2.196984917100071;2.196984917100071;2.516125517084652
543;134;5;2.051248798423534;2.051248798423534;2.256093182902383
544;104;4;2.5153889598485764;2.5153889598485764;2.7612296698536034
545;108;4;2.406807390215126;2.406807390215126;2.4557064108956097
546;113;4;1.965955405194781;1.965955405194781;2.3276001640725443
547;79;5;2.8548879749564984;2.8548879749564984;2.7871163040559366
548;114;4;2.2305077833335423;2.2305077833335423;2.6097429208541882
549;111;4;2.1537572418353457;2.1537572418353457;2.3797239903104423
550;108;4;1.9443989698988464;1.9443989698988464;2.191621435997981
551;89;4;2.3186579619997354;2.3186579619997354;2.4883613756708987
552;115;5;2.2835271562629686;2.2835271562629686;2.543268477019584
553;104;4;2.2916726371187273;2.2916726371187273;2.498617443333113
554;98;4;2.1016579418704273;2.1016579418704273;2.3645727062546937
555;141;4;1.7054296613933033;1.7054296613933033;2.1160723679685858
556;111;5;1.873496460308029;1.873496460308029;2.171726868895165
557;98;4;2.1199141116244054;2.1199141116244054;2.390700616201949
558;124;5;1.9786944147040815;1.9786944147040815;2.4268336713746526
559;81;5;2.784083804691738;2.784083804691738;2.718636412335172
560;106;5;2.412209324288532;2.412209324288532;2.5873293676534557
561;118;4;2.4147499418752987;2.4147499418752987;2.596977950755258
562;117;5;1.8719747590202422;1.8719747590202422;2.239016027095576
563;108;4;2.0369139434451276;2.0369139434451276;2.424077087862614
564;106;4;2.1181182836298955;2.1181182836298955;2.346741006530808
565;130;5;2.0946861791051723;2.0946861791051723;2.5069046562730883
566;110;4;2.2320665346623563;2.2320665346623563;2.564793317257227
567;95;4;2.3253100976236016;2.3253100976236016;2.6125199116791653
568;97;4;2.45416433963253;2.45416433963253;2.6691711821109587
569;119;5;1.7877136765591963;1.7877136765591963;2.1816727579622004
570;101;4;2.5606613489349708;2.5606613489349708;2.692370439116322
571;104;4;2.450143238494952;2.450143238494952;2.595031564355923
572;98;4;2.3571315825901755;2.3571315825901755;2.667072754328803
573;45;4;2.955142723843872;2.955142723843872;2.633903878926624
574;126;5;2.067799343470909;2.067799343470909;2.289778134165982
575;94;4;1.8070258503501941;1.8070258503501941;2.234736350872071
576;114;5;2.3848294714897755;2.3848294714897755;2.594299474973942
577;98;4;2.5318184954030953;2.5318184954030953;2.650772900085693
578;109;4;2.187490663497274;2.187490663497274;2.559663513139447
579;108;4;2.424432849676254;2.424432849676254;2.649032962946354
580;78;5;2.8093627238525274;2.8093627238525274;2.7709438926340755
581;114;5;1.8052073949172032;1.8052073949172032;2.1878503505043576
582;107;4;2.413763038097245;2.413763038097245;2.6250930103320615
583;101;4;2.0886657582864534;2.0886657582864534;2.421713937102436
584;130;5;2.1007227523661323;2.1007227523661323;2.4982448786086313
585;104;4;1.9385530248709444;1.9385530248709444;2.4107007957475877
586;82;4;2.3828193026504425;2.3828193026504425;2.5668956284549327
587;97;4;2.4456503693377627;2.4456503693377627;2.6291912344732404
588;118;5;1.7693368918449612;1.7693368918449612;2.1738922701254584
589;110;4;2.194468537102071;2.194468537102071;2.531897151610502
590;89;5;1.9527639329842548;1.9527639329842548;2.178299898320843
591;105;4;2.346601312640937;2.346601312640937;2.5608234317980596
592;116;5;1.785173673565555;1.785173673565555;2.165995498964225
593;98;4;2.5851980572630713;2.5851980572630713;2.7035342788194545
594;110;4;2.041594215628678;2.041594215628678;2.3318723554204936
595;118;4;2.032474883569607;2.032474883569607;2.3758548298813142
596;95;4;2.6303307917399903;2.6303307917399903;2.6999175550601544
597;75;4;2.0728867763040673;2.0728867763040673;2.3713126338083677
598;108;4;1.905441817935172;1.905441817935172;2.170742103697834
599;88;4;2.3343305760369537;2.3343305760369537;2.52672441786331
600;90;4;2.1972371098228525;2.1972371098228525;2.5164437933151853
601;123;5;2.0520501044633117;2.0520501044633117;2.470092973777664
602;128;5;2.123230261414897;2.123230261414897;2.3620514976484217
603;106;4;2.3041984457536016;2.3041984457536016;2.5911373701931684
604;30;6;5.293008217379551;5.293008217379551;3.727274112828031
605;32;4;3.207312597928181;3.207312597928181;2.6720285663709014
606;105;4;2.440627706659698;2.440627706659698;2.543316132668245
607;117;5;1.8859281092142113;1.8859281092142113;2.1802727049761508
608;95;4;2.565117714441045;2.565117714441045;2.598618764793404
609;94;4;1.8515241353363343;1.8515241353363343;2.329833306568957
610;114;4;2.2617458119695635;2.2617458119695635;2.6633677281768295
611;95;4;2.585778267630985;2.585778267630985;2.64577830603333
612;100;4;2.9258979334130175;2.9258979334130175;2.9150508825159176
613;106;4;2.0012874147133344;2.0012874147133344;2.2811702760544326
614;112;5;1.7709430853010042;1.7709430853010042;2.0751205774073362
615;108;4;1.920357898525839;1.920357898525839;2.1853975484799406
616;120;4;1.663033565727864;1.663033565727864;2.0861600615143376
617;94;4;2.302557543281712;2.302557543281712;2.5632936794992687
618;104;4;2.2773069513071826;2.2773069513071826;2.5436480287230228
619;116;4;1.9190688705997936;1.9190688705997936;2.1791725261537063
620;104;4;2.272746313957705;2.272746313957705;2.472093907904888
621;131;5;1.9934746555032627;1.9934746555032627;2.4645407754364954
622;110;5;2.2785225029411404;2.2785225029411404;2.5597469690489256
623;94;5;1.972859503602865;1.972859503602865;2.1950849503593806
624;103;4;2.229486301154453;2.229486301154453;2.614227112658821
625;77;4;2.331911246421077;2.331911246421077;2.4103501179790556
626;124;4;2.0225491424309854;2.0225491424309854;2.2176334942867637
627;109;5;1.8958041790431976;1.8958041790431976;2.2671606183054878
628;109;5;2.246831912375086;2.246831912375086;2.467719681843129
629;117;4;1.9527312060544002;1.9527312060544002;2.1450084162807332
630;114;5;2.3516781591817715;2.3516781591817715;2.4945435125674207
631;122;4;2.238487102150591;2.238487102150591;2.4426802389625846
632;118;5;2.0041186497634356;2.0041186497634356;2.3747510015798676
633;32;5;4.0741621125413765;4.0741621125413765;3.4529222844119163
634;99;4;2.098963980233706;2.098963980233706;2.411429320111602
635;104;4;2.9302354248818028;2.9302354248818028;2.9239078760599937
636;88;4;2.4105029606781723;2.4105029606781723;2.6986757115477435
637;46;5;3.498715361538063;3.498715361538063;3.12243827103382
638;49;5;3.371785486751758;3.371785486751758;3.109012738981081
639;125;4;2.1661323494405798;2.1661323494405798;2.42467955413944
640;106;4;2.4102271853895503;2.4102271853895503;2.5777838362514984
641;118;5;2.0974299366760416;2.0974299366760416;2.242003047550129
642;116;4;1.6447936506189627;1.6447936506189627;2.05376572346879
643;99;4;2.337290699031379;2.337290699031379;2.6071115588162033
644;101;4;2.052023766290789;2.052023766290789;2.3822743911591338
645;111;4;2.006135080144612;2.006135080144612;2.3618094432523
646;80;5;2.749555386765618;2.749555386765618;2.767131692376706
647;105;4;2.211789782217309;2.211789782217309;2.3651708223649903
648;113;5;2.207516617321853;2.207516617321853;2.3418453440550353
649;83;4;2.3650649840656786;2.3650649840656786;2.6977832032979188
650;91;4;1.9465536589410188;1.9465536589410188;2.364530254930024
651;83;5;1.9932541855169426;1.9932541855169426;2.2884093980530693
652;105;4;2.2691936198510123;2.2691936198510123;2.5506113016323764
653;85;4;2.4481196230531657;2.4481196230531657;2.772545970551473
654;106;4;2.240244777690879;2.240244777690879;2.505789548824218
655;106;4;2.441807023654808;2.441807023654808;2.513963579844542
656;116;5;1.9984100327245786;1.9984100327245786;2.247455336898098
657;116;5;2.134691390416973;2.134691390416973;2.3940525384563838
658;105;4;2.200115193852919;2.200115193852919;2.5432142073240454
659;81;4;2.2389934590887637;2.2389934590887637;2.5717725408993877
660;118;5;2.49551548471211;2.49551548471211;2.6596207150843503
661;108;4;2.223571435678928;2.223571435678928;2.657367530142306
662;101;4;2.389935685139992;2.389935685139992;2.527259796024121
663;111;4;2.254278254222397;2.254278254222397;2.5712910915496487
664;118;5;2.1096748234783953;2.1096748234783953;2.2584624983997443
665;78;4;2.128653358505041;2.128653358505041;2.3595604431902637
666;101;4;2.4831629821925887;2.4831629821925887;2.5383847519823814
667;109;4;2.0323427311606506;2.0323427311606506;2.332144410189892
668;111;4;1.954420545745417;1.954420545745417;2.34824800933417
669;93;4;2.2333720358654245;2.2333720358654245;2.6023954370799163
670;135;5;2.069380411650351;2.069380411650351;2.449631246809419
671;101;4;2.068757921726224;2.068757921726224;2.427711871665928
672;59;4;3.035903385275854;3.035903385275854;2.6936588197186335
673;117;4;2.1095089342913815;2.1095089342913815;2.229566139651278
674;70;4;2.3810670230233852;2.3810670230233852;2.452177951076717
675;9;8;14.411936823435019;14.411936823435019;6.951021333483017
676;111;4;2.260443462019353;2.260443462019353;2.4342716261841937
677;87;4;2.149764994610168;2.149764994610168;2.4708363966528926
678;105;4;2.4973596671767466;2.4973596671767466;2.538542006767863
679;100;4;2.0609633726736556;2.0609633726736556;2.374023606171767
680;106;5;2.27290250638327;2.27290250638327;2.4397646282419063
681;103;5;2.330284327647413;2.330284327647413;2.496003951944982
682;41;4;2.921162880298549;2.921162880298549;2.6331394563342125
683;115;5;2.0299115359281195;2.0299115359281195;2.2882409290330723
684;102;5;2.3429664628513294;2.3429664628513294;2.5329282383166145
685;111;4;2.4162588571096477;2.4162588571096477;2.520029361687072
686;117;6;1.890678451382015;1.890678451382015;2.2055251228530732
687;68;5;2.753552013156916;2.753552013156916;3.0246782244837753
688;93;4;1.795353883545709;1.795353883545709;2.235286831239867
689;105;4;2.293465151619624;2.293465151619624;2.5680799814746305
690;89;4;2.0122627858480913;2.0122627858480913;2.4443993836314224
691;118;4;1.9757864737126365;1.9757864737126365;2.2671717307108707
692;101;4;2.056230210729037;2.056230210729037;2.433494166779755
693;116;4;1.9021802914679602;1.9021802914679602;2.1829615121013997
694;102;4;2.591994337216267;2.591994337216267;2.640136547109218
695;89;4;1.9513716395353247;1.9513716395353247;2.253574300226862
696;109;5;2.221347768110316;2.221347768110316;2.4656677761310064
697;98;4;2.5779274411082636;2.5779274411082636;2.6064457573713407
698;88;4;1.9247147511930602;1.9247147511930602;2.3738034022482477
699;83;5;2.816690531908761;2.816690531908761;2.7495911619130453
700;113;5;2.1579023244484024;2.1579023244484024;2.359710444606811
701;105;5;1.7571385827629238;1.7571385827629238;2.145969271311933
702;108;4;2.029076414127454;2.029076414127454;2.2939451222512988
703;101;4;2.4653650945136114;2.4653650945136114;2.4919244258136097
704;76;5;2.0162974585952753;2.0162974585952753;2.325164916485307
705;120;5;1.8196975378487097;1.8196975378487097;2.147646768425884
706;29;4;4.017347003990959;4.017347003990959;2.8005541886748215
707;118;4;1.9302538594596097;1.9302538594596097;2.1644092898691953
708;108;4;2.3822411976460782;2.3822411976460782;2.6696397648670755
709;104;4;2.675193088879969;2.675193088879969;2.670738634889475
710;108;4;2.170711210431968;2.170711210431968;2.485764773103133
711;107;4;2.2106841808454996;2.2106841808454996;2.5671007769940646
712;103;4;1.9656879171504815;1.9656879171504815;2.1605148760015256
713;108;4;2.2895105217471747;2.2895105217471747;2.6876803130070965
714;92;4;2.420325513741691;2.420325513741691;2.6145335839264967
715;98;4;2.6118101705513626;2.6118101705513626;2.7043085383142813
716;122;4;2.062979455461812;2.062979455461812;2.3997542359217774
717;102;4;2.6242933869779197;2.6242933869779197;2.616302265607235
718;100;4;2.350798108960918;2.350798108960918;2.431520256499336
719;92;4;2.302891430674951;2.302891430674951;2.551845070709126
720;113;4;2.0156826758250594;2.0156826758250594;2.2944926569505695
721;102;4;2.6050701209658453;2.6050701209658453;2.7971172194574194
722;115;4;2.1251271803705154;2.1251271803705154;2.3247490668307838
723;103;4;2.4027051387292477;2.4027051387292477;2.5597140357189754
724;91;4;2.9468756812660257;2.9468756812660257;2.8710416601282387
725;89;5;1.939923743504734;1.939923743504734;2.17857610608438
726;99;4;2.398318528423384;2.398318528423384;2.52370420926303
727;111;6;1.9620253864547834;1.9620253864547834;2.217453611725706
728;40;5;3.067744811739518;3.067744811739518;3.1128668687828207
729;86;4;2.347064329690199;2.347064329690199;2.559133199459345
730;99;4;2.359084841381216;2.359084841381216;2.548887959006143
731;123;5;2.005283552534325;2.005283552534325;2.4638003144871523
732;115;4;2.384200843404332;2.384200843404332;2.5442647076504556
733;101;4;2.30326039588698;2.30326039588698;2.506467565119903
734;114;5;1.7733918756530462;1.7733918756530462;2.164161179760529
735;111;4;2.280828631006877;2.280828631006877;2.441855639109408
736;109;4;2.067423662324447;2.067423662324447;2.4254817359576255
737;115;4;1.7635588782305873;1.7635588782305873;2.1084144751233374
738;103;4;2.0525800953524493;2.0525800953524493;2.4259186398175574
739;107;4;2.526469604142765;2.526469604142765;2.7121256702435392
740;126;4;2.3545942952222316;2.3545942952222316;2.484276040587005
741;107;4;2.0557246229868267;2.0557246229868267;2.246015123747702
742;88;4;2.5472502130366723;2.5472502130366723;2.6041984997585237
743;53;5;3.3597032144256134;3.3597032144256134;3.137202265876925
744;104;4;2.352758897439822;2.352758897439822;2.5389236565817317
745;108;5;1.753948822421849;1.753948822421849;2.1820717350457515
746;95;4;2.359698085455459;2.359698085455459;2.620438949879307
747;101;4;2.6896884336127616;2.6896884336127616;2.746130232488079
748;108;4;2.7486740447936002;2.7486740447936002;2.6998166918466917
749;89;4;2.323502614257714;2.323502614257714;2.6361442569262272
750;95;5;2.216336331285514;2.216336331285514;2.5428261215445422
751;79;5;1.9157122124419248;1.9157122124419248;2.2752672795316884
752;103;4;2.516198797457679;2.516198797457679;2.6515875694571327
753;87;4;2.495413823934909;2.495413823934909;2.6819838192232925
754;113;4;1.6773140097236416;1.6773140097236416;2.0659129891430448
755;118;4;1.7863008173990187;1.7863008173990187;2.097213146565899
756;94;4;2.5302365518164684;2.5302365518164684;2.5967298009898183
757;104;4;2.344197310592346;2.344197310592346;2.51408492549481
758;105;4;2.380598348320149;2.380598348320149;2.5472560941864844
759;86;4;2.071201700301132;2.071201700301132;2.484929565561861
760;111;4;2.2088425533998466;2.2088425533998466;2.5625971932592444
761;106;4;1.998802064437698;1.998802064437698;2.2327679941030087
762;50;5;3.3817658019483705;3.3817658019483705;3.063294745781126
763;119;5;1.895404859939417;1.895404859939417;2.265549080165261
764;49;5;3.3273235624434294;3.3273235624434294;3.058806204368214
765;139;4;1.6805469352666134;1.6805469352666134;2.097979444714746
766;104;4;2.67831114972854;2.67831114972854;2.7291208056463554
767;113;5;1.8506434836041163;1.8506434836041163;2.155710395836289
768;111;5;1.8640166673323861;1.8640166673323861;2.1502090868680086
769;127;4;2.2968293257880252;2.2968293257880252;2.4152577828117385
770;93;4;2.407823345202413;2.407823345202413;2.5563426985297055
771;7;5;23.975003323452334;23.975003323452334;13.533977118193574
772;112;5;1.8456964202405415;1.8456964202405415;2.1303994202829526
773;108;4;2.0823731322358765;2.0823731322358765;2.3179092203888785
774;3;5;68.26794432712835;68.26794432712835;9.561315960015817
775;19;4;6.490645259816399;6.490645259816399;3.0429313325210647
776;109;4;2.378334091925386;2.378334091925386;2.4381992696961556
777;117;5;1.9177976669130916;1.9177976669130916;2.222452876691521
778;91;4;2.0369000029758886;2.0369000029758886;2.445529844359697
779;102;4;2.375154101521226;2.375154101521226;2.6342131037544076
780;104;6;2.0711913858301854;2.0711913858301854;2.3754641063160857
781;136;4;1.847046524636955;1.847046524636955;2.1782550717314257
782;97;4;1.9002418142811772;1.9002418142811772;2.2713293649263306
783;114;5;2.0595933719592794;2.0595933719592794;2.28715423680258
784;124;4;2.177394389911481;2.177394389911481;2.463026283269189
785;109;4;2.2532878787661064;2.2532878787661064;2.5263930856113967
786;105;4;2.277928829806984;2.277928829806984;2.5134141857260963
787;124;4;2.0780324539984187;2.0780324539984187;2.380552423697991
788;116;4;1.7908268667551195;1.7908268667551195;2.1279430498443954
789;124;4;2.0215690420925227;2.0215690420925227;2.3247965975664147
790;91;4;2.2131366134396546;2.2131366134396546;2.528475002186217
791;109;4;2.4626392395280607;2.4626392395280607;2.4896087381994505
792;52;4;3.112741051553162;3.112741051553162;2.711240370222162
793;106;5;2.2647071659036317;2.2647071659036317;2.5673473225592547
794;84;4;2.269805814844259;2.269805814844259;2.6076534457340887
795;28;4;3.4132847508885296;3.4132847508885296;2.7115165638236145
796;87;4;1.9405328756906184;1.9405328756906184;2.386977595457837
797;113;5;2.4088960827237416;2.4088960827237416;2.5083754738335275
798;104;4;2.6054542263640235;2.6054542263640235;2.6963879777717072
799;105;5;1.9451610104208832;1.9451610104208832;2.3036477840147525
