Skewness: -1.5496252460822044, Average LID: LPCA: 5.07625  |||  MLE: 2.393827052326155  |||  MLENB: 2.393827052326155  |||  TLE: 2.606829488156947
LPCA: 0.16721911951383114  |||  MLE: -0.5012273684157869  |||  MLENB: -0.5012273684157869  |||  TLE: -0.5150658261438835
node;in_degree;local_intrinsic_dimensionality_LPCA;local_intrinsic_dimensionality_MLE;local_intrinsic_dimensionality_MLENB;local_intrinsic_dimensionality_TLE
0;38;5;2.8283138059746786;2.8283138059746786;2.91536495967379
1;45;7;1.8288435158513143;1.8288435158513143;2.2524375154996403
2;40;4;3.1197329046062365;3.1197329046062365;2.9163044434398624
3;37;6;2.0574777493946317;2.0574777493946317;2.599933193914694
4;46;6;2.5248335731263927;2.5248335731263927;2.709616040946281
5;39;6;2.0792632384671035;2.0792632384671035;2.4856513444076205
6;44;7;2.1810933756664173;2.1810933756664173;2.3749286978887048
7;25;4;2.422398563062906;2.422398563062906;2.6307072975839474
8;32;6;3.511742336437708;3.511742336437708;3.105117387464112
9;39;6;2.2878773365781977;2.2878773365781977;2.7074115490501627
10;43;4;3.3058692709424746;3.3058692709424746;3.0539125328254864
11;44;5;1.7706654818220822;1.7706654818220822;2.1353827201245137
12;47;5;2.146375706652086;2.146375706652086;2.5974314111637185
13;38;5;2.015616021779531;2.015616021779531;2.4498299166071686
14;58;5;1.6556231677715278;1.6556231677715278;2.2359908446260865
15;35;5;2.123287121477165;2.123287121477165;2.5751496821183926
16;27;4;2.67847986942289;2.67847986942289;2.5952594594475378
17;38;6;2.1004424972983977;2.1004424972983977;2.3354948792326327
18;36;6;2.6080271202682743;2.6080271202682743;2.652040112635836
19;34;5;2.5617197021452847;2.5617197021452847;2.963658765552864
20;45;4;2.6405812885856337;2.6405812885856337;2.7961860423611373
21;47;4;2.955643124730993;2.955643124730993;2.777672491492104
22;41;5;2.398297545558432;2.398297545558432;2.908008399291151
23;38;4;2.7086100480898048;2.7086100480898048;2.85444978160164
24;38;5;2.523738511790399;2.523738511790399;2.8574728280528228
25;41;4;2.8566184509086794;2.8566184509086794;2.7736982063975453
26;39;4;2.7740163972870495;2.7740163972870495;2.6409435120173015
27;36;4;2.5331183346793233;2.5331183346793233;2.779762012689233
28;44;7;1.9862549075031175;1.9862549075031175;2.3249917033487306
29;26;5;2.363005945797664;2.363005945797664;2.597697207671137
30;44;4;1.7430424795430266;1.7430424795430266;2.2172545643584387
31;44;5;2.0108202869507976;2.0108202869507976;2.279696923755664
32;42;5;2.271879735402771;2.271879735402771;2.6307762113337363
33;36;3;2.233160537218723;2.233160537218723;2.8297455186325218
34;37;4;2.724045172715505;2.724045172715505;2.8265163422195143
35;40;4;2.0537054487344872;2.0537054487344872;2.5332024303038905
36;35;5;2.268964060585701;2.268964060585701;2.598492650504047
37;44;4;2.722365186772402;2.722365186772402;2.702645961896637
38;40;7;2.693313407409813;2.693313407409813;2.937018027502191
39;44;4;2.268311706803346;2.268311706803346;2.3707828128379496
40;26;4;3.7181798042200525;3.7181798042200525;3.548441805645128
41;50;6;1.8821841245910782;1.8821841245910782;2.281554487419835
42;48;7;1.9195963770005011;1.9195963770005011;2.3748068275074092
43;35;6;2.294108144014256;2.294108144014256;2.5309838586878968
44;23;4;2.0659545622961777;2.0659545622961777;2.4445950699055117
45;19;4;3.1377876886265024;3.1377876886265024;2.8259063270360403
46;38;5;2.0103782739450073;2.0103782739450073;2.4720940577001964
47;36;6;2.144993057825255;2.144993057825255;2.3750046362037116
48;35;4;1.703723755453431;1.703723755453431;2.115775353028941
49;43;6;2.300586972022033;2.300586972022033;2.531634621590099
50;34;4;1.9507687881594145;1.9507687881594145;2.4177085506419944
51;43;4;2.589961326610994;2.589961326610994;2.6959079367342893
52;37;5;2.819747601887375;2.819747601887375;2.744432319999514
53;40;6;1.8897770024246148;1.8897770024246148;2.417333917320747
54;50;4;1.5656971871681384;1.5656971871681384;2.1560050888854936
55;29;4;2.2884619117130183;2.2884619117130183;2.533641183532474
56;39;5;1.8184101916859083;1.8184101916859083;2.2893174449687033
57;51;4;1.929968909192484;1.929968909192484;2.568634956370843
58;48;4;2.1730531867154594;2.1730531867154594;2.3824096336813017
59;47;5;2.6194783533333093;2.6194783533333093;2.8092165931951083
60;30;5;2.432033253060611;2.432033253060611;2.494524251398833
61;37;4;2.6269931681873615;2.6269931681873615;2.8229295843141675
62;31;4;1.8732778575684277;1.8732778575684277;2.301990239752923
63;44;4;1.867533181376512;1.867533181376512;2.3767256785853323
64;32;6;2.8970710575255367;2.8970710575255367;2.6533348151016947
65;50;7;1.7192517887122043;1.7192517887122043;2.2206249111239496
66;41;7;2.000219786417471;2.000219786417471;2.43837425461445
67;46;5;2.9900473972852435;2.9900473972852435;3.080854031730142
68;46;6;2.64899575385923;2.64899575385923;2.6740852814307385
69;46;7;1.8158101921410699;1.8158101921410699;2.05748788570765
70;44;7;1.8369698423486358;1.8369698423486358;2.211987142880966
71;41;4;1.6210364791616512;1.6210364791616512;2.063331452695219
72;35;5;3.1110252905049824;3.1110252905049824;3.20537953390256
73;19;4;2.7238721030702884;2.7238721030702884;2.855238978443088
74;34;5;2.8508204923975984;2.8508204923975984;2.762934335581402
75;43;4;1.6011143936069807;1.6011143936069807;2.189984470847766
76;35;5;2.555645403772987;2.555645403772987;2.7009353694312948
77;36;4;2.612000823778179;2.612000823778179;2.587035764201789
78;49;5;1.825442522497279;1.825442522497279;2.233504445601841
79;46;6;2.113644873460755;2.113644873460755;2.5195490663015137
80;36;5;2.623407533100079;2.623407533100079;2.913292811832789
81;30;5;1.927432952895876;1.927432952895876;2.367931496476748
82;41;5;2.3255534155117887;2.3255534155117887;2.8394024087177034
83;28;4;2.976625148884978;2.976625148884978;2.708554607059823
84;46;5;1.80379340859301;1.80379340859301;2.1807522730519007
85;44;6;2.59425703540912;2.59425703540912;3.123637680303655
86;46;6;2.0750388894255467;2.0750388894255467;2.380242357443198
87;44;6;2.2590450586155777;2.2590450586155777;2.572028153131626
88;38;5;1.8610902035444319;1.8610902035444319;2.2800805406060336
89;44;4;1.8646042923522579;1.8646042923522579;2.2501320753838523
90;27;6;2.724971522512343;2.724971522512343;2.804488329044142
91;51;5;1.7774089950197354;1.7774089950197354;2.210655624747662
92;45;7;2.1647641985139376;2.1647641985139376;2.3953460876124866
93;45;6;1.7836168848016671;1.7836168848016671;2.120175975416954
94;32;4;2.206329196573082;2.206329196573082;2.4636671236188823
95;41;4;2.0955173865665326;2.0955173865665326;2.4564106901395695
96;42;7;1.8763222616300874;1.8763222616300874;2.2052922916615376
97;34;3;2.009161878323559;2.009161878323559;2.461546275816918
98;36;5;2.578317941314683;2.578317941314683;2.7196340898339666
99;43;7;1.5263306548511972;1.5263306548511972;1.8999375474650184
100;45;4;3.157200492284122;3.157200492284122;2.9873616182706018
101;35;6;2.632093475917158;2.632093475917158;2.789845202623139
102;46;7;1.773347160030533;1.773347160030533;2.1438835255330755
103;39;5;2.0434526529633814;2.0434526529633814;2.305388111692727
104;41;4;1.944650263071571;1.944650263071571;2.2491964992772266
105;39;6;2.122423690569078;2.122423690569078;2.643318604236665
106;44;6;2.5701133430898406;2.5701133430898406;2.7463346717833814
107;44;4;1.8006024675835752;1.8006024675835752;2.182951194947257
108;9;5;6.410243732967748;6.410243732967748;4.0917349095088795
109;38;5;2.045685994466245;2.045685994466245;2.2934437409269037
110;42;4;1.9314745426357902;1.9314745426357902;2.348798968141067
111;44;7;2.0420326137117355;2.0420326137117355;2.3431750566919756
112;40;4;3.0433681411596614;3.0433681411596614;2.9163270920043853
113;39;6;2.1396511369349285;2.1396511369349285;2.6923642274684143
114;39;4;2.4814263524405193;2.4814263524405193;2.5720023368028087
115;35;6;2.2293759491682423;2.2293759491682423;2.4450834653377385
116;44;6;2.248266815979902;2.248266815979902;2.582273252588037
117;46;7;1.7778916749364133;1.7778916749364133;2.1474866384973477
118;51;4;2.3121171501548954;2.3121171501548954;2.5016223795377193
119;45;6;2.3164009143029216;2.3164009143029216;2.5884978620825714
120;40;5;2.472230198223904;2.472230198223904;2.666528394113582
121;35;6;2.871206866434478;2.871206866434478;2.936141088171797
122;42;4;3.0123273675858733;3.0123273675858733;3.019009427593457
123;41;5;1.945035796719245;1.945035796719245;2.3523356330853953
124;42;5;1.9359247424000279;1.9359247424000279;2.362424727569797
125;39;4;2.313251980630272;2.313251980630272;2.4600555892024154
126;44;6;2.3089631399520645;2.3089631399520645;2.619566840513003
127;46;5;1.9773147068280739;1.9773147068280739;2.2873777121710006
128;45;3;2.8073701991909785;2.8073701991909785;2.8964528029644434
129;41;4;2.9292297939535423;2.9292297939535423;2.8664733669447555
130;35;4;2.436153219958158;2.436153219958158;2.6778723484135494
131;41;6;2.087161288986412;2.087161288986412;2.3979699509428243
132;43;4;2.3338676289596676;2.3338676289596676;2.473999257331883
133;41;6;2.0965781129604655;2.0965781129604655;2.348302318829941
134;34;6;2.9412376704912577;2.9412376704912577;2.8250796399096836
135;43;5;2.6384036331925835;2.6384036331925835;2.8885917634978324
136;34;5;2.412614429055969;2.412614429055969;2.704082554674721
137;9;5;6.313539542537986;6.313539542537986;3.886265791532305
138;41;7;2.494062770945691;2.494062770945691;2.855871738192081
139;38;6;2.005099243803167;2.005099243803167;2.5624063193014335
140;45;5;1.7663512529893934;1.7663512529893934;2.177320388184362
141;39;5;3.689464121560726;3.689464121560726;3.488231699382963
142;50;4;2.42641891531819;2.42641891531819;2.57428740001361
143;44;4;2.2318909202651414;2.2318909202651414;2.79710094882322
144;40;7;2.6223270648489034;2.6223270648489034;2.658478386915666
145;57;5;1.7846696015910233;1.7846696015910233;2.2787963216857143
146;40;4;1.9402224185750505;1.9402224185750505;2.4118861751492626
147;42;5;2.2302970600407415;2.2302970600407415;2.333181675810792
148;57;5;1.6458263416481178;1.6458263416481178;2.233716800932528
149;16;4;3.3290098021194923;3.3290098021194923;2.880637217259705
150;41;7;1.8823915152279316;1.8823915152279316;2.2098920896852268
151;40;5;2.367834253806782;2.367834253806782;2.8074111391325474
152;39;5;2.6625140819405586;2.6625140819405586;2.5579575925719937
153;24;6;2.7757968712571657;2.7757968712571657;2.837294790880826
154;46;5;1.9514141542766374;1.9514141542766374;2.279241046443075
155;43;6;1.898912558051311;1.898912558051311;2.323541724261109
156;44;4;2.295330664695452;2.295330664695452;2.671044445050294
157;31;4;1.982136665499453;1.982136665499453;2.344646983731527
158;41;4;2.5764794572264074;2.5764794572264074;2.8771415695628577
159;40;5;2.0995490553706437;2.0995490553706437;2.690322423681086
160;43;5;3.1245176739967735;3.1245176739967735;3.232117364404305
161;45;6;2.059790518905511;2.059790518905511;2.360485488914411
162;35;6;2.1785205427307517;2.1785205427307517;2.456853309838529
163;38;6;2.4883177832664973;2.4883177832664973;2.8044744305460805
164;40;4;3.2030553947410265;3.2030553947410265;3.1623993939921413
165;50;6;2.143029727981489;2.143029727981489;2.3600913061054176
166;23;4;3.2664107093030585;3.2664107093030585;3.534687940275837
167;41;4;2.7937103757020076;2.7937103757020076;2.843668578609082
168;50;6;2.591636342942014;2.591636342942014;2.6580993268571147
169;45;5;2.7492420527388357;2.7492420527388357;2.8990756287111106
170;48;6;2.273898670091633;2.273898670091633;2.649785403507695
171;45;5;2.830016818452676;2.830016818452676;2.999135455234018
172;40;6;2.2846955796831088;2.2846955796831088;2.5787209172046124
173;38;5;1.9747048316095717;1.9747048316095717;2.348373554423962
174;43;4;1.8587003017153705;1.8587003017153705;2.25848974481107
175;46;4;2.0508155464461746;2.0508155464461746;2.3928645106172506
176;46;6;1.8911679863112418;1.8911679863112418;2.3288268735449575
177;40;4;2.1187397491865614;2.1187397491865614;2.632596411843562
178;50;5;1.8448368690404608;1.8448368690404608;2.2636775570473517
179;38;5;2.3653882891556792;2.3653882891556792;2.650374629165671
180;44;4;2.1914544222415357;2.1914544222415357;2.4678177726301165
181;41;7;1.5436046931707563;1.5436046931707563;1.893281387068037
182;38;4;2.227631554319937;2.227631554319937;2.6540986916145193
183;49;5;1.752755873493509;1.752755873493509;2.170510632894985
184;50;6;1.785521816180658;1.785521816180658;2.2453807633668172
185;28;4;3.253662370388877;3.253662370388877;2.963968941356111
186;49;6;1.9450341441681598;1.9450341441681598;2.3579898610923284
187;47;6;2.0256333590507642;2.0256333590507642;2.478394242222636
188;39;4;1.9004580444994361;1.9004580444994361;2.3440667355197
189;41;6;1.9814539294366946;1.9814539294366946;2.504621507717145
190;40;6;1.7258567613370304;1.7258567613370304;2.2671829312785894
191;38;4;2.2406372904605028;2.2406372904605028;2.5527858744376326
192;34;6;2.755174429612955;2.755174429612955;2.9554584074439445
193;45;6;2.7621489139166178;2.7621489139166178;2.5937165554165023
194;40;6;2.5919275107862223;2.5919275107862223;2.8049409860648966
195;38;5;2.0314282953546314;2.0314282953546314;2.451369757276583
196;36;6;2.174885678825397;2.174885678825397;2.2873267409874765
197;40;4;2.9327170652435703;2.9327170652435703;2.954597226773852
198;36;6;2.9400230235694607;2.9400230235694607;3.156218024872029
199;35;5;1.9965242543464892;1.9965242543464892;2.2570133818871017
200;41;5;2.099044666609915;2.099044666609915;2.5844816484285613
201;41;6;2.028809851089643;2.028809851089643;2.4064906464950995
202;42;5;2.0072290945005355;2.0072290945005355;2.4919179766946127
203;39;5;1.833580990255045;1.833580990255045;2.2728271901536186
204;45;5;1.9763427245375225;1.9763427245375225;2.368746312837623
205;39;6;1.977624616188563;1.977624616188563;2.4424396890308233
206;42;4;2.9061537421580756;2.9061537421580756;2.8796112386233235
207;38;5;2.6538348746328118;2.6538348746328118;2.9795627094525514
208;45;6;2.250778856144392;2.250778856144392;2.4590890065713142
209;42;6;2.8974668650493167;2.8974668650493167;3.111911197060164
210;38;4;2.4026318458128126;2.4026318458128126;2.594931683294015
211;23;4;2.0721551245568044;2.0721551245568044;2.4471287243747164
212;42;5;3.8787532826820827;3.8787532826820827;3.4060555868812323
213;34;3;2.0686940208698323;2.0686940208698323;2.4758901927528
214;44;4;2.1756522259244693;2.1756522259244693;2.456769410167259
215;42;4;2.284802481731444;2.284802481731444;2.353074775554946
216;47;6;2.259946863390637;2.259946863390637;2.655318845457703
217;35;5;2.4154714753914956;2.4154714753914956;2.9408621043627745
218;47;6;3.0613027674002278;3.0613027674002278;2.9511166614757154
219;37;5;2.2429334631099516;2.2429334631099516;2.5659955449353995
220;41;5;2.0069080795631464;2.0069080795631464;2.439856398023575
221;41;4;2.8290845971405134;2.8290845971405134;2.950816114447747
222;42;5;1.9558680887823217;1.9558680887823217;2.4064620491085154
223;43;5;2.771722809082752;2.771722809082752;2.8707909236104108
224;39;5;2.2413657764115285;2.2413657764115285;2.6367256047949312
225;41;4;1.9373885475491472;1.9373885475491472;2.5031853314491
226;47;6;1.800840842955911;1.800840842955911;2.2150287157589568
227;45;4;2.15224054571716;2.15224054571716;2.348822257948433
228;51;5;2.0883817355760086;2.0883817355760086;2.5628951737536556
229;50;6;2.733738592008439;2.733738592008439;2.777273678081965
230;49;6;1.8019241847959153;1.8019241847959153;2.155359862151617
231;45;4;1.704011777726609;1.704011777726609;2.229727028873656
232;41;4;2.038903963968761;2.038903963968761;2.299140277702434
233;38;4;2.4243769934308714;2.4243769934308714;2.551357068907039
234;43;5;2.006230200326567;2.006230200326567;2.4222396121633425
235;37;5;2.2674204284566817;2.2674204284566817;2.4832477242176525
236;22;4;2.3699295010165233;2.3699295010165233;2.5912388223657006
237;41;4;1.641962523245188;1.641962523245188;2.068351501234468
238;35;5;2.4482733935473093;2.4482733935473093;3.004381587800807
239;43;7;1.479496471607011;1.479496471607011;1.8519562660249576
240;44;4;1.6942566034065811;1.6942566034065811;2.226741277929421
241;42;6;2.4468449640464867;2.4468449640464867;2.675671323654574
242;46;7;1.4323549647699405;1.4323549647699405;1.8377160510117472
243;49;7;1.7434856227388238;1.7434856227388238;2.222999887568951
244;37;5;2.579878265614441;2.579878265614441;2.883542287924398
245;51;4;1.5740597743067009;1.5740597743067009;2.177253067188315
246;40;6;2.726455374398601;2.726455374398601;2.837787572321495
247;39;4;1.8182759494193281;1.8182759494193281;2.1698998727242285
248;11;5;4.50321586371716;4.50321586371716;3.0459039192923996
249;33;5;2.61004158420986;2.61004158420986;2.9563730420115752
250;39;5;2.4242523875933997;2.4242523875933997;2.6217702683873285
251;42;6;2.3334370913000346;2.3334370913000346;2.503859688431061
252;40;6;2.1184651916787027;2.1184651916787027;2.416854199315089
253;44;5;2.0048577887302814;2.0048577887302814;2.3389449024703297
254;37;5;2.116982738418853;2.116982738418853;2.2787470594979893
255;45;4;2.8208877665990024;2.8208877665990024;2.688133832107906
256;32;4;3.0535463876098015;3.0535463876098015;2.9573916056592853
257;44;5;2.276278311896141;2.276278311896141;2.4703177434683865
258;45;4;2.075543788917534;2.075543788917534;2.328356899455836
259;35;4;2.280688784765916;2.280688784765916;2.6697990705354178
260;47;5;2.169938853374169;2.169938853374169;2.54006538189154
261;34;5;3.498785955360008;3.498785955360008;3.2549442541613978
262;44;6;2.708284944218933;2.708284944218933;2.9548277775386964
263;43;4;1.6243923199997812;1.6243923199997812;2.2019548298737366
264;45;6;2.4256431149121678;2.4256431149121678;2.901872280736922
265;45;4;3.337440924174357;3.337440924174357;3.0345866534419277
266;41;4;2.435601203893448;2.435601203893448;2.458670091579035
267;42;4;2.4440701120458392;2.4440701120458392;2.7156004797971076
268;43;5;2.531443757394051;2.531443757394051;2.6485712229508147
269;50;5;1.7965688300296148;1.7965688300296148;2.2947484290070403
270;43;4;2.5355913343317975;2.5355913343317975;2.6943311571762685
271;48;5;2.1746462236631205;2.1746462236631205;2.6018546499648885
272;27;4;3.542747063280034;3.542747063280034;3.673151115827959
273;35;6;1.8278210391909084;1.8278210391909084;2.3036964932309987
274;40;5;1.5966289805552933;1.5966289805552933;2.1805420178328103
275;37;5;2.0833450237676407;2.0833450237676407;2.50079062369506
276;39;5;3.043282463285519;3.043282463285519;2.8919059993046012
277;38;5;1.829887957303368;1.829887957303368;2.3717819990518776
278;34;4;2.291797204885817;2.291797204885817;2.757217194973743
279;37;5;2.133741691175202;2.133741691175202;2.5225630958018477
280;46;7;1.8024631356600969;1.8024631356600969;2.26425216354941
281;15;5;5.796339066311262;5.796339066311262;3.6789263033401283
282;43;6;2.385553845407854;2.385553845407854;2.8780661600853477
283;41;7;1.9526874548582716;1.9526874548582716;2.348088221648372
284;44;6;1.882824247274188;1.882824247274188;2.3204418676109264
285;5;7;10.023249676641774;10.023249676641774;7.073183150144723
286;37;6;2.128426557081125;2.128426557081125;2.5642482608129673
287;47;7;1.9765035828368773;1.9765035828368773;2.359397975401642
288;46;4;2.564843601908998;2.564843601908998;2.634810639442751
289;44;5;2.084030958287787;2.084030958287787;2.337736905631702
290;49;4;2.4128034739988906;2.4128034739988906;2.601518524739007
291;41;5;1.9401189286519507;1.9401189286519507;2.4396114225992407
292;41;4;1.8565166794908088;1.8565166794908088;2.1919542977114252
293;45;7;2.18069861318781;2.18069861318781;2.3942317115555953
294;36;4;2.3810624897082198;2.3810624897082198;2.681719442445456
295;40;6;2.4040764288692666;2.4040764288692666;2.643219266770103
296;30;6;2.927354321392812;2.927354321392812;2.97384553708805
297;3;4;22.749871269602863;22.749871269602863;11.896392227115184
298;50;6;1.7178203743491023;1.7178203743491023;2.202868039827962
299;45;4;2.0947999069651226;2.0947999069651226;2.4822789967754053
300;32;5;3.468859601884667;3.468859601884667;3.35937554967844
301;46;7;1.7364857314005913;1.7364857314005913;2.237982131897021
302;32;6;2.8369076545666982;2.8369076545666982;2.8049484304882006
303;44;4;2.2086199214535953;2.2086199214535953;2.3543969543882333
304;46;6;1.8931677813389738;1.8931677813389738;2.443758176465792
305;44;4;2.12674428458867;2.12674428458867;2.56233843232509
306;41;7;1.861960803643109;1.861960803643109;2.2270521880670624
307;44;7;1.836719202508073;1.836719202508073;2.4297113812267455
308;43;4;2.848410764841277;2.848410764841277;2.9331556986067833
309;41;4;2.787963705871503;2.787963705871503;2.7572643058031456
310;36;6;2.0821250457563525;2.0821250457563525;2.598458918118139
311;43;5;2.6877678703714984;2.6877678703714984;2.586147225514514
312;45;5;1.9410677070977156;1.9410677070977156;2.3114950738753546
313;47;7;1.7445312800025878;1.7445312800025878;2.0382987009361284
314;43;4;2.179913233986027;2.179913233986027;2.4668156313850056
315;43;5;2.5054375890824545;2.5054375890824545;2.5194171538946355
316;45;4;2.242267045744606;2.242267045744606;2.57929738150009
317;32;5;2.1599544925000376;2.1599544925000376;2.5828953184332777
318;40;4;2.193694502935216;2.193694502935216;2.3956331058429026
319;34;4;2.5917034788618825;2.5917034788618825;2.8735129571087805
320;41;5;1.9491505129819429;1.9491505129819429;2.2524219331630575
321;37;4;2.480564387846709;2.480564387846709;2.795710926837579
322;52;5;1.7579624904233586;1.7579624904233586;2.178426417323859
323;37;3;2.201906252549689;2.201906252549689;2.8364055133228483
324;51;5;2.0907119973632122;2.0907119973632122;2.591416225723062
325;49;6;2.2116382905693532;2.2116382905693532;2.5829042953736625
326;30;5;2.5219192946754845;2.5219192946754845;2.8484592159324107
327;29;4;2.589679580143167;2.589679580143167;2.6245712352775503
328;40;5;2.2988838813170838;2.2988838813170838;2.433520244950867
329;41;5;2.396674489016362;2.396674489016362;2.6743923670169556
330;46;7;1.4472887183738146;1.4472887183738146;1.8455951601094582
331;38;5;2.2251435556217443;2.2251435556217443;2.5635710032400465
332;47;5;2.191149484952079;2.191149484952079;2.5695876965809323
333;41;5;2.050289018828701;2.050289018828701;2.5209905518697626
334;37;5;1.9889646834345058;1.9889646834345058;2.354567393083741
335;40;5;1.947494717535822;1.947494717535822;2.242857076072104
336;41;5;1.9818843074761168;1.9818843074761168;2.39831501561724
337;37;6;2.8218617800561763;2.8218617800561763;2.913147571611622
338;39;5;1.7932051659539616;1.7932051659539616;2.2636408402127848
339;38;5;2.5736407199322175;2.5736407199322175;2.8901695734462307
340;38;5;2.0363463476794004;2.0363463476794004;2.5335737844589676
341;25;4;2.9550068259060978;2.9550068259060978;3.377493351095607
342;36;5;1.7708084820017191;1.7708084820017191;2.2793069150360385
343;37;4;2.760553169087417;2.760553169087417;2.658344226172282
344;39;5;2.0383331556844926;2.0383331556844926;2.3160927642461693
345;48;6;2.2960596052632845;2.2960596052632845;2.7110415671832806
346;39;5;2.5515387422319864;2.5515387422319864;2.4866393061665204
347;41;7;1.8904529881551424;1.8904529881551424;2.3004896005188824
348;42;4;2.297669585762826;2.297669585762826;2.438556853580876
349;43;4;2.3782689253949667;2.3782689253949667;2.479417774420471
350;41;5;2.7794561216801013;2.7794561216801013;3.050939637912088
351;42;5;2.455341967554346;2.455341967554346;2.623159912495609
352;44;4;2.923179056029752;2.923179056029752;3.0363358744043443
353;49;7;2.417163183015277;2.417163183015277;2.788492111803046
354;40;6;2.1767389439807614;2.1767389439807614;2.444528905557436
355;35;6;2.1008901577405967;2.1008901577405967;2.2980650399934697
356;46;4;2.2567872962873694;2.2567872962873694;2.778931266976618
357;48;6;1.8960694302428462;1.8960694302428462;2.2738898755852377
358;45;7;1.973221041481008;1.973221041481008;2.387136899563725
359;27;6;2.9661228113268394;2.9661228113268394;3.0814451206755136
360;44;7;1.9711248186478656;1.9711248186478656;2.3686633533419093
361;28;5;2.641897289045055;2.641897289045055;2.617727743608096
362;44;6;2.262318457624495;2.262318457624495;2.6375362042321613
363;42;4;1.6684131250482244;1.6684131250482244;2.104889483931322
364;36;4;2.5805298643507664;2.5805298643507664;2.7305601081810376
365;36;5;1.7789358904004526;1.7789358904004526;2.281965339596176
366;43;7;1.8513756424869479;1.8513756424869479;2.1608525287208247
367;39;4;1.9680052017018324;1.9680052017018324;2.473220509153525
368;36;6;2.7920621815144124;2.7920621815144124;3.012017978760288
369;47;6;2.9271008027419914;2.9271008027419914;2.914498396449673
370;50;7;2.051436458116227;2.051436458116227;2.3216326688245887
371;41;5;2.9211159252541643;2.9211159252541643;2.80994695907852
372;44;6;1.9301435081126375;1.9301435081126375;2.3531602535939795
373;45;7;1.8707899643384809;1.8707899643384809;2.3230884317344795
374;44;4;2.320945089516826;2.320945089516826;2.5581406785085696
375;48;6;2.562182753523765;2.562182753523765;2.6344040854067736
376;43;6;1.9490155821306014;1.9490155821306014;2.363170091425244
377;43;5;1.8676561473908595;1.8676561473908595;2.4120070964729816
378;38;4;3.0505733137885818;3.0505733137885818;3.0461487618208696
379;38;4;2.903858015682769;2.903858015682769;2.9576803449770543
380;46;5;1.869533921454301;1.869533921454301;2.2473987828041753
381;47;6;2.4998201223824874;2.4998201223824874;2.6950339535111945
382;38;5;2.3041849046736056;2.3041849046736056;2.603938972567043
383;40;4;2.0811682734439914;2.0811682734439914;2.3535090047545153
384;43;7;2.287315287406568;2.287315287406568;2.5567814171505434
385;43;6;2.3678477007399095;2.3678477007399095;2.5628850631231224
386;39;6;2.0319255072112328;2.0319255072112328;2.359823929271717
387;33;5;2.14232676631646;2.14232676631646;2.569401639443154
388;39;5;2.29702673717938;2.29702673717938;2.62871488719276
389;34;4;1.9227258389175486;1.9227258389175486;2.41298945363696
390;36;5;1.834966196494048;1.834966196494048;2.3772671302911386
391;44;6;2.198513208334698;2.198513208334698;2.526420311981813
392;40;6;2.31579845042811;2.31579845042811;2.725964170502649
393;36;6;2.1118578194400497;2.1118578194400497;2.633314238350867
394;48;5;2.066951517712123;2.066951517712123;2.345488951374438
395;52;6;1.6927268656627923;1.6927268656627923;2.163951987954611
396;35;4;1.8322568798500958;1.8322568798500958;2.4004014899046995
397;42;5;2.573125363655923;2.573125363655923;2.778476187465702
398;45;6;2.379322286226532;2.379322286226532;2.608625990545532
399;42;4;2.521226130456471;2.521226130456471;2.7003522964421913
400;45;4;2.5639264420753416;2.5639264420753416;2.5752384450714647
401;36;4;2.386042437233888;2.386042437233888;2.57279377320304
402;39;6;2.7261404862791307;2.7261404862791307;2.791353437792428
403;34;4;2.5087007012768994;2.5087007012768994;2.7950374401561975
404;45;6;2.4514602366561884;2.4514602366561884;2.728299996678758
405;31;4;1.7793024305230214;1.7793024305230214;2.3309379383716227
406;39;4;1.970285666913268;1.970285666913268;2.338622412775008
407;38;4;2.028855675980147;2.028855675980147;2.3072047545344736
408;34;5;2.747748586877413;2.747748586877413;2.744877103047045
409;43;6;2.3318100163809814;2.3318100163809814;2.5850207639430334
410;37;5;1.777170912455931;1.777170912455931;2.251844729420954
411;42;5;2.2776267920467737;2.2776267920467737;2.6558781457476663
412;43;7;2.609766842632536;2.609766842632536;2.694301646027906
413;40;4;1.9104518834268347;1.9104518834268347;2.435013654775846
414;36;4;2.312634996959112;2.312634996959112;2.6458375008213117
415;43;4;2.2636370173212463;2.2636370173212463;2.446210993443716
416;36;4;2.624819620695275;2.624819620695275;2.8472473189985283
417;43;5;2.6708349561776386;2.6708349561776386;2.561421834726224
418;38;4;2.491833581379973;2.491833581379973;2.6524505547987314
419;48;6;2.9698796030127346;2.9698796030127346;2.822317356438552
420;46;6;1.8292184836392387;1.8292184836392387;2.35118649464199
421;40;5;2.0539157649147444;2.0539157649147444;2.5266973517865754
422;39;4;1.9545665852064305;1.9545665852064305;2.399438530526354
423;45;6;2.3862067364098514;2.3862067364098514;2.5828359513851877
424;40;4;3.1680779440016464;3.1680779440016464;3.0746212738330287
425;42;7;2.1028941489445754;2.1028941489445754;2.457969160432516
426;38;4;2.2774105054044043;2.2774105054044043;2.785854043017994
427;39;4;2.3327240997911862;2.3327240997911862;2.580981837906911
428;36;6;2.1497422450463164;2.1497422450463164;2.6310403389315633
429;44;4;1.8815761454969142;1.8815761454969142;2.2045988228379065
430;49;5;1.7832589080921228;1.7832589080921228;2.2152326974289758
431;33;4;2.5793389708872962;2.5793389708872962;2.8432749980830785
432;42;6;3.1075294618036655;3.1075294618036655;3.2929459142824213
433;50;4;2.3124035846098656;2.3124035846098656;2.4821557916529375
434;40;7;2.942651636716093;2.942651636716093;3.2286958661627096
435;40;7;1.8784118365978335;1.8784118365978335;2.289006486360343
436;47;4;3.38596603793949;3.38596603793949;3.054315402212814
437;27;6;3.0992026422604937;3.0992026422604937;3.0990338296055833
438;33;4;2.5027956996487384;2.5027956996487384;2.710840165777424
439;44;5;2.7152377571342163;2.7152377571342163;2.732001796422908
440;43;4;2.1371046776975042;2.1371046776975042;2.520619687434307
441;32;5;2.7966583753453116;2.7966583753453116;2.815821529360005
442;53;5;2.373560107525291;2.373560107525291;2.43889673536966
443;43;6;2.257915356122968;2.257915356122968;2.5127803367893806
444;31;4;2.05595272514038;2.05595272514038;2.383265956233204
445;37;5;1.8640343194392384;1.8640343194392384;2.3796060932912497
446;47;6;2.514853417833146;2.514853417833146;2.7763103266369282
447;44;6;1.7722507066489188;1.7722507066489188;2.199562939738309
448;46;4;2.053423203945071;2.053423203945071;2.4344130680462044
449;37;4;2.6847234387052836;2.6847234387052836;2.6344902153085203
450;40;6;2.4574080970766627;2.4574080970766627;2.702102863179355
451;16;5;5.194227361187992;5.194227361187992;3.509876501542295
452;36;6;2.225210300000382;2.225210300000382;2.5183557551001114
453;40;5;2.214579303111679;2.214579303111679;2.6200490036748256
454;42;5;2.1670438636734306;2.1670438636734306;2.297169944520395
455;49;4;2.0234106383145716;2.0234106383145716;2.5437501472433945
456;43;6;2.7087383228849156;2.7087383228849156;2.8774428935181193
457;44;5;2.634172780836389;2.634172780836389;2.4666576214016893
458;40;6;2.0940691920822685;2.0940691920822685;2.373238981482826
459;39;5;2.8323343741058022;2.8323343741058022;2.913562115361557
460;46;7;2.1811564611748104;2.1811564611748104;2.445008965141162
461;50;5;1.8627202212666432;1.8627202212666432;2.2672880190501754
462;25;5;2.3735997445487778;2.3735997445487778;2.5984210568090353
463;36;4;2.5704903910940513;2.5704903910940513;2.7080694276168265
464;26;4;3.289508854886396;3.289508854886396;3.549889300991979
465;41;4;2.04474182504904;2.04474182504904;2.524250984036907
466;34;5;2.4095519831850574;2.4095519831850574;2.6173757234995967
467;31;4;2.2662561587242642;2.2662561587242642;2.4587549243382214
468;36;5;2.161550163985014;2.161550163985014;2.657868630633475
469;43;5;2.100873243403001;2.100873243403001;2.5992817988184345
470;47;6;2.353956410449728;2.353956410449728;2.6901652581340105
471;9;6;7.092109161777029;7.092109161777029;4.524757298136272
472;40;6;2.1446088938026797;2.1446088938026797;2.4893637047755908
473;49;5;1.8142957349532445;1.8142957349532445;2.228213266256971
474;47;7;1.90102658647865;1.90102658647865;2.104493438239088
475;41;5;2.5841525426740173;2.5841525426740173;2.6670811461058777
476;41;6;1.9100658317850618;1.9100658317850618;2.5312062663328936
477;45;4;2.1911550661505363;2.1911550661505363;2.5265404604329795
478;33;7;2.3049437457491084;2.3049437457491084;2.4205044286611117
479;47;6;2.468291106076045;2.468291106076045;2.8106854493117353
480;41;5;2.6511044632420346;2.6511044632420346;2.8410013723920775
481;31;4;1.742735733210335;1.742735733210335;2.2930828923019235
482;40;4;1.7923577412975782;1.7923577412975782;2.22483358180174
483;42;4;1.908440382305477;1.908440382305477;2.4130948656627207
484;45;5;2.0598289344836744;2.0598289344836744;2.3513709461130627
485;37;5;2.5054789786681466;2.5054789786681466;2.7321075008738296
486;49;5;2.244365498643188;2.244365498643188;2.6457904937260874
487;25;5;2.528050079285908;2.528050079285908;2.6000653584958444
488;47;4;2.0683690132339283;2.0683690132339283;2.2949208470374147
489;48;6;1.9654385459977581;1.9654385459977581;2.4794294322482653
490;45;5;1.8209604415947354;1.8209604415947354;2.1740613087562393
491;43;4;1.722748758054423;1.722748758054423;2.1604876385852703
492;38;6;2.0158784727636747;2.0158784727636747;2.64269757451369
493;38;7;3.3216022883414373;3.3216022883414373;3.555319519507024
494;42;4;3.044150684286211;3.044150684286211;2.8449767636436967
495;39;6;2.1198782383915273;2.1198782383915273;2.4817228158539355
496;39;5;2.1623465119797785;2.1623465119797785;2.4688986494232346
497;42;4;2.1910517312070983;2.1910517312070983;2.4424645415142376
498;43;6;2.3459404372193915;2.3459404372193915;2.575142738183995
499;37;5;2.1242974559360306;2.1242974559360306;2.4736689041122766
500;40;5;2.422055429598712;2.422055429598712;2.6707912434849073
501;49;4;2.3581328841302596;2.3581328841302596;2.576398464715131
502;49;4;1.807668510277643;1.807668510277643;2.264066355963269
503;41;4;1.775634552907385;1.775634552907385;2.381325078899738
504;19;4;3.1479141255179823;3.1479141255179823;2.8544063617901685
505;38;4;2.4580232186160997;2.4580232186160997;2.7154969888319194
506;35;3;2.2808815410715346;2.2808815410715346;2.8636895744900808
507;35;5;2.3957868952531114;2.3957868952531114;2.9555415419955566
508;49;5;2.1271444766426937;2.1271444766426937;2.598532023195614
509;36;5;2.04500365665715;2.04500365665715;2.6848180882041306
510;40;5;2.2880757446117097;2.2880757446117097;2.5893068642760904
511;40;4;1.8006236950425527;1.8006236950425527;2.2194744001786346
512;47;5;2.2531690926266537;2.2531690926266537;2.474311138561724
513;42;7;2.1474262207306056;2.1474262207306056;2.420326902545431
514;38;5;2.4097558867698288;2.4097558867698288;2.559345179829368
515;51;5;1.7170444816146297;1.7170444816146297;2.1713460572593144
516;41;7;1.5840018691879085;1.5840018691879085;1.9019523923081358
517;40;4;1.9525957907891334;1.9525957907891334;2.438217967049181
518;37;4;2.405702826680995;2.405702826680995;2.5308015289317405
519;36;4;2.895807920021261;2.895807920021261;2.7853915085677814
520;38;6;2.055411224225951;2.055411224225951;2.6079012225738163
521;39;4;2.0922697958284147;2.0922697958284147;2.6367238659753642
522;27;4;2.335496762005433;2.335496762005433;2.5492697786997
523;42;6;2.6175889501105103;2.6175889501105103;2.843778969356706
524;47;7;1.778506595771817;1.778506595771817;2.043796676307843
525;33;4;1.8436559056586732;1.8436559056586732;2.3877669177297616
526;25;5;2.9582793181154643;2.9582793181154643;3.3145149197631554
527;42;5;3.24570975385134;3.24570975385134;3.300493463041683
528;41;4;2.2458365281440225;2.2458365281440225;2.572650820400403
529;56;4;2.3455025628036323;2.3455025628036323;2.547544212281714
530;48;6;2.143080480871034;2.143080480871034;2.4288663596147892
531;41;5;1.917019619295376;1.917019619295376;2.2927148763136067
532;37;4;2.387772247053628;2.387772247053628;2.5635029265255636
533;35;4;2.2343193928324183;2.2343193928324183;2.497991428712731
534;39;4;1.937454095860462;1.937454095860462;2.267397475756266
535;44;4;2.043035491739234;2.043035491739234;2.3134256746275876
536;42;7;2.085884591601084;2.085884591601084;2.3808762900064773
537;41;6;1.8824303744768578;1.8824303744768578;2.4610075548201724
538;39;4;2.2642528076649304;2.2642528076649304;2.636014580448494
539;34;4;2.3921124887356773;2.3921124887356773;2.4757960487224673
540;41;4;1.6981781962703162;1.6981781962703162;2.0955832734946065
541;43;7;2.9834707656751664;2.9834707656751664;3.354819403999249
542;38;5;2.019581589541382;2.019581589541382;2.317188843964267
543;43;6;2.8157119683532668;2.8157119683532668;2.7437791066001203
544;33;4;2.2376932228594213;2.2376932228594213;2.8196767562807334
545;37;4;2.5421583978793745;2.5421583978793745;2.5681840042944653
546;42;6;1.7874090132308196;1.7874090132308196;2.2020988960930947
547;46;4;2.5546956395345894;2.5546956395345894;2.664707556645181
548;41;6;2.0617785000604627;2.0617785000604627;2.616830774246952
549;37;5;2.122815713445096;2.122815713445096;2.500681549793281
550;44;5;1.9325847539239909;1.9325847539239909;2.383602762026708
551;38;5;2.2478777267323817;2.2478777267323817;2.4959537810923216
552;43;6;2.6106076542182812;2.6106076542182812;2.80842704209672
553;44;5;2.6125699674501788;2.6125699674501788;2.8818134583328576
554;38;5;2.3796746138629055;2.3796746138629055;2.8373474035407367
555;45;7;1.5016920186633533;1.5016920186633533;1.865751036130354
556;49;6;2.0270201047018075;2.0270201047018075;2.294122208729846
557;34;5;2.2615175503757525;2.2615175503757525;2.7205485973743024
558;43;7;1.8456057806867139;1.8456057806867139;2.398248184427793
559;41;4;2.7651295689048996;2.7651295689048996;2.9103222242959266
560;42;5;2.8062398545430014;2.8062398545430014;2.7564874938750266
561;42;4;2.327852109445383;2.327852109445383;2.4018808899652657
562;39;4;1.846438920159666;1.846438920159666;2.4724078876910442
563;44;4;1.9219747873176896;1.9219747873176896;2.3553706446218854
564;42;6;2.55489470560767;2.55489470560767;2.860609829454162
565;45;4;1.8678326245087917;1.8678326245087917;2.2754412893734224
566;39;6;2.0277907306967466;2.0277907306967466;2.340882661938559
567;42;4;1.7860624818330824;1.7860624818330824;2.1118568681014818
568;44;4;2.1188338153848214;2.1188338153848214;2.4006728865053666
569;48;6;1.901515070658253;1.901515070658253;2.4338494341747725
570;35;4;2.292514550135314;2.292514550135314;2.5992291843941295
571;33;7;2.741826899830666;2.741826899830666;2.7311931288873934
572;37;6;2.2456545198998557;2.2456545198998557;2.6760966825082204
573;27;4;2.395428202431932;2.395428202431932;2.6205388839165487
574;48;6;2.739325150501257;2.739325150501257;2.6731236241127174
575;50;6;1.7827599097910458;1.7827599097910458;2.1699734744462327
576;44;4;2.369297116224773;2.369297116224773;2.393694697636389
577;33;4;2.469850508882869;2.469850508882869;2.740080929008297
578;38;6;1.93412950971284;1.93412950971284;2.430727292203214
579;35;4;2.2827757115293057;2.2827757115293057;2.69355757940592
580;50;4;2.4104781013821137;2.4104781013821137;2.593254431347824
581;48;7;1.876717994010657;1.876717994010657;2.3435783204287906
582;38;5;2.27276964681674;2.27276964681674;2.4131501318518405
583;35;4;1.8384727106252479;1.8384727106252479;2.2084044423494413
584;42;4;1.9128118710206996;1.9128118710206996;2.3200649716913877
585;40;4;1.6244398543723755;1.6244398543723755;2.187917198358668
586;35;7;2.807023782835676;2.807023782835676;2.7379786363929974
587;43;4;2.1230241514030466;2.1230241514030466;2.3597282899468937
588;48;6;1.840203505907727;1.840203505907727;2.3893488836398356
589;40;6;1.986776972864347;1.986776972864347;2.315083460612339
590;47;5;2.748533262714887;2.748533262714887;2.8710000242030986
591;39;5;2.423606844063692;2.423606844063692;2.5379450846388427
592;47;6;1.867728593190116;1.867728593190116;2.346787599101894
593;33;4;2.5574541709025045;2.5574541709025045;2.79344494335042
594;41;6;2.3639748309660846;2.3639748309660846;2.8220255971934516
595;36;5;1.9811405738835424;1.9811405738835424;2.662638677669114
596;43;4;2.3959485612040043;2.3959485612040043;2.4468049364833853
597;52;5;1.7131374425267203;1.7131374425267203;2.1667753348045906
598;44;5;1.8832086663453;1.8832086663453;2.3867594305084046
599;38;5;2.2278699235247443;2.2278699235247443;2.514644663691131
600;41;5;2.1970735232559115;2.1970735232559115;2.600304124187921
601;42;7;1.9427990682189722;1.9427990682189722;2.4735812000912163
602;46;5;2.502423557748701;2.502423557748701;2.6506297916701302
603;40;6;2.139012683217052;2.139012683217052;2.518606541736127
604;23;5;3.4065886289440233;3.4065886289440233;2.8068307356035382
605;21;4;2.599144992459463;2.599144992459463;2.7702640692329914
606;34;6;2.790741116487472;2.790741116487472;2.8577944642701056
607;48;7;2.351910265287081;2.351910265287081;2.672426079532078
608;37;4;2.5560010951752616;2.5560010951752616;2.842269185707004
609;46;7;1.723755431544976;1.723755431544976;2.1005349497406725
610;37;6;1.9941213980253973;1.9941213980253973;2.583473295891612
611;43;5;2.4769402503316256;2.4769402503316256;2.5335639752981916
612;25;4;2.9554580632198117;2.9554580632198117;3.368181545880159
613;42;6;2.4264590239343375;2.4264590239343375;2.890689996319633
614;47;4;2.067675547739755;2.067675547739755;2.4224020038335374
615;44;4;1.87724162015615;1.87724162015615;2.3795213270704836
616;50;4;1.590360849718316;1.590360849718316;2.16924635734287
617;39;5;2.0436498204463005;2.0436498204463005;2.401606947216359
618;34;3;2.0413389838819547;2.0413389838819547;2.4842720713988613
619;47;6;2.5696363899003543;2.5696363899003543;2.7904324558703024
620;39;5;2.551060258658146;2.551060258658146;2.844086674783577
621;40;4;1.7703794484929307;1.7703794484929307;2.371453726708204
622;36;7;2.185502374051278;2.185502374051278;2.395194022800091
623;43;5;2.7272734000211276;2.7272734000211276;3.022498678739413
624;38;5;1.9616218370676484;1.9616218370676484;2.426370529084106
625;50;5;2.2836665783627783;2.2836665783627783;2.482744830868478
626;45;5;2.679280222062345;2.679280222062345;2.9052808089990885
627;48;6;1.9152986094184996;1.9152986094184996;2.279170810664009
628;41;5;1.9539134955571045;1.9539134955571045;2.2557400994469288
629;46;4;2.935974041227135;2.935974041227135;2.8728648978324447
630;40;6;3.161575811440316;3.161575811440316;3.230405267721226
631;37;5;2.474604718369699;2.474604718369699;2.893168011863094
632;42;7;1.9671751787044913;1.9671751787044913;2.374427871805827
633;27;5;2.4752349047289144;2.4752349047289144;2.613666569288348
634;35;6;1.9357780774188105;1.9357780774188105;2.4576602295809407
635;27;6;2.7851790123886775;2.7851790123886775;2.837118551762621
636;37;5;2.0849612969684106;2.0849612969684106;2.377030869051539
637;35;4;2.6443718695814615;2.6443718695814615;2.690623476479756
638;40;4;2.568834161605132;2.568834161605132;2.7873155365138227
639;38;5;2.299685945363235;2.299685945363235;2.692281712697451
640;32;6;2.6085191565504875;2.6085191565504875;2.633349058325781
641;38;6;2.9218010783617094;2.9218010783617094;3.072530450550852
642;51;4;1.6041237017001249;1.6041237017001249;2.1790608608331854
643;45;5;1.8527235636777903;1.8527235636777903;2.1832760301303638
644;36;6;1.8616510243052204;1.8616510243052204;2.400684935901111
645;38;5;1.84934098356317;1.84934098356317;2.2974747334526193
646;48;4;2.581528018015781;2.581528018015781;2.8848517631525836
647;37;6;2.7274299065546947;2.7274299065546947;2.7442838183498757
648;34;4;2.395042309618375;2.395042309618375;2.5840500042397845
649;36;5;2.071777688833647;2.071777688833647;2.4869255699078523
650;41;7;1.8895113211702455;1.8895113211702455;2.1573535619064046
651;52;5;1.7641973378479547;1.7641973378479547;2.254845052009455
652;38;5;2.095126358351418;2.095126358351418;2.3725377841132147
653;40;5;2.0602957716286916;2.0602957716286916;2.3676648402479135
654;39;5;2.269403755988585;2.269403755988585;2.604114535814958
655;40;5;2.7734099067934714;2.7734099067934714;2.7586300074030783
656;40;4;2.223887313409675;2.223887313409675;2.50608583783542
657;40;7;2.169951927962746;2.169951927962746;2.378830174375388
658;42;4;1.919644866303521;1.919644866303521;2.4933766097834886
659;42;5;1.9202471626116957;1.9202471626116957;2.3520115569203304
660;40;5;2.7862049669557374;2.7862049669557374;2.7177459613388186
661;40;6;1.9553909454377565;1.9553909454377565;2.5523556429341254
662;38;4;2.2023961914241212;2.2023961914241212;2.6109992756838993
663;43;4;1.9725770603843662;1.9725770603843662;2.438558428083733
664;41;7;2.9262102630763476;2.9262102630763476;3.0726202250325616
665;52;5;1.8227083703068805;1.8227083703068805;2.1812699751607263
666;38;4;2.2845906852556936;2.2845906852556936;2.4873031707477904
667;43;6;2.3523628492764357;2.3523628492764357;2.830485654236087
668;41;6;1.7451683716094064;1.7451683716094064;2.242705844501214
669;40;5;2.100467147795116;2.100467147795116;2.550558213144138
670;40;4;1.9390223338609818;1.9390223338609818;2.347540486002237
671;38;4;1.7934721927345751;1.7934721927345751;2.180322607110705
672;35;4;3.249823790813874;3.249823790813874;2.9964559835829396
673;37;4;2.5242043778617003;2.5242043778617003;2.710290530159005
674;49;5;2.3496661607798166;2.3496661607798166;2.5416445740974085
675;8;6;7.850577351767135;7.850577351767135;4.611089494401236
676;38;5;2.6139846077020485;2.6139846077020485;2.831326307781307
677;40;7;2.295532863994206;2.295532863994206;2.530321047406782
678;36;4;2.8447400668896474;2.8447400668896474;2.9100470694227556
679;36;5;1.88968767635512;1.88968767635512;2.4014224537330655
680;41;4;1.9803274959809736;1.9803274959809736;2.2166440267391128
681;42;4;1.9835748861936613;1.9835748861936613;2.1926010308964017
682;25;4;2.209789836199618;2.209789836199618;2.4807593904871554
683;36;4;2.0414465051624795;2.0414465051624795;2.452063761271601
684;39;5;2.936466186674848;2.936466186674848;3.061926083652773
685;35;5;3.0317419070018943;3.0317419070018943;3.1434307160825337
686;44;6;2.0161080982902386;2.0161080982902386;2.446199433635684
687;51;4;1.9072497424516486;1.9072497424516486;2.5327921671984757
688;52;6;1.7676380571660588;1.7676380571660588;2.1873224248220433
689;39;5;2.1203110206993694;2.1203110206993694;2.398000453381094
690;42;7;1.8348167097318382;1.8348167097318382;2.2765554726440667
691;45;6;2.405074590471377;2.405074590471377;2.6406627379740053
692;36;4;1.7236378250918687;1.7236378250918687;2.1127244335724047
693;46;4;2.1376300862023063;2.1376300862023063;2.332505656312786
694;41;4;2.750257717365231;2.750257717365231;2.7365546543481076
695;45;6;2.297829938902072;2.297829938902072;2.5192237897341534
696;38;4;1.913773695818963;1.913773695818963;2.2487168598919913
697;39;4;2.7017445812241276;2.7017445812241276;2.97715813599679
698;44;7;1.8390916780808095;1.8390916780808095;2.2119993994106784
699;42;4;2.7598011327830627;2.7598011327830627;2.820526426703821
700;38;7;2.6035612210291554;2.6035612210291554;2.9052935633
701;51;6;1.7701534248033228;1.7701534248033228;2.2339665527994286
702;42;6;2.597860101026672;2.597860101026672;3.0344948918774257
703;40;4;2.19678147388093;2.19678147388093;2.2845679579076097
704;55;5;1.7387009894403105;1.7387009894403105;2.2523482692591816
705;48;6;2.2061238140382193;2.2061238140382193;2.6169419255395443
706;20;5;3.195027979372614;3.195027979372614;2.840247586400768
707;44;4;2.4827483397842602;2.4827483397842602;2.6318069478628434
708;34;5;1.8877758090732284;1.8877758090732284;2.4003196644668567
709;35;4;2.6835352390886;2.6835352390886;2.6799230368324873
710;39;6;2.018848898307199;2.018848898307199;2.362882207626652
711;44;5;2.031283576963658;2.031283576963658;2.492791503192669
712;45;5;1.9664832650707411;1.9664832650707411;2.2779991533996116
713;39;5;2.0743908163830715;2.0743908163830715;2.6348770498825216
714;39;5;2.263667320785887;2.263667320785887;2.516613880246829
715;33;4;2.3772936389779096;2.3772936389779096;2.572910505265451
716;36;5;2.0173531470695543;2.0173531470695543;2.6823610291604534
717;32;4;2.745258741992616;2.745258741992616;2.818239621828394
718;40;5;2.1177131547207337;2.1177131547207337;2.279006549866
719;38;5;2.0598009123742687;2.0598009123742687;2.409203558262603
720;46;6;2.6437186195855054;2.6437186195855054;3.1659431460010037
721;33;4;2.3403556011028455;2.3403556011028455;2.8304050513628725
722;39;6;2.5226804814351595;2.5226804814351595;2.579071753248639
723;32;6;2.738367246216853;2.738367246216853;2.7245690838279546
724;29;5;3.2675488845143614;3.2675488845143614;2.9680704024183795
725;45;5;2.6568789887691406;2.6568789887691406;2.8257573638287563
726;38;5;2.983210303503794;2.983210303503794;3.102041163776312
727;42;6;2.3222064597027376;2.3222064597027376;2.6526844394432714
728;31;4;1.8432617498892845;1.8432617498892845;2.3172334756240844
729;44;5;2.1888780706051554;2.1888780706051554;2.377149896148037
730;38;5;2.6465544082692865;2.6465544082692865;2.8954118630167147
731;42;7;1.8566919615416773;1.8566919615416773;2.460670141564112
732;37;6;2.1151565613031047;2.1151565613031047;2.2425382240903207
733;35;4;2.2717867469271176;2.2717867469271176;2.5662588398538433
734;50;7;1.8375532439009856;1.8375532439009856;2.337034638046023
735;38;5;2.6039865233515678;2.6039865233515678;2.793279198333259
736;34;6;1.8606441948715662;1.8606441948715662;2.3143142568634323
737;48;4;1.7269923620322614;1.7269923620322614;2.1011089570577894
738;38;4;1.7514725304271295;1.7514725304271295;2.1466203503570274
739;38;4;2.409428499302957;2.409428499302957;2.6805014713562634
740;46;4;2.5351956134986366;2.5351956134986366;2.6257621770627786
741;42;4;2.309080416452237;2.309080416452237;2.6764694812453493
742;37;5;2.305712378407518;2.305712378407518;2.508115126382131
743;43;4;2.5324786481305512;2.5324786481305512;2.7105253476345452
744;37;4;2.2463129535309885;2.2463129535309885;2.360858234330596
745;51;5;1.6758803768662587;1.6758803768662587;2.1478325424917264
746;46;5;2.0071921616260924;2.0071921616260924;2.3946404878690437
747;37;4;2.6668164986577394;2.6668164986577394;2.8045614328133865
748;36;4;2.69994352805333;2.69994352805333;2.6543201597190564
749;40;5;2.2356590828299048;2.2356590828299048;2.5986565443066647
750;46;5;1.805836361245387;1.805836361245387;2.3068654019414003
751;58;5;1.6346984844304702;1.6346984844304702;2.24044079300437
752;33;4;2.5818690455437214;2.5818690455437214;2.842749238151535
753;39;5;2.3005201056454028;2.3005201056454028;2.4660475805473627
754;49;4;1.6854616432151297;1.6854616432151297;2.225472576115427
755;46;5;1.8515592622485837;1.8515592622485837;2.194259122353633
756;30;5;2.7536677802662335;2.7536677802662335;2.875610769786635
757;39;5;2.5542701570251167;2.5542701570251167;2.5599240775996406
758;40;6;2.600640881316826;2.600640881316826;2.5759048443990844
759;40;7;1.8682557599789893;1.8682557599789893;2.280678149986316
760;43;4;1.8940792365441743;1.8940792365441743;2.4411449686156343
761;46;5;1.8639269366564843;1.8639269366564843;2.239411229735944
762;40;4;2.5526003900191214;2.5526003900191214;2.6371637772203425
763;40;4;1.85974748181584;1.85974748181584;2.4816271876606932
764;40;4;2.5667208077090953;2.5667208077090953;2.740822330909257
765;45;7;1.4560802119814815;1.4560802119814815;1.8279553539147388
766;34;4;2.382540968818865;2.382540968818865;2.468574688010602
767;46;7;2.2628515693199684;2.2628515693199684;2.629733996086575
768;41;6;2.251553410009182;2.251553410009182;2.581600678858052
769;44;6;3.7020679574914923;3.7020679574914923;3.33601033759071
770;35;5;2.404228328318377;2.404228328318377;2.904142465366929
771;5;8;9.902043391674763;9.902043391674763;6.764705259895291
772;44;6;2.33414690582887;2.33414690582887;2.687157377318524
773;44;3;2.8163774753843445;2.8163774753843445;2.9078136275265094
774;3;4;28.537385830223343;28.537385830223343;12.035249415316622
775;9;4;5.579233800600246;5.579233800600246;3.224397870377604
776;35;5;2.7606428758261523;2.7606428758261523;2.7970730254472373
777;42;6;2.1081175555565297;2.1081175555565297;2.557438796537402
778;42;7;1.9153327552586839;1.9153327552586839;2.3175554617582725
779;34;5;1.9175867722968407;1.9175867722968407;2.432854393797863
780;40;6;2.2712078937607996;2.2712078937607996;2.558704316649838
781;45;7;1.8228708292577327;1.8228708292577327;2.0838527448003505
782;49;7;1.9411982996721886;1.9411982996721886;2.2001043053442917
783;45;7;2.4626354855884958;2.4626354855884958;2.8003008698508736
784;46;4;2.229821670162195;2.229821670162195;2.8001910818958398
785;40;5;2.2635918650260085;2.2635918650260085;2.6004447470127645
786;41;5;2.693103626609494;2.693103626609494;2.870521788397437
787;43;5;2.136539344805773;2.136539344805773;2.6159752222327963
788;44;5;1.7897647363227966;1.7897647363227966;2.1580506333999936
789;46;5;2.2303207600150525;2.2303207600150525;2.5654902184269006
790;38;5;1.8998345156403809;1.8998345156403809;2.3873525471784074
791;35;4;2.8674948804264915;2.8674948804264915;2.8304422863760177
792;31;4;3.280355589265551;3.280355589265551;2.9737756505663078
793;36;7;2.133855408279252;2.133855408279252;2.350132530884684
794;37;5;1.9644775438352973;1.9644775438352973;2.358733449870264
795;20;4;2.710485221824322;2.710485221824322;2.8529420932028406
796;42;7;1.8562250048867337;1.8562250048867337;2.2185754614403783
797;41;4;2.5656979299787035;2.5656979299787035;2.743138193688402
798;35;6;2.590148977432879;2.590148977432879;2.581334459690721
799;48;6;1.9660202413236239;1.9660202413236239;2.2798124890029885
