Skewness: -1.291321078380319, Average LID: LPCA: 4.44375  |||  MLE: 2.4908807627391005  |||  MLENB: 2.4908807627391005  |||  TLE: 2.5554982297577964
LPCA: -0.22749060325909262  |||  MLE: -0.4085830137255981  |||  MLENB: -0.4085830137255981  |||  TLE: -0.498242518057791
node;in_degree;local_intrinsic_dimensionality_LPCA;local_intrinsic_dimensionality_MLE;local_intrinsic_dimensionality_MLENB;local_intrinsic_dimensionality_TLE
0;74;5;2.3534083437485633;2.3534083437485633;2.4504023892274103
1;101;4;1.7537784641400957;1.7537784641400957;2.15921700402786
2;107;4;2.548791293074577;2.548791293074577;2.5441176617078995
3;79;4;2.1018279447121833;2.1018279447121833;2.480647305312572
4;86;4;2.0682251889669896;2.0682251889669896;2.3379718230244704
5;95;4;2.0089165340354906;2.0089165340354906;2.2975268780290317
6;92;5;2.1134624840712544;2.1134624840712544;2.3968382893228224
7;34;5;2.6624869537283495;2.6624869537283495;2.4900181963646526
8;90;5;2.7523125209170995;2.7523125209170995;2.6750798813350434
9;82;4;2.0655574038764546;2.0655574038764546;2.2933636835234004
10;51;5;3.4449848744057388;3.4449848744057388;3.084068214294003
11;93;4;1.7622337956229148;1.7622337956229148;2.0797338879954443
12;56;5;2.7137025949368434;2.7137025949368434;2.8833980462574513
13;74;5;2.3221504755160396;2.3221504755160396;2.6151277007527827
14;70;4;1.8830301987546685;1.8830301987546685;2.29097999964605
15;71;4;2.1109241317317093;2.1109241317317093;2.4230002081828967
16;43;5;2.8445923142562;2.8445923142562;2.541932159592957
17;84;4;2.2991495154015427;2.2991495154015427;2.6171730141064327
18;92;5;2.339499915364152;2.339499915364152;2.488395895916285
19;77;5;2.5923623779677376;2.5923623779677376;2.7951930623528263
20;76;4;2.460576510780791;2.460576510780791;2.6096651276646754
21;97;4;2.0674376907862055;2.0674376907862055;2.2031413570099683
22;69;4;2.2195798105820743;2.2195798105820743;2.5605651547308383
23;83;4;2.418225504455726;2.418225504455726;2.551560620154736
24;79;5;2.4703319967945085;2.4703319967945085;2.6212129589444135
25;49;4;2.776279551179003;2.776279551179003;2.6295324960116995
26;86;3;2.8490701698086363;2.8490701698086363;2.721128986052292
27;80;4;2.3432297609579633;2.3432297609579633;2.5065086572654107
28;84;5;1.9482337090964708;1.9482337090964708;2.2948722943836053
29;30;5;3.441267363405425;3.441267363405425;3.1566689186194745
30;86;5;1.8964731134777513;1.8964731134777513;2.3349143496481726
31;97;5;2.195159276401136;2.195159276401136;2.470730496784731
32;67;4;2.322761931870732;2.322761931870732;2.5738279522380108
33;81;4;2.5008398507226657;2.5008398507226657;2.7582058492015324
34;77;4;2.427716023722374;2.427716023722374;2.5390495967740847
35;110;5;2.135499552924376;2.135499552924376;2.409050737149287
36;74;4;2.4310009252392044;2.4310009252392044;2.7131995204482866
37;81;4;2.7609680964511347;2.7609680964511347;2.7717143183833155
38;103;5;2.3567293667500833;2.3567293667500833;2.503660472888887
39;96;5;2.366092864986313;2.366092864986313;2.545101583066489
40;73;3;3.4248582398548604;3.4248582398548604;3.231873108038957
41;76;5;1.7448462493604557;1.7448462493604557;2.132147546041999
42;78;5;1.8141315074264426;1.8141315074264426;2.2198026642590096
43;78;4;2.210578695849421;2.210578695849421;2.4273411613705913
44;30;5;2.554311148187849;2.554311148187849;2.501807584372784
45;25;5;3.711507363470542;3.711507363470542;2.687882935451702
46;72;5;2.040183442919298;2.040183442919298;2.393471372298408
47;87;3;2.5019203040295763;2.5019203040295763;2.7627739356399355
48;89;4;1.9383067002118097;1.9383067002118097;2.3210026139086968
49;73;6;1.9435270609013726;1.9435270609013726;2.2017106577407746
50;77;4;2.3075124820438986;2.3075124820438986;2.575639931412019
51;95;4;2.0265296558611214;2.0265296558611214;2.21601444520494
52;74;4;2.4738947690229702;2.4738947690229702;2.5625106211792077
53;81;5;2.0540669664114017;2.0540669664114017;2.4810260951892995
54;88;4;1.6718830218059464;1.6718830218059464;2.119660990833707
55;34;5;2.728617415032816;2.728617415032816;2.572322425140548
56;72;4;2.1109192425886576;2.1109192425886576;2.6081956738788774
57;62;5;2.5060210277345525;2.5060210277345525;2.887674061917563
58;88;5;2.477626862407678;2.477626862407678;2.6536748217462263
59;84;5;2.127676908923485;2.127676908923485;2.339526260578531
60;34;6;3.276369463641468;3.276369463641468;2.979239988338436
61;46;5;3.0342771285695584;3.0342771285695584;2.8988189174890904
62;40;5;2.6799198326008815;2.6799198326008815;2.831077346797774
63;99;4;2.0314547434997037;2.0314547434997037;2.3342025217885936
64;82;4;2.9333335935115654;2.9333335935115654;2.8343834474930456
65;106;4;1.6871497969127316;1.6871497969127316;2.132734728586589
66;80;5;2.0110343621387017;2.0110343621387017;2.391318508275611
67;115;4;2.262827915988848;2.262827915988848;2.383370566265708
68;100;4;2.216420222749996;2.216420222749996;2.4163057311388587
69;121;5;1.8904912499333104;1.8904912499333104;2.223899792016944
70;74;5;1.817890212544081;1.817890212544081;2.2429031195424014
71;70;4;2.017700702031002;2.017700702031002;2.472137091992957
72;87;4;2.580290556967893;2.580290556967893;2.650679318728993
73;25;5;3.0653821408551587;3.0653821408551587;2.568099033588365
74;87;4;2.8410754540178;2.8410754540178;2.8498567114588864
75;88;4;1.7332946195776946;1.7332946195776946;2.1807630821051642
76;73;4;2.486748400514765;2.486748400514765;2.6855601002495333
77;92;4;2.5895954858326142;2.5895954858326142;2.5897266292703973
78;88;5;2.1973665618004294;2.1973665618004294;2.5184000250096825
79;97;5;2.2370542074080535;2.2370542074080535;2.600920704450987
80;67;4;2.50734839139808;2.50734839139808;2.7106565681158745
81;37;6;2.773388465561189;2.773388465561189;2.9137445387798877
82;68;4;2.2014445672894407;2.2014445672894407;2.55831143816236
83;41;5;2.9242508726518754;2.9242508726518754;2.57084363218103
84;104;4;2.0073871451367773;2.0073871451367773;2.249625918595245
85;92;4;2.1428413227700456;2.1428413227700456;2.4267037851477675
86;92;4;1.9095478935883397;1.9095478935883397;2.2233331600767463
87;106;5;2.1184296471000055;2.1184296471000055;2.4135016504139615
88;68;4;2.111846062466739;2.111846062466739;2.461259900858642
89;84;5;1.9276389459878511;1.9276389459878511;2.3090504535739527
90;79;4;2.895566863198162;2.895566863198162;2.89423471189073
91;82;6;1.8668474441790428;1.8668474441790428;2.3304325094736265
92;94;6;2.102817843371985;2.102817843371985;2.4123946527072277
93;72;5;1.7580505803637398;1.7580505803637398;2.168884304760794
94;78;4;2.4309206681664777;2.4309206681664777;2.567577695367396
95;110;5;2.239638183301666;2.239638183301666;2.4805160647950917
96;71;5;1.819355034477241;1.819355034477241;2.2124296323331643
97;71;4;2.331099587149522;2.331099587149522;2.655193070104527
98;67;4;2.3935405733942052;2.3935405733942052;2.5436612153628624
99;104;4;1.678743529753447;1.678743529753447;2.099705682189482
100;54;5;3.2993008557795824;3.2993008557795824;2.938334903026172
101;89;5;2.5217822376032997;2.5217822376032997;2.5958274921114817
102;72;5;1.7271896096385688;1.7271896096385688;2.144823565808861
103;83;5;2.3229186056206355;2.3229186056206355;2.6669795647573773
104;93;5;2.23778628786008;2.23778628786008;2.493350491174594
105;74;4;2.1455211273110044;2.1455211273110044;2.5178984009149827
106;79;6;2.1851173508938664;2.1851173508938664;2.4211208094488823
107;88;4;1.9459511551991888;1.9459511551991888;2.3531820969706856
108;10;6;9.876835406849676;9.876835406849676;5.387672546808239
109;82;4;2.2345574845967557;2.2345574845967557;2.502676691002966
110;90;4;1.8765843503654536;1.8765843503654536;2.216848167832833
111;102;4;1.9367400669984123;1.9367400669984123;2.28012286579664
112;107;4;2.5074799514005326;2.5074799514005326;2.4873000923980135
113;69;4;2.1254919543130346;2.1254919543130346;2.5043993149823307
114;76;4;2.644101634978268;2.644101634978268;2.7363116711397986
115;90;3;2.510476742049513;2.510476742049513;2.7607095743015058
116;76;6;1.8728361856339735;1.8728361856339735;2.163334961823032
117;74;5;1.7464655507079059;1.7464655507079059;2.1721283269836285
118;69;5;2.4102694710015755;2.4102694710015755;2.563803241327584
119;105;5;2.153224795894368;2.153224795894368;2.434214098337788
120;85;4;2.503677073529419;2.503677073529419;2.7362610628353927
121;97;5;2.6325966651862234;2.6325966651862234;2.7224827267924567
122;115;4;2.406765538912784;2.406765538912784;2.4427772919583184
123;68;4;2.1223375619602303;2.1223375619602303;2.488275255490405
124;66;4;2.1077638269152263;2.1077638269152263;2.4820792564473004
125;72;4;2.5612554481078083;2.5612554481078083;2.6510067990737296
126;92;5;2.095313509219086;2.095313509219086;2.3851284212066988
127;82;4;2.140363781535278;2.140363781535278;2.400600586077186
128;87;4;2.135007721216887;2.135007721216887;2.350302677015611
129;54;4;2.7755087771291462;2.7755087771291462;2.6448866237996334
130;84;4;2.432891807514296;2.432891807514296;2.6003071318039437
131;91;6;2.133419723168632;2.133419723168632;2.515905519576437
132;88;4;2.260800900043342;2.260800900043342;2.466755475961374
133;90;4;2.2361751595766255;2.2361751595766255;2.5549924019938133
134;70;4;2.582724159549276;2.582724159549276;2.677919268078751
135;72;4;2.273369515720876;2.273369515720876;2.4485471238868586
136;71;4;2.380055271351496;2.380055271351496;2.6103744402021705
137;10;6;9.54411842047577;9.54411842047577;5.054176989141329
138;105;5;2.23222022493467;2.23222022493467;2.4409053566783476
139;80;4;2.098548046595315;2.098548046595315;2.5004353638272954
140;104;4;1.9813598890121424;1.9813598890121424;2.248481360451294
141;83;5;2.564827313373615;2.564827313373615;2.6480676043156652
142;67;5;2.734466725920819;2.734466725920819;2.72525897787448
143;100;5;2.139084821332422;2.139084821332422;2.450310652609007
144;94;5;2.292007689725153;2.292007689725153;2.4831360230321864
145;66;4;1.9640197670200366;1.9640197670200366;2.301579608390134
146;91;4;2.0431622059325325;2.0431622059325325;2.369924783299818
147;91;4;2.2463832211854395;2.2463832211854395;2.4393829133465963
148;69;4;1.8845396391335785;1.8845396391335785;2.303079806068959
149;21;5;3.914517216802126;3.914517216802126;2.7210903626296803
150;73;5;1.8545846497164344;1.8545846497164344;2.2573201897604998
151;68;4;2.2445095638666004;2.2445095638666004;2.5705874063695835
152;87;4;2.539105037421334;2.539105037421334;2.61755386839818
153;76;4;2.913177351409148;2.913177351409148;2.8966415048271243
154;83;4;2.1395241857078755;2.1395241857078755;2.4201231482101457
155;96;6;2.0328581416845304;2.0328581416845304;2.496561019261659
156;96;4;2.1924634435595696;2.1924634435595696;2.399496889400973
157;40;6;2.7865306270840065;2.7865306270840065;2.8677935847279725
158;75;5;2.5569108409345556;2.5569108409345556;2.6476804567706544
159;86;4;2.217315614004919;2.217315614004919;2.5777356530579256
160;82;5;2.4666473783004097;2.4666473783004097;2.660846768265945
161;92;4;1.9137328481145575;1.9137328481145575;2.221168923673341
162;81;4;2.163192634488506;2.163192634488506;2.4135854225632483
163;94;5;2.3185539320580277;2.3185539320580277;2.5415148600121404
164;84;4;2.6126692027232723;2.6126692027232723;2.7166109947960386
165;94;5;2.0682343391697686;2.0682343391697686;2.3523852762795414
166;70;3;3.347795087780581;3.347795087780581;3.244271626963936
167;80;4;2.7038708087923022;2.7038708087923022;2.7014616251783794
168;83;5;2.0498348208006485;2.0498348208006485;2.2575202074126377
169;111;4;2.303875904588047;2.303875904588047;2.473675834318428
170;89;5;1.9229657801007913;1.9229657801007913;2.2149956200819076
171;71;4;2.486184917326576;2.486184917326576;2.6324811303460995
172;73;6;1.912467420724904;1.912467420724904;2.18060848745316
173;67;4;2.2317261626868223;2.2317261626868223;2.6249475365319266
174;88;4;1.9341363325964784;1.9341363325964784;2.3268080348537516
175;89;4;1.8214903156178914;1.8214903156178914;2.1057189314234686
176;92;4;1.8513680795562;1.8513680795562;2.2235563933039764
177;83;4;2.210435615198184;2.210435615198184;2.562131286409176
178;90;5;2.113590896588769;2.113590896588769;2.429721395124114
179;71;4;2.2127938303456873;2.2127938303456873;2.453597248898938
180;97;4;2.027619026280606;2.027619026280606;2.2970762577908244
181;103;4;1.7044004321709099;1.7044004321709099;2.1129100744836395
182;78;4;2.500685784467025;2.500685784467025;2.7291356752643687
183;66;5;2.0715154628609675;2.0715154628609675;2.4258187465651115
184;82;6;1.8550854351203279;1.8550854351203279;2.3112374968418923
185;43;5;2.907852824193544;2.907852824193544;2.604251873425278
186;77;5;1.7471537839455171;1.7471537839455171;2.123825164491118
187;99;5;2.221988223510098;2.221988223510098;2.635691844606029
188;91;4;1.9715752004224985;1.9715752004224985;2.3785242142487877
189;87;5;2.111439216474798;2.111439216474798;2.422251250619475
190;90;4;1.9892553873388283;1.9892553873388283;2.4984688661522085
191;110;4;2.2250021178905945;2.2250021178905945;2.4105625542390223
192;71;4;2.3535919190170844;2.3535919190170844;2.584831743229851
193;118;4;2.25201204105053;2.25201204105053;2.3655824718518335
194;93;4;2.213442654362561;2.213442654362561;2.4088755647065274
195;69;4;2.225888334253747;2.225888334253747;2.6464927854506524
196;82;4;2.5626167729231457;2.5626167729231457;2.74802408044798
197;106;5;2.4436641180283263;2.4436641180283263;2.4477068450106096
198;84;5;2.4243560123032606;2.4243560123032606;2.5737476163334705
199;84;4;2.1372405989488206;2.1372405989488206;2.401871281342496
200;70;4;2.017211641105908;2.017211641105908;2.3856575347918842
201;92;4;2.0164953107412114;2.0164953107412114;2.31137198829013
202;64;4;2.000146596318203;2.000146596318203;2.379299391750544
203;69;4;2.1219754193540323;2.1219754193540323;2.495902896608134
204;77;4;2.179809521924538;2.179809521924538;2.5255884256794787
205;80;5;2.0749908502254484;2.0749908502254484;2.4436354289297095
206;77;4;2.458664849996118;2.458664849996118;2.531772929093153
207;87;5;2.3259374811916023;2.3259374811916023;2.543360066890615
208;95;5;2.116153175941824;2.116153175941824;2.3938906879966377
209;99;5;2.3214503809129705;2.3214503809129705;2.428096160120494
210;78;4;2.557421299946396;2.557421299946396;2.7328098369611857
211;29;5;2.5629807869251398;2.5629807869251398;2.5053411839755793
212;83;5;2.3730741305511494;2.3730741305511494;2.3521694424074795
213;75;4;2.3509999602058476;2.3509999602058476;2.6374939178446253
214;95;4;2.013907909942178;2.013907909942178;2.287633290239973
215;87;4;2.1601644942838285;2.1601644942838285;2.339183937880558
216;92;4;1.8847637456503985;1.8847637456503985;2.2352005292073645
217;72;4;2.595614305022415;2.595614305022415;2.8734899079314706
218;92;4;2.094245364936443;2.094245364936443;2.248728217247452
219;71;4;2.2945774119893176;2.2945774119893176;2.5892456804985797
220;95;4;1.97957330569539;1.97957330569539;2.289980839634192
221;79;4;2.6724869271379292;2.6724869271379292;2.6737819818133257
222;64;4;1.9841595719806553;1.9841595719806553;2.357748385545935
223;78;5;2.314077102896362;2.314077102896362;2.4232365018232724
224;69;4;2.0767886006263963;2.0767886006263963;2.385758565595851
225;83;4;2.0729799421824775;2.0729799421824775;2.461805340681348
226;104;4;1.7666271438055603;1.7666271438055603;2.1777274745424964
227;93;4;1.8588223931998724;1.8588223931998724;2.0937275798592863
228;60;5;2.6303062165931617;2.6303062165931617;2.8589962772365527
229;82;5;2.0959835770139015;2.0959835770139015;2.2898393791810987
230;79;5;1.7528938214122676;1.7528938214122676;2.150087199796002
231;88;5;1.8596386435722296;1.8596386435722296;2.3293669695982913
232;93;5;2.2859561767209846;2.2859561767209846;2.510663251820217
233;83;4;2.469075786419606;2.469075786419606;2.6716425650237223
234;97;4;1.9852277816059123;1.9852277816059123;2.289181096564078
235;72;4;2.7199799323091525;2.7199799323091525;2.8726140355319476
236;29;5;2.754348298402603;2.754348298402603;2.5169549006792282
237;70;4;2.034187293190719;2.034187293190719;2.4654318871642253
238;77;4;2.5879514924820044;2.5879514924820044;2.8624220838099514
239;104;4;1.674989810910043;1.674989810910043;2.1113069883679176
240;85;5;1.8322544429997023;1.8322544429997023;2.298134161487709
241;102;5;2.1964560666830537;2.1964560666830537;2.442066661312253
242;113;4;1.6362041179951825;1.6362041179951825;2.0945073159674776
243;109;4;1.717109638994624;1.717109638994624;2.154835165303227
244;71;4;2.400515799589742;2.400515799589742;2.6059086832637686
245;89;4;1.670016156371334;1.670016156371334;2.1208829923006105
246;91;4;2.2525826761756953;2.2525826761756953;2.4283520093763116
247;88;4;1.9645451649565233;1.9645451649565233;2.303001795337512
248;20;5;5.017038377799622;5.017038377799622;2.8449990394473303
249;72;5;2.6198039332211454;2.6198039332211454;2.7852580362492927
250;68;4;2.300980660518172;2.300980660518172;2.539049238179826
251;89;4;1.9929275727786766;1.9929275727786766;2.225306616699705
252;84;4;2.096412097252955;2.096412097252955;2.3618691850222815
253;67;4;2.1460112657886206;2.1460112657886206;2.4866981745765773
254;79;4;2.321174584745542;2.321174584745542;2.5400828654701293
255;83;4;2.86319390845747;2.86319390845747;2.8311746026474753
256;79;4;2.747816599762874;2.747816599762874;2.6328568300066593
257;66;5;2.2160124694470444;2.2160124694470444;2.4560291953123334
258;98;4;1.8281956675555273;1.8281956675555273;2.0790983631809907
259;80;4;2.3915636715395454;2.3915636715395454;2.61443899362411
260;118;4;1.906916833421978;1.906916833421978;2.1846809201494124
261;82;5;2.7815898298477966;2.7815898298477966;2.761048438366447
262;102;5;2.213402937648116;2.213402937648116;2.4408524838775976
263;89;4;1.745115303644164;1.745115303644164;2.1821533471482515
264;89;5;2.030789163547382;2.030789163547382;2.3068519651778656
265;83;4;2.312275821743683;2.312275821743683;2.436907350032622
266;87;4;2.2370243751140406;2.2370243751140406;2.3927232572574084
267;90;4;2.306659801900257;2.306659801900257;2.46482026681189
268;74;4;2.251297897562408;2.251297897562408;2.448194858702429
269;92;5;2.0963200643487867;2.0963200643487867;2.4638461120994055
270;74;4;2.4214885843400946;2.4214885843400946;2.5749153077574403
271;56;5;2.7335903342606587;2.7335903342606587;2.8941949271313243
272;70;3;3.4831231509345155;3.4831231509345155;3.2970999997835855
273;87;4;2.0550001620167113;2.0550001620167113;2.507804173863063
274;88;4;1.7274407437735606;1.7274407437735606;2.1720008727773874
275;70;4;2.120544685052631;2.120544685052631;2.4244354441406064
276;68;4;2.525080652125298;2.525080652125298;2.5535542736616983
277;75;5;2.184455485269693;2.184455485269693;2.5674394937863365
278;76;4;2.432521167906276;2.432521167906276;2.6334905347567488
279;92;4;2.171611194384866;2.171611194384866;2.4089329073955748
280;102;4;1.7266368908981016;1.7266368908981016;2.146221641755216
281;24;5;7.257318027833258;7.257318027833258;4.142575627230296
282;91;4;2.0872693973472707;2.0872693973472707;2.3856542262072193
283;84;5;1.9258152504065513;1.9258152504065513;2.301835206254841
284;101;6;2.033126352781191;2.033126352781191;2.50903004221523
285;7;6;19.620838250668278;19.620838250668278;12.50808999522139
286;87;5;2.206934832432066;2.206934832432066;2.4556181507211554
287;88;5;1.9055701216784786;1.9055701216784786;2.2619791576899297
288;105;5;2.436560266830196;2.436560266830196;2.5749919215824164
289;78;4;2.2139641770009573;2.2139641770009573;2.468356343904479
290;69;5;2.710211177270141;2.710211177270141;2.7797835500961625
291;81;5;2.0195389453171178;2.0195389453171178;2.403161928622818
292;67;4;2.112065796073322;2.112065796073322;2.4264226021829463
293;78;5;1.9392727137070702;1.9392727137070702;2.2380783789982623
294;77;4;2.5388255392887507;2.5388255392887507;2.6782640590747757
295;103;5;2.212043305281388;2.212043305281388;2.464731075939559
296;75;5;2.519740369713356;2.519740369713356;2.5968664421318746
297;3;5;44.64157190300954;44.64157190300954;11.01899054442478
298;79;6;1.7976224387024053;1.7976224387024053;2.2693488294431323
299;87;4;1.8513711051035981;1.8513711051035981;2.158148246600764
300;74;3;3.3234071211328478;3.3234071211328478;3.190399723638603
301;90;5;1.7849326427054866;1.7849326427054866;2.223730499157349
302;70;4;2.509309239389971;2.509309239389971;2.6521980227713295
303;97;5;2.3485797898315544;2.3485797898315544;2.5612738327153175
304;81;5;1.9655553413764069;1.9655553413764069;2.374291031254687
305;98;4;2.0688952605312543;2.0688952605312543;2.292247770352609
306;72;5;1.8408331430602096;1.8408331430602096;2.263337841914687
307;86;5;1.8534325626792747;1.8534325626792747;2.308210007182472
308;78;4;2.4478712307147106;2.4478712307147106;2.5670846196049824
309;82;4;2.7445844025422628;2.7445844025422628;2.738387177902673
310;78;4;2.1338627796510456;2.1338627796510456;2.5036661659440007
311;63;4;2.7463893301618714;2.7463893301618714;2.6712274683889214
312;91;4;1.7896902870942057;1.7896902870942057;2.0757066200865006
313;124;5;1.8434261503732792;1.8434261503732792;2.2097225967272878
314;86;4;2.0091332506034623;2.0091332506034623;2.302355963815716
315;75;4;2.319066716761862;2.319066716761862;2.406699327912652
316;105;4;2.2078469150590734;2.2078469150590734;2.3989657722483946
317;88;5;2.3623319839447467;2.3623319839447467;2.644587943069994
318;92;4;2.1822684527810283;2.1822684527810283;2.4490296628991635
319;79;4;2.3331841163580838;2.3331841163580838;2.509961813825156
320;99;5;2.2931372134345422;2.2931372134345422;2.570164587093284
321;81;4;2.751582020822062;2.751582020822062;2.864706288772582
322;86;6;1.8886694312133916;1.8886694312133916;2.363854627144548
323;81;4;2.478060371640221;2.478060371640221;2.7568180726337217
324;60;5;2.609707965866736;2.609707965866736;2.856340934033029
325;92;5;1.952336949335408;1.952336949335408;2.2741284010324336
326;85;4;2.506090876797811;2.506090876797811;2.6588780903867275
327;39;5;2.8795692723229793;2.8795692723229793;2.6010621650377574
328;65;4;2.297831304001841;2.297831304001841;2.526269439008685
329;70;4;2.375888443222504;2.375888443222504;2.6276023244312126
330;103;4;1.6548017934393286;1.6548017934393286;2.1104351305721125
331;72;4;2.458277395121817;2.458277395121817;2.730840066420722
332;118;4;1.9053880735177386;1.9053880735177386;2.1821774609429765
333;62;4;2.024963507457685;2.024963507457685;2.3925101265539896
334;68;4;2.251048803094652;2.251048803094652;2.639549633709445
335;96;5;2.2571081918193148;2.2571081918193148;2.5218155799369373
336;71;4;2.0152837285032765;2.0152837285032765;2.3731543661608696
337;83;5;2.4561656602266035;2.4561656602266035;2.5720535689304564
338;68;4;2.0933434603846357;2.0933434603846357;2.4878542095823937
339;79;5;2.500507612801404;2.500507612801404;2.6414586001720695
340;73;4;2.051054230166115;2.051054230166115;2.390879283484766
341;77;4;3.0676050447898233;3.0676050447898233;3.0922057695411014
342;71;4;2.0963983480668;2.0963983480668;2.623974208732634
343;84;3;2.7470657467405406;2.7470657467405406;2.6456596244396646
344;68;4;2.270837684196126;2.270837684196126;2.521898376439695
345;93;4;1.9242313846326347;1.9242313846326347;2.2824774930696234
346;67;4;2.503434331641755;2.503434331641755;2.570612889045128
347;73;5;1.9925484946349532;1.9925484946349532;2.4273398886853714
348;78;4;2.3800652424236155;2.3800652424236155;2.5527705931751035
349;98;4;2.189114820249694;2.189114820249694;2.379522665624512
350;83;5;2.3232926996920296;2.3232926996920296;2.5096376110898646
351;116;4;2.0419561538735618;2.0419561538735618;2.241135467645444
352;99;4;2.3408916310261034;2.3408916310261034;2.4393917129774523
353;106;5;2.1777176629151103;2.1777176629151103;2.4031424150438223
354;84;5;2.1263414486705314;2.1263414486705314;2.376545911010459
355;88;3;2.5614894531588783;2.5614894531588783;2.809739417830577
356;111;5;2.1348490432859717;2.1348490432859717;2.424135061559677
357;76;5;1.770349014730823;1.770349014730823;2.155951288649792
358;76;5;1.849755281018474;1.849755281018474;2.2354696614542746
359;74;4;2.545355227525351;2.545355227525351;2.6218101285218713
360;93;6;2.0777996506608;2.0777996506608;2.5210077749595334
361;32;5;3.67082476038263;3.67082476038263;3.143088683569049
362;77;6;1.840077091690365;1.840077091690365;2.1400478411364556
363;69;4;2.0042320948526373;2.0042320948526373;2.4210886658851725
364;83;3;2.7325335622772333;2.7325335622772333;2.74951698144249
365;71;4;2.1244058061608055;2.1244058061608055;2.6539803623636136
366;69;5;1.762421549910722;1.762421549910722;2.145670925122646
367;91;4;2.0079189564438966;2.0079189564438966;2.3658438108820947
368;72;4;2.343228161652785;2.343228161652785;2.5779174060127503
369;92;4;2.103716286451463;2.103716286451463;2.282674111583589
370;83;5;1.8844290685368674;1.8844290685368674;2.215376797726587
371;72;5;2.453184076060185;2.453184076060185;2.549261672984907
372;76;5;1.8244842210149828;1.8244842210149828;2.214986929484881
373;98;6;2.022076323178242;2.022076323178242;2.511328160943842
374;86;4;2.2451733731788686;2.2451733731788686;2.494628423017858
375;80;5;2.0323146787333672;2.0323146787333672;2.248734117223085
376;99;6;2.0873042874524623;2.0873042874524623;2.5333663621446676
377;77;5;1.9487742809589852;1.9487742809589852;2.358127186170157
378;74;5;2.422038962731178;2.422038962731178;2.481510370964942
379;84;4;2.5500126171326243;2.5500126171326243;2.68165084367572
380;92;4;1.799198913283827;1.799198913283827;2.1128577572712537
381;90;4;2.063729341049569;2.063729341049569;2.332568416275044
382;71;4;2.343477968554529;2.343477968554529;2.623301180802732
383;109;5;2.3157305480271195;2.3157305480271195;2.5308277296239368
384;73;6;1.96076966862998;1.96076966862998;2.2570215504816393
385;101;4;2.0396689210574452;2.0396689210574452;2.341399386620604
386;82;5;2.259330676705365;2.259330676705365;2.63040346152864
387;83;5;2.3558834850016495;2.3558834850016495;2.641344343867203
388;70;4;2.1828778733410825;2.1828778733410825;2.445097029345241
389;81;4;2.3391684523505667;2.3391684523505667;2.6505164068650995
390;75;5;2.1805935065218978;2.1805935065218978;2.559475740493196
391;93;5;2.0734947873438747;2.0734947873438747;2.3733613138201863
392;96;5;2.19412785991941;2.19412785991941;2.4714249873105474
393;78;4;2.132178570171468;2.132178570171468;2.4906057607301264
394;85;4;2.153349823741689;2.153349823741689;2.3752126238651234
395;86;6;1.787691659614879;1.787691659614879;2.2635227841686074
396;79;4;2.224208554422287;2.224208554422287;2.5811693010720225
397;69;4;2.4673148093271338;2.4673148093271338;2.6479522722407687
398;97;4;2.072600713199142;2.072600713199142;2.3957254451167085
399;49;5;3.051671522357656;3.051671522357656;2.9767025164110175
400;88;4;2.0642493955941092;2.0642493955941092;2.2451120866369862
401;74;4;2.3159637865560048;2.3159637865560048;2.525419556121663
402;91;4;2.312784750957781;2.312784750957781;2.4690014840797767
403;82;4;2.4185649631659367;2.4185649631659367;2.589866068353184
404;89;4;1.9979987191938315;1.9979987191938315;2.242082368863877
405;40;5;2.6081773255288647;2.6081773255288647;2.8884802869897483
406;94;4;2.046152478830615;2.046152478830615;2.4155022611770494
407;104;5;2.2898951667593086;2.2898951667593086;2.509307138283435
408;92;4;2.724573861089606;2.724573861089606;2.800379551408389
409;94;4;1.9753552001330648;1.9753552001330648;2.2146920337550964
410;71;4;2.1499653820322413;2.1499653820322413;2.681948568920261
411;71;4;2.306747275294825;2.306747275294825;2.5621897004339305
412;92;6;2.27895117738448;2.27895117738448;2.5005315576275984
413;91;4;1.9355629470180924;1.9355629470180924;2.369296186000967
414;80;4;2.487542959917426;2.487542959917426;2.640088714425545
415;99;4;2.1786683924864385;2.1786683924864385;2.416698424631809
416;76;4;2.6901505078808734;2.6901505078808734;2.773874193106071
417;57;4;2.7209449034735855;2.7209449034735855;2.626325600226712
418;75;4;2.660435263114626;2.660435263114626;2.781219108881989
419;90;4;2.2355276616405257;2.2355276616405257;2.3687316040496973
420;89;4;1.7873733307588988;1.7873733307588988;2.1931937701610003
421;71;4;2.0535146813593643;2.0535146813593643;2.379453103533171
422;93;4;2.0503356783287288;2.0503356783287288;2.401574477865808
423;98;4;2.0944167158982587;2.0944167158982587;2.389274486280057
424;84;4;2.598108053702;2.598108053702;2.700045790299101
425;100;6;2.1794379531954418;2.1794379531954418;2.578057184713572
426;77;4;2.401277803120591;2.401277803120591;2.6227630809637
427;78;4;2.5025623689981424;2.5025623689981424;2.7154713995479485
428;75;4;2.202681589268369;2.202681589268369;2.5524244231347413
429;93;5;2.2032846918613878;2.2032846918613878;2.4750816420531887
430;88;5;2.175025470246676;2.175025470246676;2.5256388435913895
431;77;4;2.438467110732895;2.438467110732895;2.555190901696481
432;99;5;2.4049171989363285;2.4049171989363285;2.489779440671819
433;68;5;2.7206762988811417;2.7206762988811417;2.7566283819415465
434;98;5;2.4420516030003836;2.4420516030003836;2.572210043350176
435;72;4;1.9919064659174788;1.9919064659174788;2.4260787805779045
436;84;4;2.299172606822856;2.299172606822856;2.414627099771083
437;74;4;2.6099486637711586;2.6099486637711586;2.627015410184106
438;73;4;2.431237556349122;2.431237556349122;2.552362061266971
439;91;4;2.3094809601365696;2.3094809601365696;2.395178695050014
440;85;4;2.2019847051878236;2.2019847051878236;2.52687032015999
441;82;4;2.8089364919293414;2.8089364919293414;2.783671243438399
442;76;4;2.275451957791563;2.275451957791563;2.4023487275151374
443;95;4;1.9450934114270666;1.9450934114270666;2.1862202455886575
444;40;6;2.84488817288488;2.84488817288488;2.881691741200871
445;75;5;2.210499425573619;2.210499425573619;2.5715917557552532
446;86;4;1.987079289179096;1.987079289179096;2.278234147807432
447;100;4;1.741077660173941;1.741077660173941;2.1554148538638778
448;88;4;1.8444079802433468;1.8444079802433468;2.1545617672891337
449;89;4;2.6315421350238326;2.6315421350238326;2.5920282713491356
450;76;5;1.9019643053503004;1.9019643053503004;2.1433272475099985
451;23;5;6.521760630612485;6.521760630612485;4.000706318766312
452;70;4;2.337664806110091;2.337664806110091;2.6406988119097563
453;70;4;2.0726234194213937;2.0726234194213937;2.3935581037406215
454;94;4;2.2720630131551176;2.2720630131551176;2.479708404251274
455;62;5;2.545372820337159;2.545372820337159;2.8335193198230297
456;82;6;2.2247817661450533;2.2247817661450533;2.446068347764941
457;61;4;2.7441466749016064;2.7441466749016064;2.6745117188950074
458;95;4;2.2210428381315626;2.2210428381315626;2.5391004583863452
459;70;4;2.369467282312052;2.369467282312052;2.4802940269119356
460;73;6;1.9534158206365302;1.9534158206365302;2.264292992599071
461;89;5;2.1548824550631207;2.1548824550631207;2.4638199090359163
462;30;5;3.4308937887448074;3.4308937887448074;3.1264926902722405
463;76;4;2.6627095993424064;2.6627095993424064;2.7581140586323
464;70;3;3.3005441890255707;3.3005441890255707;3.195171552305736
465;110;5;2.1499254541883785;2.1499254541883785;2.4309558820230155
466;68;4;2.336701823603783;2.336701823603783;2.5207476295864963
467;40;6;3.001481899244725;3.001481899244725;2.8962540128629573
468;82;4;2.029944526170543;2.029944526170543;2.3042224580993236
469;84;4;1.9935173241087716;1.9935173241087716;2.2773566857459393
470;87;4;1.9363502253205673;1.9363502253205673;2.2621098653834197
471;9;6;11.071506626624743;11.071506626624743;5.9206811085713875
472;90;4;2.053665453943348;2.053665453943348;2.3204426559347
473;88;5;2.213073505849832;2.213073505849832;2.5534957433374297
474;108;5;1.9300827450558689;1.9300827450558689;2.235879638381566
475;73;4;2.2827323132245194;2.2827323132245194;2.4633269958876176
476;72;4;2.0147206046994404;2.0147206046994404;2.4625083107051817
477;88;4;2.0065019811534723;2.0065019811534723;2.3079843274597978
478;78;5;2.22932997151579;2.22932997151579;2.4233210356188795
479;90;4;1.9168746584022494;1.9168746584022494;2.2230938030367255
480;70;4;2.4999886584403237;2.4999886584403237;2.6615047246214036
481;40;5;2.554805155327274;2.554805155327274;2.8397697374568547
482;104;5;2.11609640288149;2.11609640288149;2.453044190566165
483;85;4;2.1280539974437467;2.1280539974437467;2.545779693969558
484;95;4;1.7956085810024185;1.7956085810024185;2.056033742731076
485;70;4;2.5943081139986064;2.5943081139986064;2.7427331170252276
486;57;5;2.739069560808723;2.739069560808723;2.8666645872411594
487;30;5;3.6314130322690477;3.6314130322690477;3.158789229343195
488;78;4;2.207506539777037;2.207506539777037;2.41509337550652
489;90;4;1.7902759896187856;1.7902759896187856;2.169567558429065
490;103;4;2.0114690132907955;2.0114690132907955;2.244126739965227
491;72;4;2.029635009033967;2.029635009033967;2.440302227482836
492;86;4;2.145647197962384;2.145647197962384;2.5244977334357523
493;96;5;2.61740309782218;2.61740309782218;2.6826894473832565
494;51;4;2.8282292532421582;2.8282292532421582;2.6059298787313043
495;79;5;2.1487482738623247;2.1487482738623247;2.461541292362538
496;83;4;2.3075526225090757;2.3075526225090757;2.629191516772855
497;86;4;2.084762035528525;2.084762035528525;2.3568083917896137
498;90;4;1.9864979339515108;1.9864979339515108;2.2145547288462493
499;72;4;2.39387501857648;2.39387501857648;2.6834976157312553
500;71;4;2.466089734413817;2.466089734413817;2.641019957693053
501;70;5;2.654878746776834;2.654878746776834;2.7471740865398595
502;89;4;1.815632365763631;1.815632365763631;2.1655497074265764
503;91;4;1.884944194851057;1.884944194851057;2.3803139740112567
504;25;5;3.7462771905740566;3.7462771905740566;2.700834207292392
505;79;4;2.6549534103738375;2.6549534103738375;2.7420486813746217
506;80;4;2.479687039433577;2.479687039433577;2.7042094489809783
507;75;4;2.5733584504956517;2.5733584504956517;2.8612157007911008
508;56;5;2.7191054850092016;2.7191054850092016;2.9112950645973212
509;86;4;2.1658090270437844;2.1658090270437844;2.5368911588536878
510;72;4;2.1096765822926415;2.1096765822926415;2.383901796365784
511;103;5;2.111133205976407;2.111133205976407;2.435118133362521
512;87;4;1.8924398052776488;1.8924398052776488;2.1254423646525096
513;90;6;2.1355851391418397;2.1355851391418397;2.4852011890757275
514;92;5;2.35273690964226;2.35273690964226;2.5522583479371286
515;66;5;2.054166251564019;2.054166251564019;2.4489759515892313
516;96;4;1.777637297851217;1.777637297851217;2.1794094673344677
517;91;4;2.052298490218447;2.052298490218447;2.3827122898378863
518;83;4;2.476614969513513;2.476614969513513;2.6755175520501306
519;90;4;2.674194551588136;2.674194551588136;2.6282899850104924
520;70;4;2.078658547078092;2.078658547078092;2.467118051391988
521;80;4;2.1835785167095363;2.1835785167095363;2.5458819308034517
522;34;5;2.711279581405602;2.711279581405602;2.5376678689114653
523;93;4;2.2028352392078983;2.2028352392078983;2.4359312056793567
524;120;5;1.8485296512068718;1.8485296512068718;2.1920357941872934
525;76;4;2.228614772195287;2.228614772195287;2.5636625589919664
526;79;4;3.0077429855387203;3.0077429855387203;3.0257162921055754
527;81;5;2.4447374596053812;2.4447374596053812;2.61181606595958
528;106;4;2.218572365763331;2.218572365763331;2.405629292935242
529;68;5;2.6768137208606935;2.6768137208606935;2.7170188183903847
530;85;6;2.040299652730289;2.040299652730289;2.385232014994001
531;68;4;2.2050491876180818;2.2050491876180818;2.6049398346524097
532;74;4;2.3215060858272123;2.3215060858272123;2.519704156635402
533;71;4;2.4901999929949357;2.4901999929949357;2.7356157619270727
534;89;4;2.0320929544176343;2.0320929544176343;2.34224838726452
535;97;5;2.236173453275661;2.236173453275661;2.517263044553908
536;102;4;1.8886440848823285;1.8886440848823285;2.215880092719367
537;88;5;2.032076518104364;2.032076518104364;2.383531414331612
538;79;4;2.305608461598556;2.305608461598556;2.5683976382458606
539;76;4;2.7687525370097887;2.7687525370097887;2.867159661349842
540;74;4;2.0680467141263073;2.0680467141263073;2.4836071104527666
541;100;5;2.4606909180969367;2.4606909180969367;2.608750036969418
542;91;5;2.1829475387492434;2.1829475387492434;2.511780903572909
543;98;4;2.1290817193831644;2.1290817193831644;2.307294341616775
544;78;4;2.428973640115216;2.428973640115216;2.6950449866701436
545;91;4;2.4693978135095387;2.4693978135095387;2.508732658711326
546;94;4;2.059524341829775;2.059524341829775;2.514091102247666
547;73;5;2.6853036082873825;2.6853036082873825;2.7052485226394585
548;75;4;2.069303726597372;2.069303726597372;2.455372859712177
549;91;4;2.1731800509259642;2.1731800509259642;2.407389099522661
550;100;4;2.0237811174040528;2.0237811174040528;2.2842681816254538
551;71;4;2.4322858447173803;2.4322858447173803;2.6210249397685224
552;81;6;2.1950350082644396;2.1950350082644396;2.4386148537114924
553;73;4;2.2433460957675906;2.2433460957675906;2.427987842566039
554;88;5;2.3426462155172367;2.3426462155172367;2.604400302660373
555;102;4;1.6997957854442842;1.6997957854442842;2.1352030852176833
556;95;5;2.0313538543492604;2.0313538543492604;2.365550842294777
557;83;5;2.359211168684501;2.359211168684501;2.6397544409703633
558;87;5;1.8218557840304104;1.8218557840304104;2.2528804349369653
559;78;5;2.6678155806782784;2.6678155806782784;2.6824074828266093
560;72;4;2.3668665114640963;2.3668665114640963;2.486681817251364
561;87;4;2.1944698625750947;2.1944698625750947;2.3783037543211645
562;90;4;1.9231624445065834;1.9231624445065834;2.3406414183146005
563;89;4;1.8546212073506214;1.8546212073506214;2.1975242061700433
564;91;4;2.3272319016633163;2.3272319016633163;2.544979524853916
565;87;5;1.9084916642948968;1.9084916642948968;2.299855581198093
566;90;4;2.1703425535644953;2.1703425535644953;2.5029273849513385
567;74;4;2.107566466952563;2.107566466952563;2.4454907551589744
568;79;4;2.296147952613484;2.296147952613484;2.5646811525218896
569;90;4;1.775150602367201;1.775150602367201;2.1700445175920966
570;74;4;2.4173901037331347;2.4173901037331347;2.539487982118329
571;75;6;2.3662740405121525;2.3662740405121525;2.4797521014340824
572;75;5;2.1869679038268144;2.1869679038268144;2.493148750553875
573;39;5;2.70082179054954;2.70082179054954;2.539857791270664
574;119;4;2.12408077634295;2.12408077634295;2.2959443337529186
575;75;5;1.7276434654708488;1.7276434654708488;2.1325292070455513
576;83;5;2.163945745201381;2.163945745201381;2.350489613336069
577;82;4;2.41034459829874;2.41034459829874;2.577628356180483
578;82;5;2.111146497608651;2.111146497608651;2.521683760898626
579;83;4;2.3990341077418056;2.3990341077418056;2.63537237776973
580;70;5;2.660736887278078;2.660736887278078;2.732186627530922
581;80;5;1.797202917041838;1.797202917041838;2.2150410794669453
582;83;5;2.398436101188801;2.398436101188801;2.6249200249243736
583;86;4;2.0313170464456247;2.0313170464456247;2.3713644867113626
584;90;4;1.935335422371847;1.935335422371847;2.3182334082361664
585;89;4;1.751732726721598;1.751732726721598;2.1857523420359244
586;69;5;2.3811508353273236;2.3811508353273236;2.5579087230340836
587;78;4;2.289143417017361;2.289143417017361;2.5229172805967823
588;92;4;1.7647755057656525;1.7647755057656525;2.1756417610700214
589;95;4;2.1725488272083164;2.1725488272083164;2.525112848232461
590;84;5;2.1017621223676692;2.1017621223676692;2.2805061443729207
591;92;5;2.3424755723660913;2.3424755723660913;2.5210141568102507
592;88;4;1.8000586560990304;1.8000586560990304;2.1891785274550553
593;80;4;2.3944444288830984;2.3944444288830984;2.5567061440263212
594;91;4;2.10609355388875;2.10609355388875;2.392384035549181
595;86;4;2.1568110586325;2.1568110586325;2.5698643223628834
596;78;4;2.4919743399721552;2.4919743399721552;2.610621170371053
597;66;5;2.050676712147909;2.050676712147909;2.4442757626027585
598;99;4;2.014899518842217;2.014899518842217;2.3101855441307055
599;71;4;2.4512877470674006;2.4512877470674006;2.6740871371740376
600;68;4;2.03692743842178;2.03692743842178;2.3597183893876026
601;83;5;1.909587337655464;1.909587337655464;2.3224220283703545
602;122;4;2.0446130553984214;2.0446130553984214;2.2325218500629753
603;78;4;2.178132764338183;2.178132764338183;2.4803703069214262
604;30;6;4.670395124407241;4.670395124407241;3.4425728514624154
605;30;5;2.8925352108452165;2.8925352108452165;2.544581695805604
606;75;5;2.530086362061633;2.530086362061633;2.6359800941074547
607;93;5;2.0292624083367183;2.0292624083367183;2.327776783604245
608;76;4;2.6596550942811956;2.6596550942811956;2.742935686250261
609;73;5;1.7057171878047708;1.7057171878047708;2.1313170994225956
610;81;4;2.0595050747475994;2.0595050747475994;2.464381887966065
611;74;4;2.455279429399518;2.455279429399518;2.5606465211804124
612;78;4;3.036736896328001;3.036736896328001;3.063456150554113
613;93;4;2.190805363826122;2.190805363826122;2.4824941668072253
614;86;4;1.8311712470149597;1.8311712470149597;2.1265050470475453
615;99;4;2.039490041137447;2.039490041137447;2.337780884576387
616;89;4;1.68314388210371;1.68314388210371;2.1203760804098177
617;71;4;2.3969088140921215;2.3969088140921215;2.705328676205855
618;71;4;2.3555441904445384;2.3555441904445384;2.6692319145087873
619;88;4;2.073072914570285;2.073072914570285;2.3612472026230424
620;86;5;2.3133076792294847;2.3133076792294847;2.5321979183252408
621;91;4;1.8881004821163831;1.8881004821163831;2.384075583452056
622;77;6;2.0998420465520575;2.0998420465520575;2.3401758199840192
623;84;5;2.3385064847712034;2.3385064847712034;2.5420638628726904
624;73;5;1.9978614823255032;1.9978614823255032;2.3573076093510585
625;68;5;2.393537077820186;2.393537077820186;2.55700631579778
626;111;4;2.2461650160018367;2.2461650160018367;2.4358250906028585
627;85;6;1.961432663420856;1.961432663420856;2.376444980648187
628;100;5;2.2594711673573;2.2594711673573;2.5246440752394514
629;97;4;2.083650214221166;2.083650214221166;2.2441592276075895
630;98;5;2.374314092460716;2.374314092460716;2.4919182381382203
631;90;4;2.4149508141226756;2.4149508141226756;2.6387853510941417
632;84;5;1.930242884039601;1.930242884039601;2.3101261800682837
633;31;5;3.5179289989518434;3.5179289989518434;3.1405706797080306
634;89;5;2.0811366899512604;2.0811366899512604;2.3979343843852274
635;80;4;2.904578216932458;2.904578216932458;2.8684275716789127
636;65;4;2.3251984789576174;2.3251984789576174;2.6673229686488327
637;43;5;3.1234875202942494;3.1234875202942494;2.886733895325794
638;46;5;3.0384542520213778;3.0384542520213778;2.927318514033368
639;88;4;2.108297968246643;2.108297968246643;2.330259748327465
640;73;5;2.2947133364388277;2.2947133364388277;2.4376336854816945
641;97;5;2.3694057748018893;2.3694057748018893;2.450615364990976
642;87;4;1.681023512767592;1.681023512767592;2.111549638749338
643;75;4;2.1304581279340593;2.1304581279340593;2.455892211956988
644;92;5;2.0279498104575837;2.0279498104575837;2.361825846346264
645;89;4;2.0997077694974164;2.0997077694974164;2.5524232418899806
646;78;5;2.57291169579693;2.57291169579693;2.6677226624096475
647;89;4;2.184478516977185;2.184478516977185;2.310148527821766
648;89;4;2.365532621885876;2.365532621885876;2.503509956847012
649;66;4;2.269950781644549;2.269950781644549;2.68446214843086
650;70;5;1.7503134571771193;1.7503134571771193;2.0966803475824434
651;74;4;1.957470048394849;1.957470048394849;2.3042990450697505
652;84;4;2.2996142264343313;2.2996142264343313;2.617838367343851
653;67;4;2.2763470716335776;2.2763470716335776;2.6227476102209164
654;74;4;2.138242248037426;2.138242248037426;2.4002960404569875
655;93;5;2.6340545788821514;2.6340545788821514;2.6986534500815584
656;97;4;2.115469078058523;2.115469078058523;2.378110044404514
657;81;5;2.1141514769129146;2.1141514769129146;2.3845943359132207
658;81;4;2.058615312485769;2.058615312485769;2.455616861314062
659;66;4;2.0900153616526556;2.0900153616526556;2.467718737261686
660;81;5;2.359439689034689;2.359439689034689;2.4919739126742053
661;70;4;2.0248269216390753;2.0248269216390753;2.4486754478302024
662;77;4;2.494295889125778;2.494295889125778;2.7195228501652844
663;88;4;2.159339214322798;2.159339214322798;2.5493363509739893
664;97;5;2.388121778433618;2.388121778433618;2.4735426521314503
665;68;5;2.1567005473614147;2.1567005473614147;2.4857888645267385
666;76;4;2.624111841862226;2.624111841862226;2.75371114018344
667;92;4;2.122510267743771;2.122510267743771;2.4266882912462577
668;92;4;2.012008822163854;2.012008822163854;2.499055818584111
669;69;4;2.028137347852132;2.028137347852132;2.3814450168196566
670;93;4;1.9692249695452586;1.9692249695452586;2.363697042743567
671;88;4;1.9232536362447588;1.9232536362447588;2.2600588380355746
672;50;4;2.843192828104937;2.843192828104937;2.596903324760638
673;109;4;2.3459959324684005;2.3459959324684005;2.443852414315814
674;65;5;2.357845118215814;2.357845118215814;2.482839922828551
675;9;7;12.175686802164698;12.175686802164698;6.057819647045137
676;91;4;2.2748449611035686;2.2748449611035686;2.430746403222922
677;74;5;2.1270126423647464;2.1270126423647464;2.460734688158502
678;82;4;2.6370851708752903;2.6370851708752903;2.659607217351432
679;90;5;2.056403633143899;2.056403633143899;2.374302731312963
680;96;5;2.291145042496139;2.291145042496139;2.5038687158633914
681;95;5;2.3099346509709555;2.3099346509709555;2.515754656952332
682;28;5;2.611809017095256;2.611809017095256;2.4854166473773964
683;91;4;2.1070165145261086;2.1070165145261086;2.395693222503661
684;81;5;2.4794668009142713;2.4794668009142713;2.681488853696944
685;90;4;2.488130270995438;2.488130270995438;2.556138802260725
686;100;5;2.164337518151536;2.164337518151536;2.5330482289926635
687;63;5;2.4720428860407355;2.4720428860407355;2.8553202440691217
688;76;5;1.703043323486968;1.703043323486968;2.1165902811754402
689;82;4;2.3043893023367916;2.3043893023367916;2.614393771952312
690;72;5;1.9479408222580399;1.9479408222580399;2.40742959447119
691;91;4;1.9872560710872316;1.9872560710872316;2.2634689829257906
692;89;4;1.947998565656385;1.947998565656385;2.3150111663440938
693;97;4;1.8777653372271546;1.8777653372271546;2.1151262344887907
694;77;4;2.453885583353044;2.453885583353044;2.5335915302203786
695;71;5;1.9047378114156646;1.9047378114156646;2.1828450334222818
696;102;5;2.191318430346253;2.191318430346253;2.455261151664796
697;80;4;2.6885971143471568;2.6885971143471568;2.7381619508366937
698;72;5;1.793268158722277;1.793268158722277;2.208335349789949
699;80;4;2.7464300092620726;2.7464300092620726;2.7405596775899235
700;100;5;2.3073571184622694;2.3073571184622694;2.477369134742057
701;80;6;1.8345539261940185;1.8345539261940185;2.2923687859762536
702;91;4;2.191686700468885;2.191686700468885;2.4553645378750133
703;72;4;2.55059898509291;2.55059898509291;2.6558683197172948
704;67;4;1.949367742511958;1.949367742511958;2.3051419642190036
705;91;4;1.8750357079394473;1.8750357079394473;2.2304450174305046
706;26;5;3.6337963215148728;3.6337963215148728;2.6709443861096145
707;98;4;1.9777429819219245;1.9777429819219245;2.1862591168126873
708;81;4;2.299646067825995;2.299646067825995;2.6341402276641785
709;76;4;2.848310929539357;2.848310929539357;2.8872992680171183
710;83;5;2.2628002154757554;2.2628002154757554;2.6467188271471356
711;73;5;2.0168915813172883;2.0168915813172883;2.3657626084623726
712;83;4;2.138706343043143;2.138706343043143;2.4000243439161797
713;72;4;2.0870640596764947;2.0870640596764947;2.4757661403394184
714;73;5;2.50866219272915;2.50866219272915;2.7171044818132994
715;80;4;2.4913071984750244;2.4913071984750244;2.6029654824829627
716;86;4;2.173765729741189;2.173765729741189;2.5720385660260607
717;76;4;2.633592610197349;2.633592610197349;2.600447902994282
718;68;4;2.388972262640613;2.388972262640613;2.5707058241351883
719;71;4;2.401624683173744;2.401624683173744;2.6968982878655328
720;92;4;2.154638061106427;2.154638061106427;2.4322708426552793
721;76;4;2.4988431686652506;2.4988431686652506;2.701091985725104
722;88;4;2.2357362245942887;2.2357362245942887;2.439461931025272
723;71;5;2.2769301096045256;2.2769301096045256;2.3996407032917375
724;71;4;2.804352917033115;2.804352917033115;2.7159818408792606
725;82;5;2.152965733382418;2.152965733382418;2.3590704241292846
726;87;5;2.509242632811837;2.509242632811837;2.640971485255708
727;93;5;2.358635340087509;2.358635340087509;2.654327325425605
728;39;5;2.6565121385762813;2.6565121385762813;2.8466284976339087
729;64;5;2.268170575999976;2.268170575999976;2.5205983322042123
730;69;4;2.4957030119275165;2.4957030119275165;2.6726738971892994
731;84;5;1.849290584202118;1.849290584202118;2.2982935083068194
732;86;4;2.547616406691447;2.547616406691447;2.7485211731146864
733;74;4;2.474089690137457;2.474089690137457;2.736624131240359
734;81;5;1.7725307500471297;1.7725307500471297;2.205502233540454
735;90;4;2.260161608042311;2.260161608042311;2.3966910270080692
736;84;4;2.1036854484088807;2.1036854484088807;2.533260025767296
737;89;4;1.7643194897117125;1.7643194897117125;2.0885899126537084
738;90;4;1.9158092834193943;1.9158092834193943;2.269553348401553
739;84;4;2.3803808766632018;2.3803808766632018;2.558419802924457
740;94;5;2.4092630655921026;2.4092630655921026;2.5498145315774017
741;90;4;2.2040778932066023;2.2040778932066023;2.403425127214306
742;73;4;2.776663534061007;2.776663534061007;2.9133959279852313
743;50;5;3.0943918776048243;3.0943918776048243;3.0186293501468393
744;82;4;2.476059796138216;2.476059796138216;2.681634880831333
745;87;6;1.8022311380700367;1.8022311380700367;2.294399808972475
746;75;4;2.180065358182148;2.180065358182148;2.5072354510153665
747;78;4;2.67124884533821;2.67124884533821;2.7560136010171092
748;86;4;2.6061074273707856;2.6061074273707856;2.5586782531769496
749;66;4;2.12424065450679;2.12424065450679;2.4258957948322384
750;90;5;2.0735045784498114;2.0735045784498114;2.437303913791138
751;70;4;1.8637073583748938;1.8637073583748938;2.286308687214189
752;76;4;2.4970926385326515;2.4970926385326515;2.6144377054021155
753;71;4;2.390653350169006;2.390653350169006;2.621718574483938
754;88;4;1.7319285228247443;1.7319285228247443;2.1394557460372106
755;92;4;1.8480407472884615;1.8480407472884615;2.146986342310357
756;69;5;2.727144063274126;2.727144063274126;2.7628874351584782
757;77;4;2.352920179967174;2.352920179967174;2.489143509480801
758;77;5;2.475728133090274;2.475728133090274;2.6197123727775797
759;74;4;1.9911201607163418;1.9911201607163418;2.4237732204882403
760;85;4;2.080041188307693;2.080041188307693;2.494395820363115
761;100;4;2.0407430349758604;2.0407430349758604;2.271737739877557
762;47;5;3.084988725049759;3.084988725049759;2.9130484163968133
763;93;4;1.9400805881549184;1.9400805881549184;2.3573153530030826
764;47;5;3.0104099577205914;3.0104099577205914;2.8898177291251703
765;102;4;1.6748520303218155;1.6748520303218155;2.1191466078380183
766;74;4;2.7361298359935295;2.7361298359935295;2.828306904088051
767;91;5;2.01029853934927;2.01029853934927;2.3299562777745413
768;93;5;2.0891936476729343;2.0891936476729343;2.3844614411679426
769;90;4;2.248688648678816;2.248688648678816;2.294768135102713
770;71;4;2.5925245717264356;2.5925245717264356;2.8633946213675774
771;7;6;19.290722896190655;19.290722896190655;12.030227751329894
772;94;5;2.0583598486566737;2.0583598486566737;2.3481288291765465
773;86;4;2.1359117036793553;2.1359117036793553;2.349967628076466
774;3;5;55.82590530319733;55.82590530319733;10.422965560892534
775;15;5;5.962180862280568;5.962180862280568;2.93039492283964
776;85;4;2.5255348495362457;2.5255348495362457;2.553750305327867
777;99;5;2.1849693209056342;2.1849693209056342;2.5347570897567886
778;74;4;1.974765437732851;1.974765437732851;2.4072156491634704
779;80;4;2.2517761022897744;2.2517761022897744;2.5603837814162826
780;69;5;1.9135455460950936;1.9135455460950936;2.1770582610294995
781;122;5;1.89220390074027;1.89220390074027;2.236392392940315
782;82;5;1.8387647264204612;1.8387647264204612;2.180579486013043
783;104;5;2.205382599302092;2.205382599302092;2.409601387043577
784;98;5;2.1148532982706842;2.1148532982706842;2.4225317571785823
785;74;4;2.129558553279613;2.129558553279613;2.393147208768757
786;94;5;2.275241063081724;2.275241063081724;2.480532499008502
787;83;4;2.0031369707578817;2.0031369707578817;2.27448923788219
788;92;4;1.7905754999016716;1.7905754999016716;2.111667246887113
789;118;4;1.9250862005937905;1.9250862005937905;2.1846936162887562
790;75;5;2.223520254251827;2.223520254251827;2.5595787393945435
791;85;4;2.5706473311980753;2.5706473311980753;2.5683586959439118
792;43;5;2.920429915848719;2.920429915848719;2.6263663726047555
793;77;6;2.0668668660630054;2.0668668660630054;2.3160011176214317
794;68;4;2.2347271499685033;2.2347271499685033;2.6758528221414455
795;25;5;3.0478073074827647;3.0478073074827647;2.561138509586222
796;71;5;1.7914147306680415;1.7914147306680415;2.194228105390094
797;106;5;2.379082952885454;2.379082952885454;2.464082527888731
798;78;4;2.5575641790750328;2.5575641790750328;2.626647453167118
799;80;6;1.946219442953306;1.946219442953306;2.3176645681718875
