Skewness: 1.7704763636569207, Average LID: LPCA: 57.344332855093256  |||  MLE: 41985.00120529294  |||  MLENB: 41985.00120529294  |||  TLE: 31184.17419062173
LPCA: -0.3267492588495762  |||  MLE: -0.04668804700671227  |||  MLENB: -0.04668804700671227  |||  TLE: -0.0466883205244001
node;in_degree;local_intrinsic_dimensionality_LPCA;local_intrinsic_dimensionality_MLE;local_intrinsic_dimensionality_MLENB;local_intrinsic_dimensionality_TLE
0;42;57;26.464356457153496;26.464356457153496;22.97752553370659
1;25;59;28.40057654932256;28.40057654932256;24.383310816796143
2;28;59;21.740525868499414;21.740525868499414;19.13981126609374
3;30;59;15.442096965449808;15.442096965449808;14.266889971663325
4;193;59;37.33517864613492;37.33517864613492;30.617370377959034
5;66;59;17.626739874039583;17.626739874039583;16.675328112520116
6;187;59;17.392864301688;17.392864301688;16.204489564219283
7;21;59;25.281139731181586;25.281139731181586;21.253252390353172
8;24;59;15.489075651500102;15.489075651500102;13.337897798673648
9;43;59;40.100659104598066;40.100659104598066;33.23790359109039
10;70;59;32.940246793533156;32.940246793533156;27.619711247395745
11;37;58;14.296362893630274;14.296362893630274;12.547424474642554
12;36;59;14.58418984204223;14.58418984204223;12.785125414322527
13;7;59;94.76099900849086;94.76099900849086;81.6148970558754
14;39;59;23.108767686125926;23.108767686125926;21.105236949920712
15;32;59;49.672057173291165;49.672057173291165;39.499154452331815
16;15;59;45.52493545319964;45.52493545319964;38.557791202124655
17;147;59;28.59476337813629;28.59476337813629;27.66406992625044
18;25;58;48.98483959178031;48.98483959178031;39.146227683070045
19;72;58;37.77614830145995;37.77614830145995;32.13274977626325
20;30;59;29.393081897319128;29.393081897319128;25.608565046772718
21;73;57;27.097182247437104;27.097182247437104;23.79317026799606
22;173;56;21.47936433411777;21.47936433411777;19.506135491294003
23;91;58;16.91624424648148;16.91624424648148;16.558132882154677
24;40;58;16.00588652547635;16.00588652547635;13.99598443916781
25;68;59;27.314438727587355;27.314438727587355;22.973487616083453
26;52;59;27.345806180237968;27.345806180237968;23.797246242566512
27;19;57;45.02243558922487;45.02243558922487;37.27097355278622
28;19;58;21.805944295111793;21.805944295111793;20.04330594405295
29;71;58;20.513765228593353;20.513765228593353;20.170067535510924
30;114;59;22.622047609281474;22.622047609281474;20.10320798406387
31;29;58;13.603898853797162;13.603898853797162;12.865827974903192
32;94;58;18.73251755539485;18.73251755539485;17.750753138381352
33;92;57;25.949961161394494;25.949961161394494;22.42971102492447
34;33;59;39.90664953436773;39.90664953436773;32.92439164893173
35;24;58;20.280476289013656;20.280476289013656;18.014085882275708
36;55;58;27.495696384873618;27.495696384873618;24.535759722274165
37;50;59;29.742974555650253;29.742974555650253;25.669637787909355
38;12;59;40.97435066677859;40.97435066677859;33.24536663115867
39;47;59;24.903909212734025;24.903909212734025;21.886571543074524
40;55;58;29.954140190197595;29.954140190197595;26.228395715716054
41;27;59;18.581903909643547;18.581903909643547;16.564470506100957
42;52;58;35.05694839185575;35.05694839185575;29.887044400540304
43;42;59;23.269744900224694;23.269744900224694;19.60337161263936
44;65;58;19.815880125655042;19.815880125655042;18.317850309054563
45;248;58;23.53914270571704;23.53914270571704;21.24389272280421
46;37;59;46.765972255663506;46.765972255663506;39.406324030626344
47;34;59;26.27735032462801;26.27735032462801;23.283764173578408
48;19;58;29.956119232338324;29.956119232338324;25.92324245965994
49;242;59;33.88970519805662;33.88970519805662;29.24248531135483
50;13;59;23.74825821680681;23.74825821680681;23.741439443682918
51;60;51;29.798916455056776;29.798916455056776;24.818651931639895
52;79;57;30.91762903113376;30.91762903113376;27.239093501908197
53;60;58;31.54756336868916;31.54756336868916;27.7175588412155
54;34;56;35.32476221907456;35.32476221907456;29.984825021407495
55;24;58;20.85701522395103;20.85701522395103;18.80789384147672
56;51;58;15.838746794092627;15.838746794092627;13.986151068444412
57;23;59;23.299989811704545;23.299989811704545;20.895439110967438
58;51;58;34.68524281447327;34.68524281447327;29.684109276582802
59;20;59;18.868406166011976;18.868406166011976;15.530588725693898
60;84;58;28.817497517608622;28.817497517608622;24.75416694684093
61;36;59;14.298084224751893;14.298084224751893;12.566852125910323
62;27;59;22.60989533289974;22.60989533289974;19.605839599854576
63;48;59;42.77837480484058;42.77837480484058;36.21011451851419
64;207;57;23.727987528312564;23.727987528312564;21.354901117428515
65;10;59;49.88583037114307;49.88583037114307;18.25148810937798
66;38;58;44.99596530522834;44.99596530522834;38.04173852037723
67;17;59;44.81029534454992;44.81029534454992;36.44175384032004
68;26;59;22.022688426827525;22.022688426827525;19.139887918952276
69;16;59;30.124747615331863;30.124747615331863;27.25817876035964
70;40;59;32.375618944047375;32.375618944047375;27.88867267685394
71;49;54;34.49696496960578;34.49696496960578;28.10586134914143
72;70;56;22.805172094483897;22.805172094483897;20.3385407179834
73;40;58;23.175593985305625;23.175593985305625;20.3194371087555
74;204;58;21.30764415936233;21.30764415936233;19.450632214321978
75;14;59;44.15666355668575;44.15666355668575;39.28175231143032
76;47;54;23.48136801294841;23.48136801294841;18.909775962258088
77;24;59;14.381274099277604;14.381274099277604;14.850016967351316
78;59;53;29.577400591375618;29.577400591375618;24.359623859141706
79;16;59;43.59573673990042;43.59573673990042;81.14136477837064
80;7;59;71.63179285689124;71.63179285689124;80.97031522703452
81;153;59;27.844936767325308;27.844936767325308;24.258848984427406
82;13;59;43.62452548342105;43.62452548342105;37.20030086750307
83;37;59;53.515432582400805;53.515432582400805;44.249240435165916
84;41;51;36.142461581458065;36.142461581458065;28.76018690287536
85;165;59;34.509470303361354;34.509470303361354;30.27090760190814
86;24;59;21.004699636279437;21.004699636279437;17.999351586707018
87;40;58;45.875938540011354;45.875938540011354;38.56181327160872
88;57;59;26.03086702635859;26.03086702635859;22.432993914928048
89;96;58;39.75131847234664;39.75131847234664;33.97792927637894
90;44;52;31.368003934337974;31.368003934337974;25.192022950629813
91;75;52;27.009561150200334;27.009561150200334;22.20936300343788
92;46;59;31.111515440185894;31.111515440185894;26.824716679701826
93;37;57;44.89108400101826;44.89108400101826;36.60112687661606
94;30;59;18.032112045101677;18.032112045101677;16.095430455648586
95;2;59;160.46381775122472;160.46381775122472;155.30494414399053
96;54;59;28.397000796080427;28.397000796080427;24.73627807093815
97;20;59;33.675925614456496;33.675925614456496;28.77247531167334
98;12;59;84.03694267707739;84.03694267707739;64.24290100051317
99;152;53;33.681414638967645;33.681414638967645;27.43411597082657
100;41;59;41.3432248549397;41.3432248549397;33.872425142875166
101;55;58;47.13480336298667;47.13480336298667;38.76965950215382
102;31;59;16.721618491432686;16.721618491432686;15.272912203574487
103;24;59;25.558060924599815;25.558060924599815;22.504778369842484
104;68;59;27.820734998677725;27.820734998677725;24.286533212425617
105;19;59;25.435967632069563;25.435967632069563;20.998787890198646
106;69;53;52.97826858641613;52.97826858641613;43.87452342443474
107;71;59;24.881919650398345;24.881919650398345;22.047346593130033
108;57;59;30.014653724747994;30.014653724747994;26.31778469379319
109;28;59;20.534354299017206;20.534354299017206;22.75925008893161
110;9;59;56.09499891583329;56.09499891583329;50.26640863197399
111;18;59;0.0;0.0;13.887271560534048
112;111;58;19.279794130675974;19.279794130675974;17.644977955612475
113;16;59;40.40527220103804;40.40527220103804;32.996466159681866
114;22;59;21.063152851361625;21.063152851361625;18.210874555590436
115;45;59;46.543492133734986;46.543492133734986;39.33116199429526
116;19;59;36.78467008433469;36.78467008433469;31.505074205638316
117;14;59;42.199924280520314;42.199924280520314;34.80963113423397
118;246;59;41.28415105674638;41.28415105674638;34.77349448229421
119;52;59;30.973937834769742;30.973937834769742;26.147547498562716
120;15;59;48.09985999125525;48.09985999125525;98.45075273544573
121;21;59;21.984205299422598;21.984205299422598;19.354074682947484
122;21;58;19.126558533523582;19.126558533523582;18.30279605865847
123;43;59;13.910633890194879;13.910633890194879;12.25386044021922
124;42;59;26.176230738044673;26.176230738044673;22.58551592566647
125;42;59;47.975895139477174;47.975895139477174;39.47855987652701
126;37;59;38.362715763860045;38.362715763860045;32.32030344977274
127;21;59;74.87186305570897;74.87186305570897;60.81125649559439
128;17;59;21.255806667408386;21.255806667408386;18.34629110413881
129;228;59;41.24287901569893;41.24287901569893;34.55301938306431
130;29;59;11.37795714972141;11.37795714972141;11.163862163203836
131;44;59;19.13055597694709;19.13055597694709;17.894061475802
132;34;59;48.123005291471834;48.123005291471834;39.6196848342844
133;91;59;15.157319267778144;15.157319267778144;14.1640455817916
134;39;59;10.18632652405384;10.18632652405384;10.109646720214606
135;66;59;32.98717927333867;32.98717927333867;28.38301124932422
136;48;58;17.799794935388366;17.799794935388366;17.095871776139447
137;38;58;22.936710570686582;22.936710570686582;19.875860036643594
138;52;58;46.283893716384846;46.283893716384846;38.78028577847638
139;99;57;31.56749504493332;31.56749504493332;27.494330821428637
140;75;59;19.185076934904576;19.185076934904576;18.13701499947562
141;47;59;40.000450715245535;40.000450715245535;33.70853003421418
142;21;59;28.799155385931968;28.799155385931968;24.640037382764238
143;14;59;40.74954811540702;40.74954811540702;40.815998820631165
144;39;59;14.546367596307649;14.546367596307649;12.860862650795177
145;27;59;51.432992578591914;51.432992578591914;43.284778647782296
146;88;50;23.00203677573588;23.00203677573588;19.203999477771895
147;60;57;13.955391264879642;13.955391264879642;13.81463136010536
148;28;59;23.20829432210435;23.20829432210435;20.261574169502573
149;70;59;21.712889405939606;21.712889405939606;19.350808954585432
150;31;59;20.352482780819543;20.352482780819543;17.9674195442731
151;64;59;47.116680923991275;47.116680923991275;39.137690224867676
152;54;56;23.469647026270756;23.469647026270756;19.549545243920267
153;189;59;32.49686813064106;32.49686813064106;28.31527170815838
154;19;59;28.866246657220366;28.866246657220366;25.72049320199532
155;13;58;70.44088023661493;70.44088023661493;55.29830439899629
156;8;55;43.36645023879646;43.36645023879646;31.66256362315919
157;12;59;36.9828480669939;36.9828480669939;39.634398216400534
158;52;59;43.998951846208186;43.998951846208186;37.11808116043232
159;60;59;13.350686448556175;13.350686448556175;12.464767893722248
160;66;59;31.320773752088506;31.320773752088506;26.970757903811013
161;81;50;15.066542899965011;15.066542899965011;14.069946463754848
162;129;59;34.69623536731716;34.69623536731716;30.19163588118758
163;19;59;32.80122621915606;32.80122621915606;37.95490212558487
164;16;59;34.35494892826245;34.35494892826245;30.084839920380258
165;161;59;16.83685230784248;16.83685230784248;14.634057484454308
166;44;58;36.2949707285446;36.2949707285446;31.003063749300967
167;59;59;28.053533193042544;28.053533193042544;24.409082354931684
168;20;59;35.680041791564975;35.680041791564975;30.77356641771389
169;105;50;19.606148935310205;19.606148935310205;17.027397233331413
170;46;59;38.363733824081486;38.363733824081486;32.99739925104275
171;38;56;40.10735210547228;40.10735210547228;32.68305178093788
172;117;54;17.418428497083983;17.418428497083983;16.00950595107671
173;59;59;39.414730842497384;39.414730842497384;33.27809535046852
174;39;59;13.64883737586744;13.64883737586744;13.745624694709559
175;53;58;39.16670993791985;39.16670993791985;33.29562410798793
176;87;55;24.044160261785372;24.044160261785372;21.259374860360023
177;72;57;16.80964964193371;16.80964964193371;15.404023400900336
178;28;59;20.059667910727143;20.059667910727143;17.033251866976645
179;64;59;26.16944389350288;26.16944389350288;23.124692823193744
180;42;58;24.63241213699678;24.63241213699678;21.522180697362828
181;22;59;20.506457173807167;20.506457173807167;16.990772113435707
182;21;59;23.934270605230367;23.934270605230367;19.998553240864968
183;18;59;26.9593380733634;26.9593380733634;23.059026194978564
184;51;56;33.03460071664683;33.03460071664683;27.531299575740615
185;56;59;29.434677909973136;29.434677909973136;25.86090362885376
186;127;58;22.488413306136028;22.488413306136028;20.64839597694481
187;34;59;25.07707509822148;25.07707509822148;21.677244659207528
188;84;57;25.162301471475804;25.162301471475804;21.401425541799206
189;51;55;46.54910219300676;46.54910219300676;37.443879039726035
190;58;59;28.057449809611523;28.057449809611523;24.61967821828843
191;34;58;48.474991507065134;48.474991507065134;40.32928254758677
192;38;58;31.909887565270715;31.909887565270715;25.976330233684983
193;39;59;17.612051864606762;17.612051864606762;15.298112522298677
194;30;58;15.614899000995138;15.614899000995138;14.191230623360008
195;28;59;18.5137161916944;18.5137161916944;16.130979581884677
196;51;52;36.442346218644786;36.442346218644786;29.50843503439818
197;32;59;41.035676127153465;41.035676127153465;34.58791384802384
198;48;59;47.6707974427142;47.6707974427142;39.27294546108391
199;60;55;20.194856828470655;20.194856828470655;18.147098610643365
200;41;59;36.401654297095;36.401654297095;31.209075464029812
201;22;59;20.204900103632223;20.204900103632223;18.31766282101941
202;10;59;65.03210966433461;65.03210966433461;55.11887091425675
203;117;59;31.203769802422954;31.203769802422954;26.716253479293503
204;31;59;15.781629014956053;15.781629014956053;13.743780414694877
205;82;51;21.526611796720875;21.526611796720875;18.962870092209414
206;54;58;24.03554773588999;24.03554773588999;21.04085770568673
207;52;53;28.315022486524214;28.315022486524214;23.42799656356332
208;83;57;36.07819016321333;36.07819016321333;30.09529223708699
209;13;59;56.6916659132418;56.6916659132418;48.82246716744093
210;43;57;13.165760729983079;13.165760729983079;11.6504442553579
211;51;58;22.057141497127958;22.057141497127958;19.3569634060161
212;110;59;23.734893344721733;23.734893344721733;20.479605809347227
213;96;55;34.09383984742392;34.09383984742392;28.751854606203167
214;42;58;26.993724527490325;26.993724527490325;23.353396180207834
215;182;59;26.76908673451408;26.76908673451408;23.635065542756692
216;95;58;20.238252152519557;20.238252152519557;18.425689882176272
217;11;58;33.729292605714264;33.729292605714264;27.964305470476024
218;234;59;30.772035916859622;30.772035916859622;27.201860480967458
219;134;58;24.24097474753666;24.24097474753666;21.935142668023822
220;32;53;38.84575454638126;38.84575454638126;31.751122090732853
221;8;59;101.38284013283483;101.38284013283483;108.31868194944059
222;192;59;43.79400152866644;43.79400152866644;37.0426149849987
223;64;59;28.206202652713525;28.206202652713525;25.418971035756517
224;35;58;27.13532337860167;27.13532337860167;23.6380976153881
225;42;58;32.614392066702656;32.614392066702656;27.69934603801187
226;69;57;29.292898937373646;29.292898937373646;25.676558398180205
227;24;59;25.33397942179969;25.33397942179969;21.141420926508985
228;6;59;112.42147075216876;112.42147075216876;93.23848150938576
229;49;59;35.90142464243493;35.90142464243493;31.222429150192273
230;25;58;18.99279289452095;18.99279289452095;15.93277512408276
231;26;57;27.559078688980062;27.559078688980062;23.305589823613108
232;11;59;50.65709739022079;50.65709739022079;45.23639059604131
233;74;58;35.159808976194185;35.159808976194185;30.580006403711394
234;25;59;75.89708651977955;75.89708651977955;61.08668993783208
235;46;59;14.669381114342288;14.669381114342288;12.909417358189728
236;32;59;42.1431732434128;42.1431732434128;35.40423168076474
237;14;59;32.13426090117116;32.13426090117116;28.099577603926633
238;13;59;32.87820437985714;32.87820437985714;27.18776737789254
239;10;59;55.18463063432772;55.18463063432772;45.39659143900671
240;22;59;53.44595901109208;53.44595901109208;44.45410878755793
241;111;57;26.55354312091239;26.55354312091239;23.638340011173455
242;24;59;24.951353463371706;24.951353463371706;21.03410904893744
243;41;59;36.643082136310795;36.643082136310795;31.972959664496912
244;45;58;39.59462516214576;39.59462516214576;33.75319289012252
245;43;59;36.56186735050786;36.56186735050786;31.665135274270575
246;26;59;18.805041162373055;18.805041162373055;16.701863988828098
247;96;59;30.795138470367235;30.795138470367235;26.619562002841143
248;23;59;25.796795657576997;25.796795657576997;22.582832460511177
249;36;59;14.101540663613836;14.101540663613836;12.916584228785117
250;49;58;28.17340488652475;28.17340488652475;24.13197958501785
251;76;58;36.98762147817715;36.98762147817715;31.832308750384698
252;72;57;27.764268339839766;27.764268339839766;24.154331204754865
253;50;59;13.414979393424835;13.414979393424835;11.888096741073284
254;42;59;34.176796140544134;34.176796140544134;29.8903374058015
255;37;58;47.45457467535651;47.45457467535651;40.99973399710039
256;66;58;19.848019081053426;19.848019081053426;18.17748194765948
257;36;58;38.19604525285232;38.19604525285232;31.758209553903793
258;56;58;12.219558872597604;12.219558872597604;11.362855805046426
259;63;56;27.679476548594025;27.679476548594025;24.21868531979049
260;42;54;27.0412507581815;27.0412507581815;21.21236871674593
261;93;48;16.165357299986233;16.165357299986233;14.65544013289169
262;99;58;24.93977308362495;24.93977308362495;21.607245720910488
263;32;54;36.52745542648417;36.52745542648417;30.58515877406144
264;32;59;14.114154573621743;14.114154573621743;12.979412000207457
265;85;53;21.702868100290026;21.702868100290026;18.609703142260102
266;41;59;15.471342960858529;15.471342960858529;13.482233690985323
267;59;59;47.87173548183385;47.87173548183385;40.54519704167252
268;19;59;26.967015016759632;26.967015016759632;16.16593180850862
269;43;59;35.889700796795786;35.889700796795786;30.692147712314696
270;46;59;45.868654539167;45.868654539167;38.57293033377921
271;25;57;16.47139895650594;16.47139895650594;14.107154519919025
272;56;58;28.672520258501486;28.672520258501486;25.042105145028543
273;20;59;37.07200517220223;37.07200517220223;31.941067063224207
274;47;59;21.888485909117406;21.888485909117406;19.061941104559818
275;50;59;34.54481133417001;34.54481133417001;29.29843214416198
276;43;58;32.87037433981709;32.87037433981709;29.377175817609047
277;37;59;29.751701969615468;29.751701969615468;25.274916454093994
278;91;52;20.190096214269797;20.190096214269797;17.08883109926986
279;253;51;40.2542889678874;40.2542889678874;32.17532730770095
280;22;59;45.644954519871874;45.644954519871874;36.860359068238935
281;26;58;41.83723637917979;41.83723637917979;34.382860296467065
282;44;59;45.05065629016927;45.05065629016927;38.24422107292277
283;50;59;40.96728769653778;40.96728769653778;34.650437364083345
284;17;59;70.99810225021501;70.99810225021501;57.05618307558244
285;31;59;36.496113903989816;36.496113903989816;31.98989603208326
286;52;58;38.99211910786662;38.99211910786662;32.71645980279932
287;30;59;15.90786869114104;15.90786869114104;14.95183008130456
288;39;59;34.515954147830854;34.515954147830854;29.41023471596393
289;85;59;17.128822930858117;17.128822930858117;14.964722493405658
290;234;59;34.37804066118022;34.37804066118022;29.665873173880552
291;160;59;29.416694520341817;29.416694520341817;25.938859023928984
292;63;58;51.479277040173635;51.479277040173635;42.43575689316505
293;31;57;38.97607816505445;38.97607816505445;32.550162043300794
294;37;58;29.71459495546859;29.71459495546859;25.63696881293876
295;36;59;16.040651692896528;16.040651692896528;14.241336300739308
296;57;56;22.530256432885256;22.530256432885256;20.62608866892561
297;38;56;24.70022256714133;24.70022256714133;20.912230701322617
298;263;59;28.556853695302;28.556853695302;24.867411445338938
299;40;52;44.05208801087405;44.05208801087405;35.80007523550196
300;24;51;16.673979850133154;16.673979850133154;13.837744544778865
301;33;51;33.49453346616836;33.49453346616836;27.514332040639268
302;67;58;34.931070944717575;34.931070944717575;30.21977335819622
303;31;59;30.075901165715408;30.075901165715408;26.205708929938154
304;6;59;79.48110031185763;79.48110031185763;70.62719106843919
305;37;59;26.51940182527721;26.51940182527721;22.573397065272967
306;13;59;49.820866551382565;49.820866551382565;43.139741303556086
307;28;59;16.97472978123533;16.97472978123533;15.5789021714944
308;134;58;26.555955456395584;26.555955456395584;23.292934238996033
309;155;56;20.024616372221857;20.024616372221857;17.90069430485414
310;50;55;25.353501733219087;25.353501733219087;22.287425170060914
311;36;58;45.89297205875374;45.89297205875374;39.131797455680044
312;24;55;48.79024158993913;48.79024158993913;39.69473689576734
313;86;59;26.856291738213834;26.856291738213834;24.177367122182734
314;8;59;72.36649704453136;72.36649704453136;54.28886906821578
315;54;59;32.378847550436234;32.378847550436234;26.684842578381538
316;49;55;34.505126366162095;34.505126366162095;28.736086914186387
317;93;58;28.602587794305364;28.602587794305364;24.75316145812559
318;33;58;50.356063902991636;50.356063902991636;41.83477269774009
319;22;59;27.68849938064678;27.68849938064678;23.329476313933714
320;38;57;19.53335233644405;19.53335233644405;17.95197330614153
321;54;58;35.53745381862273;35.53745381862273;30.324010599937914
322;10;59;48.65165474901265;48.65165474901265;42.33053025340782
323;64;52;36.688791188561304;36.688791188561304;30.591020055190278
324;52;59;24.183773156682573;24.183773156682573;21.32213540508409
325;67;58;27.732130244525678;27.732130244525678;24.73644536404835
326;66;59;23.480259087374026;23.480259087374026;20.940900261559218
327;41;59;10.747354955296464;10.747354955296464;10.015313692560778
328;17;59;32.68301613302785;32.68301613302785;29.135440900479168
329;80;59;28.46229052070679;28.46229052070679;25.792344879769782
330;25;59;18.386147804588433;18.386147804588433;16.277428385355726
331;61;58;29.820226388666743;29.820226388666743;25.81705825714139
332;35;59;18.37250988085159;18.37250988085159;16.010572475009305
333;16;59;49.287943861038535;49.287943861038535;40.148735777602134
334;100;53;18.015509025393666;18.015509025393666;16.55770256792811
335;25;58;18.202345239897937;18.202345239897937;15.932380775292403
336;92;55;24.74425928655566;24.74425928655566;21.36289230612454
337;59;59;31.885266162577913;31.885266162577913;27.25571722046032
338;29;59;20.32026138846001;20.32026138846001;17.27822644979783
339;51;59;28.384900911281516;28.384900911281516;24.694658894169862
340;31;58;65.51145212106489;65.51145212106489;54.31583620182329
341;50;59;56.31235843897816;56.31235843897816;46.40798864695604
342;26;58;17.619794707990945;17.619794707990945;15.530030070995206
343;137;58;27.18618889032584;27.18618889032584;24.205008101590128
344;49;59;40.733247169783986;40.733247169783986;34.092801328054016
345;69;54;32.246021817146016;32.246021817146016;27.883896843732124
346;83;57;30.303082406252106;30.303082406252106;26.846202356735073
347;45;59;28.30627519150263;28.30627519150263;23.907611903505728
348;95;59;34.30095298788346;34.30095298788346;29.96516168285258
349;35;59;15.378457161678556;15.378457161678556;13.096292626742102
350;94;55;28.390315301275937;28.390315301275937;24.636617778680986
351;18;59;30.64350986239728;30.64350986239728;25.7816457259059
352;30;59;16.95180960349042;16.95180960349042;14.826669963208227
353;153;56;21.218011153723566;21.218011153723566;19.487307666336907
354;21;59;21.65390823391193;21.65390823391193;18.632516714375356
355;66;58;27.282152058531757;27.282152058531757;24.292199891406614
356;70;59;29.03073373471321;29.03073373471321;25.553691776383026
357;48;59;24.00721435281129;24.00721435281129;21.007640707204768
358;55;58;33.110716499353885;33.110716499353885;27.804429713693672
359;84;59;31.289747527662538;31.289747527662538;27.744210150037585
360;75;55;30.99068153715678;30.99068153715678;26.335488552021307
361;60;58;36.972003677027764;36.972003677027764;31.758058548898855
362;33;59;42.38508237643336;42.38508237643336;36.645719123471174
363;88;59;26.911409964274554;26.911409964274554;23.447508829620418
364;156;58;30.099264420016066;30.099264420016066;26.11529067327982
365;52;59;49.81958640338861;49.81958640338861;41.75726737244975
366;47;54;26.829242984659842;26.829242984659842;22.9712898601966
367;67;59;32.06177779061168;32.06177779061168;27.361194150587906
368;20;59;34.51299368955484;34.51299368955484;29.267738452679662
369;67;59;37.126374685972806;37.126374685972806;32.44884094593863
370;50;59;39.608520300829994;39.608520300829994;33.78461752764709
371;20;59;34.71882111380941;34.71882111380941;30.032999948822958
372;135;58;22.253342895399772;22.253342895399772;20.055862061496416
373;1;59;1149.0863584840274;1149.0863584840274;936.4082220761077
374;93;48;16.9670745567947;16.9670745567947;14.954910457165743
375;267;49;22.52128157340224;22.52128157340224;19.317516466537775
376;127;47;17.39838288892384;17.39838288892384;15.221375402454917
377;128;50;9.138001810692732;9.138001810692732;8.834371428146223
378;118;49;13.659640937899418;13.659640937899418;12.32449512984521
379;78;49;14.909539017329436;14.909539017329436;13.017228723637512
380;205;46;9.676509880804616;9.676509880804616;9.482356764625141
381;130;47;11.138186033188438;11.138186033188438;10.281663718746012
382;129;50;8.416225624844301;8.416225624844301;8.540916484862816
383;107;48;10.344119564054994;10.344119564054994;9.705063898066214
384;103;48;14.400754074014039;14.400754074014039;12.87738887173796
385;92;48;11.848836241777757;11.848836241777757;10.853744790211488
386;100;50;13.698897097021336;13.698897097021336;12.224846555123495
387;143;50;14.337479032521275;14.337479032521275;13.255436086071192
388;147;52;9.81991114360541;9.81991114360541;9.559808020766472
389;143;46;11.466413192283587;11.466413192283587;10.939731936763941
390;125;50;8.409824995465218;8.409824995465218;8.656611183130613
391;53;53;20.73405215138956;20.73405215138956;17.49832541575339
392;86;47;13.554709754834334;13.554709754834334;12.194379411622556
393;98;52;14.54258661423616;14.54258661423616;13.210332162950955
394;143;49;11.202572013782897;11.202572013782897;10.439136611808511
395;105;47;13.712865566719808;13.712865566719808;12.1489232013211
396;89;50;10.61431659420584;10.61431659420584;9.882879291481428
397;86;50;18.17162468966817;18.17162468966817;16.6952689669412
398;90;51;11.650535416372254;11.650535416372254;11.050395164242204
399;152;49;15.944511171454362;15.944511171454362;14.458322913618044
400;144;49;10.753011854652296;10.753011854652296;10.065571769451916
401;130;49;15.918811316858404;15.918811316858404;14.162959444512904
402;136;53;10.417574042618119;10.417574042618119;10.595538980593348
403;107;52;14.584386925258217;14.584386925258217;12.945745825206773
404;125;49;14.630977421979104;14.630977421979104;13.256065524608184
405;116;48;8.288676195702447;8.288676195702447;8.100261773162735
406;145;47;14.67942706078622;14.67942706078622;13.314740687180509
407;99;50;9.56513273688511;9.56513273688511;9.250401743724094
408;114;47;15.472331401868624;15.472331401868624;13.644550985693467
409;101;48;18.263781595001017;18.263781595001017;16.196937427679725
410;55;52;22.26865280220259;22.26865280220259;19.591412922640163
411;84;59;39.6020175689958;39.6020175689958;33.54684549501979
412;51;55;38.71623198208729;38.71623198208729;31.8703937742626
413;69;53;11.06198389800647;11.06198389800647;10.222341951393128
414;44;50;22.085581698799725;22.085581698799725;18.791964657735075
415;78;47;10.864523920380043;10.864523920380043;10.572246700123092
416;109;51;30.835151521090122;30.835151521090122;26.417211304900064
417;16;59;24.23998024992135;24.23998024992135;20.628384083113776
418;131;55;24.400817181997528;24.400817181997528;21.114308217659534
419;84;55;21.172736710670943;21.172736710670943;18.888572265595037
420;77;49;9.73644821883718;9.73644821883718;9.521885914106708
421;138;50;12.574524829173754;12.574524829173754;11.686281455334731
422;58;55;19.082074097655255;19.082074097655255;17.189227638529953
423;92;49;8.94348641701021;8.94348641701021;8.622046214758772
424;31;51;11.215933105119186;11.215933105119186;9.977476094953225
425;39;59;37.35445324648418;37.35445324648418;32.98713708083183
426;54;59;7.962228715329232;7.962228715329232;7.560264968342762
427;49;54;42.84587697004311;42.84587697004311;34.92835842689532
428;126;52;18.854693885187032;18.854693885187032;17.091318075419483
429;19;59;23.766629982052148;23.766629982052148;20.13070694895319
430;77;51;22.494587410206165;22.494587410206165;18.83766115647348
431;24;59;28.69228407084844;28.69228407084844;24.870402673196693
432;29;59;18.15773681872671;18.15773681872671;15.665586432509915
433;163;57;24.84726119885512;24.84726119885512;21.847435486636922
434;5;59;132.5260064720167;132.5260064720167;-98.9990285394195
435;15;59;44.72455865662811;44.72455865662811;36.8682100196358
436;13;59;41.97566959338092;41.97566959338092;36.91622877425683
437;8;59;92.86728404939247;92.86728404939247;-338.77630858866553
438;76;59;23.303538351051124;23.303538351051124;19.95712040499972
439;65;59;32.165490311478734;32.165490311478734;27.39629869259895
440;30;59;53.74380526909397;53.74380526909397;43.41358625782492
441;28;53;9.318096094900946;9.318096094900946;9.108532948968637
442;6;58;42.59277572172419;42.59277572172419;36.92456416531368
443;20;58;23.13792962073023;23.13792962073023;20.143157190849564
444;47;51;16.937845503867262;16.937845503867262;16.131947755463134
445;9;59;64.77692342537264;64.77692342537264;54.74733377860609
446;1;59;363.26212590268517;363.26212590268517;338.10532782404306
447;52;59;29.305788807186282;29.305788807186282;25.02390661724121
448;75;57;13.63997113208946;13.63997113208946;12.900369755610024
449;122;48;12.375585313794232;12.375585313794232;11.787017880534286
450;107;59;26.31719664371738;26.31719664371738;22.151727559939104
451;26;59;18.62708030120271;18.62708030120271;15.971785621664232
452;235;58;31.428273003658582;31.428273003658582;27.55258874416195
453;13;57;70.72339242684784;70.72339242684784;56.14644187221363
454;29;58;14.976780103248926;14.976780103248926;13.638566886485355
455;27;59;21.20390444836291;21.20390444836291;18.642850938783656
456;31;58;20.21482891915789;20.21482891915789;17.846726118776495
457;75;59;15.312121129965655;15.312121129965655;13.408705169426101
458;37;59;13.069735207742955;13.069735207742955;12.120866509167133
459;16;59;34.9475047591554;34.9475047591554;31.068853763732317
460;140;56;25.740181666936337;25.740181666936337;23.08268482626624
461;17;59;36.507157358433716;36.507157358433716;31.959146874369118
462;105;57;25.110261261014866;25.110261261014866;22.489426044317923
463;20;58;22.867400083119147;22.867400083119147;18.757495228463487
464;0;59;29239519.34909987;29239519.34909987;21715058.513152264
465;63;58;29.60914877947777;29.60914877947777;26.213514927467724
466;83;59;32.836190240449916;32.836190240449916;28.55505232385746
467;95;59;29.195524993264677;29.195524993264677;25.34571992170891
468;58;58;31.847230821253287;31.847230821253287;27.58052677511389
469;50;59;21.491268935010805;21.491268935010805;21.471567748418774
470;49;59;43.983114596922704;43.983114596922704;36.56677494484753
471;67;58;31.41700252307368;31.41700252307368;26.907731108546542
472;92;58;25.613269579521457;25.613269579521457;22.84239501032459
473;51;56;31.661998395319163;31.661998395319163;26.43767982201987
474;88;54;31.874202692183815;31.874202692183815;26.237353333412553
475;154;59;33.554267895793934;33.554267895793934;27.843024186423264
476;54;59;34.23847140016041;34.23847140016041;29.53439663733883
477;64;56;24.576348275705683;24.576348275705683;21.285668853553627
478;23;59;54.792307445247545;54.792307445247545;44.24357913492609
479;36;58;15.996093633937273;15.996093633937273;14.45033986416788
480;33;59;45.02407641657287;45.02407641657287;38.129362016245615
481;18;59;33.17788027474566;33.17788027474566;27.741084240195388
482;62;59;36.18499577369942;36.18499577369942;30.01849888406648
483;14;59;28.818164337212004;28.818164337212004;26.99379431656329
484;33;59;13.747549975761213;13.747549975761213;12.879078288913606
485;94;57;23.345532616896318;23.345532616896318;20.804793203874965
486;24;59;21.6160108997076;21.6160108997076;18.983739201663433
487;16;59;42.10721002425964;42.10721002425964;35.6588659363505
488;41;59;50.0974169999431;50.0974169999431;41.2653382904511
489;70;59;42.97460084495648;42.97460084495648;36.539102263154064
490;60;58;36.42538307128352;36.42538307128352;30.419158183529166
491;23;58;20.445116437156955;20.445116437156955;17.70192227491905
492;68;55;25.162787426747403;25.162787426747403;22.120228784042943
493;24;59;26.958465568349666;26.958465568349666;22.973134965641382
494;66;50;20.305841314249413;20.305841314249413;17.464332594969996
495;47;58;33.09625815550252;33.09625815550252;27.99073309155998
496;63;58;26.469054644840984;26.469054644840984;23.361592652952073
497;10;58;55.21717672135295;55.21717672135295;42.97260206410596
498;41;59;41.59492252541713;41.59492252541713;34.67800141780044
499;147;58;25.732092152409745;25.732092152409745;22.419511641355985
500;22;59;25.080112366300085;25.080112366300085;21.963590653726463
501;77;52;20.152813477164518;20.152813477164518;17.58962219019226
502;59;58;28.18277984418876;28.18277984418876;23.987159249294663
503;67;57;22.767353936013482;22.767353936013482;20.414180885431463
504;42;59;12.79525287076785;12.79525287076785;11.505889813887368
505;48;57;16.077028407160444;16.077028407160444;14.396674293068672
506;58;57;47.4608911655169;47.4608911655169;40.50514885287914
507;65;59;23.647503227929672;23.647503227929672;20.813990481542852
508;106;58;30.463725870903357;30.463725870903357;26.919404006865822
509;46;57;32.13931482789391;32.13931482789391;27.64863885182069
510;20;59;30.114068589797498;30.114068589797498;25.51539057293257
511;18;59;0.0;0.0;13.887271560534048
512;57;57;42.341582256392996;42.341582256392996;36.038408198609815
513;39;59;38.27366891011726;38.27366891011726;32.67001240444527
514;87;59;25.632593120415727;25.632593120415727;22.20087428254348
515;71;47;19.382209255369656;19.382209255369656;16.461815857266622
516;57;59;33.51426424277031;33.51426424277031;29.18672552759522
517;31;59;17.56130237356047;17.56130237356047;15.486067660913205
518;134;51;17.190968600914115;17.190968600914115;15.095587530298815
519;109;59;18.300598066315256;18.300598066315256;17.096355627634154
520;47;59;40.13542983397445;40.13542983397445;33.720248207978024
521;61;59;33.244188871744136;33.244188871744136;29.693815018845324
522;129;59;29.402384404291944;29.402384404291944;25.41903367783748
523;34;57;41.55448123344271;41.55448123344271;34.375839885291526
524;104;54;25.44974481870797;25.44974481870797;22.19208826238473
525;45;59;41.10293594227405;41.10293594227405;35.088899681254055
526;19;59;49.10547655542423;49.10547655542423;39.775250005940066
527;59;53;19.51061526494846;19.51061526494846;17.508965522223537
528;106;51;28.552214733715793;28.552214733715793;23.897262675563386
529;46;58;25.03687996373217;25.03687996373217;21.58172594434469
530;115;59;20.84493502533009;20.84493502533009;17.816087863144883
531;52;58;36.213888445514314;36.213888445514314;30.650823363291906
532;33;57;41.00269203879;41.00269203879;34.53409026339764
533;43;57;32.46167780993755;32.46167780993755;28.43337204611021
534;206;58;30.9734633926124;30.9734633926124;27.658624129680266
535;110;58;33.158017132971786;33.158017132971786;27.773059311569934
536;244;59;35.485558182286304;35.485558182286304;30.633797826835252
537;67;59;35.88196908439338;35.88196908439338;30.632846884480912
538;41;59;24.0550114332969;24.0550114332969;21.069628770514914
539;104;59;23.222518468601816;23.222518468601816;22.197354709459837
540;213;59;13.078438808816403;13.078438808816403;12.694180898189062
541;79;57;24.75865268814205;24.75865268814205;21.622064171018454
542;119;54;27.602886390459894;27.602886390459894;24.21222632840609
543;48;57;30.780927157757038;30.780927157757038;26.52151843817385
544;221;59;37.55239046956786;37.55239046956786;32.24079546461763
545;53;59;29.9463709541107;29.9463709541107;26.341389611352895
546;5;59;65.6642184320263;65.6642184320263;53.492132500775504
547;251;58;34.56828927306877;34.56828927306877;29.559287206290335
548;98;59;19.80243593835879;19.80243593835879;17.535850210843797
549;19;58;23.768257341143354;23.768257341143354;19.86084783277742
550;18;59;42.21555143416838;42.21555143416838;35.46372476819416
551;19;57;55.83228183314583;55.83228183314583;45.84559555380133
552;100;59;19.916590347730306;19.916590347730306;17.682882243142544
553;41;57;12.80314396482996;12.80314396482996;11.434956945468816
554;214;57;36.98362997003495;36.98362997003495;29.994711139645954
555;36;59;32.298159273972686;32.298159273972686;27.390761365756955
556;96;59;16.86522274896414;16.86522274896414;15.63806783949932
557;50;58;32.98173515378054;32.98173515378054;29.133352180416196
558;14;59;64.44757766773589;64.44757766773589;51.7053202665364
559;24;59;23.338640204094027;23.338640204094027;19.746149615417455
560;24;59;39.601620193759175;39.601620193759175;33.514203556342856
561;14;59;30.336891327400693;30.336891327400693;29.908299769668574
562;49;59;28.87751273863551;28.87751273863551;26.424811171073824
563;95;59;24.26991619640431;24.26991619640431;22.275344143760318
564;24;58;65.77029129203866;65.77029129203866;52.0252079166095
565;16;57;52.30350389664364;52.30350389664364;42.84706883796723
566;38;58;32.36444257797129;32.36444257797129;27.809729194069828
567;32;58;36.87976530345154;36.87976530345154;30.966886431849044
568;21;59;16.725947979430252;16.725947979430252;14.791209026026369
569;11;59;52.39456805020158;52.39456805020158;41.85973746606655
570;43;59;38.377634832260725;38.377634832260725;31.962963758535825
571;102;59;16.975241337416;16.975241337416;15.871756448542794
572;55;59;37.28890132259348;37.28890132259348;31.73433290091213
573;9;59;55.03380342416695;55.03380342416695;50.38396832028432
574;51;54;24.387476340239406;24.387476340239406;21.659291391566814
575;48;59;30.812217987777142;30.812217987777142;25.795745000373365
576;94;52;17.102889423909037;17.102889423909037;15.71577108604637
577;62;59;36.480918053829456;36.480918053829456;29.715562168692376
578;95;59;23.366848701816018;23.366848701816018;20.877199453272382
579;17;59;35.82150287567929;35.82150287567929;29.955841652513573
580;49;57;37.575076524547725;37.575076524547725;30.935220111061344
581;52;58;30.797860693074803;30.797860693074803;26.4088027451705
582;39;51;34.25035658416428;34.25035658416428;28.773272610328803
583;55;59;23.297346889287457;23.297346889287457;20.685418062677023
584;51;58;38.20837590394174;38.20837590394174;30.819085043749876
585;91;59;30.336443384386797;30.336443384386797;26.18811242010448
586;134;59;18.453734207684626;18.453734207684626;17.000922387815258
587;216;59;62.498138907682964;62.498138907682964;51.96831764156057
588;30;52;37.38616376519683;37.38616376519683;30.780546775337676
589;10;59;75.61861136206893;75.61861136206893;64.74015508403477
590;20;59;25.75395198697422;25.75395198697422;21.414759879969388
591;46;59;30.156564976670463;30.156564976670463;25.508299707502434
592;35;59;40.76936434990742;40.76936434990742;32.39331120198086
593;55;59;39.68524429041749;39.68524429041749;33.53239433636177
594;67;58;35.89984449592946;35.89984449592946;30.03095743971502
595;82;56;31.54740639234395;31.54740639234395;26.978814790856923
596;24;58;50.214324971676206;50.214324971676206;46.13640879946282
597;9;59;44.5034038962198;44.5034038962198;43.44465126633665
598;73;56;29.125607795625516;29.125607795625516;25.0300206867202
599;3;59;195.672376671882;195.672376671882;164.4625892874902
600;1;59;224.90241195373883;224.90241195373883;232.5494807445935
601;9;59;47.59580035432777;47.59580035432777;44.46171865686756
602;18;59;28.834303331190245;28.834303331190245;26.13640592755018
603;26;59;20.634133857074392;20.634133857074392;18.071696877193506
604;51;59;47.97069798526287;47.97069798526287;39.59591807843674
605;53;59;15.831956929921088;15.831956929921088;14.256354180563928
606;67;56;33.87980002179726;33.87980002179726;29.069456442437037
607;46;59;28.273735697257656;28.273735697257656;24.82799783587699
608;40;56;40.241983135477106;40.241983135477106;33.047294761358806
609;33;59;47.18855797965084;47.18855797965084;39.761464914716
610;33;58;52.68802108911048;52.68802108911048;43.035212664912414
611;245;59;40.798652620410245;40.798652620410245;33.962058287495765
612;113;59;22.756745846325135;22.756745846325135;20.218580614521763
613;134;58;25.289809667105178;25.289809667105178;22.65741883668749
614;2;59;70.90445968013182;70.90445968013182;82.48105106679724
615;33;59;40.12798038314966;40.12798038314966;32.897867954132245
616;28;58;47.293718251368894;47.293718251368894;38.82362760559606
617;14;59;34.834020840997766;34.834020840997766;61.56171939839509
618;100;58;28.31374941530615;28.31374941530615;24.316110363176872
619;25;59;28.13375451868641;28.13375451868641;24.302335032650188
620;48;59;27.98969540273885;27.98969540273885;24.43795897092613
621;12;59;57.2948460471469;57.2948460471469;49.458141185165786
622;24;59;35.93502374212017;35.93502374212017;30.761186271028553
623;94;55;27.026162234265335;27.026162234265335;23.14863751045388
624;123;59;24.142789850166082;24.142789850166082;21.77766960104866
625;3;59;110.01092137950188;110.01092137950188;105.13928164646344
626;32;59;20.23976869700911;20.23976869700911;17.45901520066705
627;73;55;29.268697410233337;29.268697410233337;24.334317875613916
628;83;59;35.08736270806795;35.08736270806795;29.581965173621747
629;14;59;43.74806704530404;43.74806704530404;39.38714821321529
630;13;59;41.291695725968914;41.291695725968914;36.68719215875756
631;39;59;24.53489444109809;24.53489444109809;21.34827143091561
632;21;59;21.85851583505682;21.85851583505682;18.34219624929705
633;28;54;54.74011642776531;54.74011642776531;44.702965834036
634;31;59;21.517589621488906;21.517589621488906;18.659749081223232
635;11;59;46.986497434454684;46.986497434454684;41.48054532942433
636;60;58;27.82903370369806;27.82903370369806;23.394545018815315
637;16;59;27.811893255263016;27.811893255263016;22.850045149506265
638;16;59;37.50861480346802;37.50861480346802;32.726588731957996
639;3;59;115.09723384095089;115.09723384095089;103.12200221550292
640;116;57;15.218117229087296;15.218117229087296;14.254225435713014
641;123;58;22.993907815450854;22.993907815450854;20.463212637543847
642;70;59;28.215377115561918;28.215377115561918;25.703565044425975
643;20;59;27.20985346593087;27.20985346593087;23.220380508524396
644;29;59;19.135512528853823;19.135512528853823;16.269267880861506
645;4;59;156.39998987936292;156.39998987936292;135.91720675426205
646;12;58;43.81265385510253;43.81265385510253;94.80141975443634
647;42;58;48.81161062822496;48.81161062822496;40.29985207083486
648;7;59;60.428809214824724;60.428809214824724;56.47682802652082
649;14;59;38.146394910672925;38.146394910672925;33.87499697570914
650;24;55;35.26800726506126;35.26800726506126;29.47303631537988
651;8;59;80.23063816363961;80.23063816363961;69.91844938516554
652;38;59;37.77405414029608;37.77405414029608;32.26527459294624
653;68;59;37.86469263318379;37.86469263318379;31.538252463367492
654;40;58;11.278722615513804;11.278722615513804;10.730734853960948
655;24;58;53.020981160964645;53.020981160964645;41.91523077838652
656;8;58;35.80181321749031;35.80181321749031;28.69620129210468
657;42;58;39.30226672738934;39.30226672738934;32.82855380547239
658;74;58;31.784455396552364;31.784455396552364;26.376255104830648
659;115;59;29.71525222822104;29.71525222822104;25.42432327553469
660;50;59;32.14999789973867;32.14999789973867;26.01781329073415
661;72;59;22.890065841918783;22.890065841918783;19.367215363790176
662;73;58;23.287859903522495;23.287859903522495;21.3102089758475
663;23;59;25.83355746129311;25.83355746129311;22.999393111950365
664;15;59;49.448072637706616;49.448072637706616;17.952714475498738
665;6;59;48.77177936368607;48.77177936368607;48.30623623895828
666;35;59;41.167295963571114;41.167295963571114;33.49538591606304
667;29;59;20.492858324106184;20.492858324106184;18.09103950774314
668;36;59;39.97704852321096;39.97704852321096;32.47450539131712
669;64;57;18.0564287699685;18.0564287699685;16.504994333833412
670;64;57;32.8858078095513;32.8858078095513;27.779453867123507
671;13;59;50.15051665407465;50.15051665407465;39.47123086850992
672;31;59;18.265561966176534;18.265561966176534;16.109999041325302
673;50;58;21.15990640043854;21.15990640043854;19.347376394021783
674;33;59;16.572643291923338;16.572643291923338;14.810382792055346
675;154;58;30.324627575842484;30.324627575842484;26.28387588728086
676;35;59;18.351651638525706;18.351651638525706;15.695437103308054
677;40;59;45.46326123939133;45.46326123939133;37.54889231089488
678;58;57;23.780740419477144;23.780740419477144;21.227520099995843
679;21;59;25.425306572380187;25.425306572380187;21.685273091689435
680;116;54;20.85534731996332;20.85534731996332;19.011699464048576
681;14;59;52.88213856546427;52.88213856546427;41.6443788322134
682;107;57;23.642678850771095;23.642678850771095;20.675059454254367
683;23;58;37.374277275637496;37.374277275637496;31.11819858669158
684;33;58;42.28003463773326;42.28003463773326;34.298002206068254
685;48;59;40.87393704383039;40.87393704383039;34.7613782108081
686;249;58;36.1021255395262;36.1021255395262;30.563419097445475
687;46;59;26.609013894718245;26.609013894718245;23.419635607819284
688;64;58;18.802148839825144;18.802148839825144;16.647523029855673
689;80;59;29.31245699377193;29.31245699377193;25.083016405551735
690;30;59;39.88864234889993;39.88864234889993;31.248227088855362
691;1;59;346.41744780074197;346.41744780074197;326.06509506982167
692;51;59;10.055234500255136;10.055234500255136;9.134759566701794
693;24;56;42.53202453995076;42.53202453995076;32.704305659419774
694;108;59;28.12309256904243;28.12309256904243;24.206885162582022
695;76;52;23.25362053936542;23.25362053936542;19.129243983564333
696;81;59;37.18084407502149;37.18084407502149;31.009777407806283
