Skewness: 1.8019919776986022, Average LID: LPCA: 92.78335724533716  |||  MLE: 25248.42553618584  |||  MLENB: 25248.42553618584  |||  TLE: 31.339216997393407
LPCA: -0.36845974489485783  |||  MLE: -0.04214215440273209  |||  MLENB: -0.04214215440273209  |||  TLE: -0.15287812439784684
node;in_degree;local_intrinsic_dimensionality_LPCA;local_intrinsic_dimensionality_MLE;local_intrinsic_dimensionality_MLENB;local_intrinsic_dimensionality_TLE
0;54;96;21.86978633184564;21.86978633184564;20.865116528046048
1;27;99;47.65510497398692;47.65510497398692;40.20613579381474
2;29;98;36.479808329580266;36.479808329580266;31.79452765271967
3;31;98;25.911285084042355;25.911285084042355;23.591413621221378
4;368;99;32.99610847169785;32.99610847169785;27.06796539165143
5;69;98;11.911108375997749;11.911108375997749;11.075539282954178
6;361;91;20.961411685989326;20.961411685989326;19.075887514280733
7;29;99;42.42084456640657;42.42084456640657;34.984003393367374
8;40;97;25.9901318505728;25.9901318505728;24.056223948296964
9;59;97;22.248740972314415;22.248740972314415;18.572400832359044
10;95;99;24.302473886716818;24.302473886716818;20.353550535989726
11;49;98;23.98880206183443;23.98880206183443;20.691860485600277
12;48;99;24.47175798614185;24.47175798614185;21.012811335303223
13;8;99;159.00429047280775;159.00429047280775;135.59117352171202
14;55;96;17.516557776736704;17.516557776736704;15.436667176858826
15;77;92;48.57783788059468;48.57783788059468;38.719094757125404
16;18;99;76.38900929408243;76.38900929408243;63.87533932325585
17;293;99;47.98094715028201;47.98094715028201;41.062127834730724
18;55;85;51.93360791150729;51.93360791150729;41.32068514022501
19;94;98;27.638748264266106;27.638748264266106;23.144125913716568
20;47;99;26.226157680329734;26.226157680329734;22.330553723219516
21;116;91;30.13024964930481;30.13024964930481;26.279865878010614
22;335;94;24.015985822648968;24.015985822648968;21.316962712896984
23;134;92;20.120121673840472;20.120121673840472;18.944049117077594
24;53;98;26.857314040498686;26.857314040498686;26.376331540848344
25;89;99;13.27988652917599;13.27988652917599;11.385672345560996
26;60;99;19.331708202920314;19.331708202920314;16.84225721382047
27;39;92;24.47146527363011;24.47146527363011;20.055065125562425
28;19;98;36.58956811355295;36.58956811355295;33.369885523219146
29;116;93;24.7394082602994;24.7394082602994;23.122178309922898
30;135;99;20.516944073224366;20.516944073224366;18.1416459493001
31;30;98;22.826858503936453;22.826858503936453;21.291488923805083
32;97;98;7.84338632472724;7.84338632472724;7.390030718186834
33;152;91;26.868390688419396;26.868390688419396;23.085468993908098
34;68;99;27.253288810133856;27.253288810133856;22.087193316010186
35;32;98;34.02989913125524;34.02989913125524;29.840167541292296
36;73;98;15.783638400075002;15.783638400075002;13.845699340914365
37;60;98;21.65607783595529;21.65607783595529;18.701200418882593
38;21;99;68.7535554067591;68.7535554067591;54.960113951147015
39;62;96;17.3742550922713;17.3742550922713;15.243876810179215
40;92;88;30.62953263422461;30.62953263422461;26.252234902567455
41;37;98;31.179780617023326;31.179780617023326;27.37007008936397
42;68;97;19.721367435250347;19.721367435250347;16.818321412096594
43;55;97;20.99653232342785;20.99653232342785;17.872742615909758
44;72;97;13.467108144868758;13.467108144868758;12.276992784333382
45;421;91;24.277676315514274;24.277676315514274;21.495414235598943
46;59;98;22.75563126257409;22.75563126257409;19.082276587237512
47;48;99;23.46843036273242;23.46843036273242;20.29444919286488
48;22;98;50.265225908043256;50.265225908043256;43.12289169270784
49;406;95;34.82802120590569;34.82802120590569;29.335589223055788
50;13;99;39.84867679789211;39.84867679789211;38.304803955390184
51;108;77;31.296614465202413;31.296614465202413;26.101006543915027
52;101;90;27.751695314862307;27.751695314862307;24.01817719051649
53;74;98;16.153018444519205;16.153018444519205;14.132571387011824
54;62;91;39.11252273902585;39.11252273902585;32.541878606897
55;25;98;34.99731319640039;34.99731319640039;31.173889674904853
56;291;98;26.576867664183972;26.576867664183972;22.98950796871269
57;24;99;39.096518241736355;39.096518241736355;34.66351707879188
58;79;98;16.61673771410752;16.61673771410752;14.205417505591683
59;36;98;31.660515043628497;31.660515043628497;27.40704498145276
60;116;95;31.086762015726897;31.086762015726897;26.392801139598976
61;49;98;23.991684362626707;23.991684362626707;16.51490561714578
62;31;99;37.93856998787248;37.93856998787248;32.367588294561685
63;119;96;42.14037868898549;42.14037868898549;34.99113936927965
64;382;92;26.555706627619625;26.555706627619625;23.38661025053597
65;10;99;83.70631638625139;83.70631638625139;87.82457651678105
66;60;92;53.086692448731405;53.086692448731405;43.86920139212006
67;91;99;75.18989237204106;75.18989237204106;60.445049283385245
68;32;99;36.95326057678182;36.95326057678182;31.52837675265496
69;16;99;50.5481755556313;50.5481755556313;45.247468027280455
70;75;95;38.57745069543681;38.57745069543681;32.46196981673178
71;169;80;36.505346159516805;36.505346159516805;29.56884743106426
72;87;92;24.55381290870654;24.55381290870654;21.45448811120766
73;88;86;29.52222770021895;29.52222770021895;25.408624153622025
74;362;92;22.459440161763904;22.459440161763904;20.3390112284267
75;14;99;74.0930447363981;74.0930447363981;65.05963908036344
76;66;82;14.791159815520766;14.791159815520766;12.603206375600697
77;37;96;22.212665640140365;22.212665640140365;22.349354321244995
78;143;85;32.2236040910742;32.2236040910742;26.592525059407723
79;19;99;73.15190597964224;73.15190597964224;61.37419044272028
80;7;99;120.19490568301674;120.19490568301674;113.88018827400924
81;293;99;46.72276093890697;46.72276093890697;40.00900518338726
82;18;99;73.20020176159716;73.20020176159716;61.71034467175346
83;77;97;49.503163786923025;49.503163786923025;40.273229789608585
84;71;79;15.969640747415653;15.969640747415653;13.228319000998763
85;324;90;34.921822223653685;34.921822223653685;29.75080097065442
86;36;99;35.24515217756916;35.24515217756916;29.60748729171367
87;69;98;19.8342030938265;19.8342030938265;16.785247195861412
88;80;89;23.05921483669947;23.05921483669947;19.65328154423376
89;129;90;39.5020139218542;39.5020139218542;33.25084624891134
90;73;81;15.198790604278571;15.198790604278571;12.705212164706445
91;118;77;28.074525944364584;28.074525944364584;23.143928726992435
92;122;91;41.30863391303328;41.30863391303328;35.00401775695931
93;85;91;46.18220098456057;46.18220098456057;37.33912472522193
94;32;98;30.257230243336476;30.257230243336476;26.556097764834643
95;2;99;269.25016262811715;269.25016262811715;166.96963203455246
96;68;99;16.915275595061463;16.915275595061463;14.710266873285708
97;22;99;56.506924593950515;56.506924593950515;47.525533097405685
98;28;90;45.16637450758659;45.16637450758659;34.86664295746896
99;322;81;28.922237902789732;28.922237902789732;23.736366019072253
100;69;89;17.437503567470863;17.437503567470863;14.41796179365064
101;91;97;44.4725163269048;44.4725163269048;36.1677558103852
102;32;99;28.05827222702634;28.05827222702634;25.192973004854288
103;27;99;42.885479510348944;42.885479510348944;37.852986606818504
104;86;89;12.127555870764066;12.127555870764066;10.601206582628372
105;30;99;42.68068115518417;42.68068115518417;34.677453727995314
106;153;78;46.35591287387264;46.35591287387264;37.96342823203475
107;89;95;22.067909665402805;22.067909665402805;19.210604444826416
108;73;99;17.26803429297996;17.26803429297996;14.96274057339907
109;30;99;34.45589948442515;34.45589948442515;29.96460417214491
110;9;99;94.12499816949449;94.12499816949449;98.73717693969918
111;18;99;0.0;0.0;23.73497178903914
112;122;98;15.568631685531889;15.568631685531889;14.140624580746472
113;33;96;31.309291620489557;31.309291620489557;25.615516613685074
114;34;99;35.34322431792891;35.34322431792891;30.044388515506267
115;65;98;38.14051613850994;38.14051613850994;31.676309612883912
116;21;99;61.72324069995555;61.72324069995555;52.21897279976541
117;25;99;70.80981860694546;70.80981860694546;57.54313155492657
118;388;95;42.15188318663925;42.15188318663925;35.015715679288824
119;63;99;21.163745313540687;21.163745313540687;18.03627796878597
120;19;99;80.70961180759099;80.70961180759099;66.48929925010857
121;28;99;36.888689089016516;36.888689089016516;32.22354877055824
122;23;98;32.09366531504684;32.09366531504684;30.398131440972282
123;47;98;23.341562594939408;23.341562594939408;20.175932522537494
124;53;98;21.406329627113113;21.406329627113113;18.38295991327061
125;76;98;45.601598762190825;45.601598762190825;37.028307789483996
126;50;97;26.299043270100434;26.299043270100434;24.35416703355391
127;35;98;38.01678796226173;38.01678796226173;30.361368942953096
128;37;99;35.66648706013331;35.66648706013331;29.228931600942737
129;371;96;46.00737009063371;46.00737009063371;38.01241760577789
130;29;98;19.091810028376432;19.091810028376432;18.473638136175655
131;74;94;24.424067540491077;24.424067540491077;22.262753904251163
132;65;94;36.107820971629096;36.107820971629096;29.478344241945173
133;91;99;7.675092507779273;7.675092507779273;7.276290359571836
134;41;98;17.09230308630785;17.09230308630785;16.746951325265133
135;84;95;14.517810915930571;14.517810915930571;12.627156001395592
136;84;94;23.277916066368896;23.277916066368896;21.63281633871267
137;54;98;22.817272091653706;22.817272091653706;19.62029505415905
138;70;98;20.081487596091907;20.081487596091907;16.929603687767816
139;127;80;31.250575527655425;31.250575527655425;26.755582477036867
140;119;95;23.984095762628133;23.984095762628133;22.05806004509114
141;85;98;42.06041833472754;42.06041833472754;34.76452160336872
142;27;99;48.323900409985626;48.323900409985626;40.77198700512916
143;17;99;68.37607274306086;68.37607274306086;59.62921998216837
144;52;99;24.408293643086346;24.408293643086346;21.04360827780012
145;48;99;29.50298883012318;29.50298883012318;24.365399100512278
146;169;77;26.3320682245339;26.3320682245339;22.20541313105275
147;77;84;10.082048147923361;10.082048147923361;9.479415621539147
148;29;99;38.94266454354173;38.94266454354173;33.53645582561983
149;249;94;23.368844351525624;23.368844351525624;20.52886684351586
150;31;99;34.15072524150638;34.15072524150638;29.75433363310492
151;96;95;45.155705870978494;45.155705870978494;37.14448261230259
152;81;88;19.039305983207385;19.039305983207385;16.168924169250857
153;353;92;25.42830827299835;25.42830827299835;21.683818201054798
154;19;99;48.436462665967134;48.436462665967134;42.61848508255884
155;28;96;45.96284888811654;45.96284888811654;36.356928224265054
156;27;82;26.85995756452428;26.85995756452428;20.96781515399546
157;16;99;62.05576741246589;62.05576741246589;57.14987794033952
158;84;97;49.314306334092514;49.314306334092514;40.89996294650295
159;90;94;17.615941416547304;17.615941416547304;16.151171367732314
160;102;96;34.17250326644595;34.17250326644595;28.888688203542035
161;137;71;15.050059103140926;15.050059103140926;13.74941897757222
162;287;97;18.529218904650882;18.529218904650882;15.946910748255647
163;22;99;55.03919711793693;55.03919711793693;47.61540283043573
164;20;99;57.646276746868544;57.646276746868544;49.76837858155103
165;309;99;28.251653206233247;28.251653206233247;26.18450501231217
166;77;94;44.93919277413172;44.93919277413172;37.59032937772145
167;85;95;28.433402098752502;28.433402098752502;24.318891781002925
168;21;99;59.86971525280066;59.86971525280066;50.99566239181319
169;156;73;22.336579542338566;22.336579542338566;19.36057234865981
170;65;99;19.3571736502174;19.3571736502174;16.51032683593313
171;73;85;37.49353367439077;37.49353367439077;30.390801083761726
172;122;82;16.59845559984986;16.59845559984986;15.126598198262668
173;87;99;36.859700166940264;36.859700166940264;30.815838087614164
174;69;98;18.526625683288476;18.526625683288476;17.96605152978686
175;106;89;43.36730996692477;43.36730996692477;36.074916890407145
176;107;84;23.276759676299573;23.276759676299573;20.21539554673638
177;79;89;10.146500117543667;10.146500117543667;9.314843592706403
178;41;99;33.65943004192302;33.65943004192302;33.57099657694523
179;86;99;24.9040461377233;24.9040461377233;21.56488312817208
180;83;92;31.65415926665502;31.65415926665502;27.160972061278397
181;36;97;34.40913585137241;34.40913585137241;28.256114772215092
182;32;99;40.16087681050598;40.16087681050598;33.0210429579211
183;23;98;45.23676861927597;45.23676861927597;38.30733490578438
184;189;87;39.66742222257462;39.66742222257462;32.60600221316066
185;83;97;29.84470846581222;29.84470846581222;25.57119516882285
186;143;91;24.581448485541024;24.581448485541024;22.086246065241212
187;53;99;25.367591800121033;25.367591800121033;21.65634499988624
188;125;86;20.10299546086392;20.10299546086392;17.242975005613783
189;97;83;52.176657054316784;52.176657054316784;41.91732746500915
190;70;99;17.833382672603214;17.833382672603214;15.581316645474788
191;57;94;22.238765399145784;22.238765399145784;18.459030002226775
192;55;88;19.117114090782326;19.117114090782326;15.882500012542938
193;45;99;29.55242294736221;29.55242294736221;24.939340684736337
194;33;96;26.201238982829047;26.201238982829047;23.541646533277863
195;38;96;31.06535980316478;31.06535980316478;26.356794939908465
196;210;78;38.04657251686608;38.04657251686608;30.919031521687728
197;52;99;27.174591705278566;27.174591705278566;22.76681540578669
198;97;97;48.786777077801375;48.786777077801375;39.90814535625505
199;75;88;12.607384366584188;12.607384366584188;11.29484400359995
200;65;98;20.024845664969188;20.024845664969188;16.95559853088703
201;24;99;33.903079933619594;33.903079933619594;30.323449720980186
202;11;99;109.1209590676012;109.1209590676012;91.65997639624656
203;173;95;30.295494913272567;30.295494913272567;25.69106427827015
204;42;96;26.481016863595638;26.481016863595638;24.969310516717215
205;87;77;9.717091650299665;9.717091650299665;8.763827071891514
206;77;94;21.825688286676012;21.825688286676012;18.811501632524948
207;81;78;25.93089387082476;25.93089387082476;21.41035384777581
208;121;92;36.63038369624648;36.63038369624648;30.436043130682023
209;13;99;95.12614000635698;95.12614000635698;80.97479530745426
210;54;97;22.091685401530537;22.091685401530537;21.236588605030246
211;62;98;16.30147103554914;16.30147103554914;14.324334507342082
212;256;99;39.82627360657982;39.82627360657982;34.14899119817656
213;145;79;28.778643073587794;28.778643073587794;24.242489482921535
214;81;96;33.06361798004078;33.06361798004078;28.036462229575243
215;357;94;28.33294421667616;28.33294421667616;24.53460316604263
216;129;93;21.476899564029363;21.476899564029363;19.223772264600434
217;18;96;56.59646250103375;56.59646250103375;46.520016523419365
218;375;97;34.472850509628046;34.472850509628046;29.803030221060187
219;200;88;25.727042768107655;25.727042768107655;22.74509376808357
220;67;75;45.26320448606989;45.26320448606989;36.71507964477724
221;10;99;170.11522036794534;170.11522036794534;139.3024191957158
222;369;96;51.963911659342415;51.963911659342415;43.07823851586391
223;82;95;13.266798851562015;13.266798851562015;11.742312961169018
224;48;96;20.101184471655433;20.101184471655433;17.135598567756546
225;77;89;34.60463390369455;34.60463390369455;29.126626669350845
226;81;95;14.145000648651564;14.145000648651564;12.423347543220519
227;34;99;42.50953849743293;42.50953849743293;34.801552902206474
228;6;99;188.63734772677523;188.63734772677523;155.24522748773563
229;94;96;41.01770443505322;41.01770443505322;34.86162942156349
230;43;98;31.869232261251177;31.869232261251177;26.29716700000284
231;49;97;26.895326451709916;26.895326451709916;24.86378177895164
232;11;99;85.00046221213934;85.00046221213934;84.78387416144052
233;109;94;31.622568526546527;31.622568526546527;26.98546628188037
234;51;92;79.21296450075509;79.21296450075509;62.51418623441877
235;53;99;24.614706794349786;24.614706794349786;21.12466522048569
236;56;99;23.794970514171805;23.794970514171805;19.924433483806347
237;21;99;53.920077185458055;53.920077185458055;48.14865016975129
238;22;99;55.168432439488996;55.168432439488996;44.94559349289813
239;15;99;92.5975801881674;92.5975801881674;75.10421100408233
240;39;94;64.1924627103623;64.1924627103623;52.09940438193455
241;297;96;15.216824451121743;15.216824451121743;13.392127670460578
242;37;99;41.86748111193079;41.86748111193079;34.69497588824101
243;68;99;19.460929769280796;19.460929769280796;16.62030464866104
244;206;95;44.318345724863974;44.318345724863974;36.967924766172985
245;84;99;19.7152673955468;19.7152673955468;16.813702966669574
246;35;98;31.55419677726557;31.55419677726557;27.517102184777453
247;149;94;31.734833881088846;31.734833881088846;26.759813189693386
248;29;99;43.286064468624566;43.286064468624566;31.647244891396817
249;38;98;23.66189249963625;23.66189249963625;21.259114364568777
250;62;98;18.761229018654337;18.761229018654337;16.040743391442323
251;104;88;35.365031153071534;35.365031153071534;29.834929304931027
252;112;86;30.69637705436526;30.69637705436526;26.232728448050985
253;57;99;22.509865031399837;22.509865031399837;19.43668732073459
254;82;97;37.36277888974617;37.36277888974617;31.852786337154225
255;80;86;43.19583427917783;43.19583427917783;35.33433656921769
256;77;98;14.563385839687893;14.563385839687893;13.025372105812252
257;87;94;43.27300561022615;43.27300561022615;35.515695929829974
258;62;96;13.33910483204938;13.33910483204938;12.233747084529607
259;86;93;13.716382408327613;13.716382408327613;12.037615991658196
260;74;81;14.378752706208834;14.378752706208834;12.101519342454417
261;137;74;17.034825904363768;17.034825904363768;15.341887462935256
262;141;91;28.267211136822706;28.267211136822706;24.315783157200904
263;64;77;41.48206790798952;41.48206790798952;33.974558734131136
264;40;99;23.68304874636495;23.68304874636495;21.340088440164354
265;119;80;24.321058159828983;24.321058159828983;20.8469000753418
266;50;98;25.96036841691288;25.96036841691288;23.539899042434886
267;94;95;38.361626429518886;38.361626429518886;32.067935030944255
268;27;99;45.24964723723886;45.24964723723886;38.34920306171729
269;64;99;20.56092176258948;20.56092176258948;17.518497332042042
270;67;99;20.993947915531887;20.993947915531887;17.705732363137802
271;37;92;27.638426285051896;27.638426285051896;23.235328519144126
272;79;90;26.12811252484675;26.12811252484675;22.380319479879184
273;22;99;62.20538189881389;62.20538189881389;52.804024508114054
274;60;98;19.368231764383356;19.368231764383356;16.622546723206906
275;206;93;33.92503539327065;33.92503539327065;28.31550152674595
276;59;95;38.98370057577314;38.98370057577314;33.63147201540912
277;52;98;23.744164150126668;23.744164150126668;20.13399124964361
278;110;77;16.315583022607793;16.315583022607793;14.176452949944453
279;420;77;30.96876620737306;30.96876620737306;25.422835781059106
280;89;98;42.30881680085445;42.30881680085445;34.00405544278451
281;42;98;34.462371327181756;34.462371327181756;28.27214892926199
282;66;99;22.46793829502478;22.46793829502478;19.069893486022842
283;85;96;47.97090557357227;47.97090557357227;39.834678460640895
284;32;99;44.257172578920674;44.257172578920674;35.4371367430039
285;38;99;31.576103982028346;31.576103982028346;26.79912793577233
286;99;91;42.02813183792865;42.02813183792865;34.80601846895944
287;43;99;19.146592489624798;19.146592489624798;17.490847087225273
288;59;98;22.922435002537572;22.922435002537572;19.45934225681289
289;259;99;28.741569825354663;28.741569825354663;24.52866531908333
290;379;97;42.680248013107395;42.680248013107395;36.10454198055471
291;316;99;14.119855377418034;14.119855377418034;12.426536707470202
292;121;89;42.588924558397885;42.588924558397885;34.94775929879647
293;48;97;26.33903684929253;26.33903684929253;21.985649200041145
294;61;96;32.40459749796503;32.40459749796503;27.480370926680482
295;47;99;26.915657163621074;26.915657163621074;27.518378884355815
296;85;83;25.9649465750784;25.9649465750784;23.004141472691636
297;204;81;29.500251645152648;29.500251645152648;24.567641231368718
298;402;97;29.360896736431727;29.360896736431727;25.21252231158102
299;69;81;49.47967522094606;49.47967522094606;39.963897118722876
300;40;83;27.978358839107145;27.978358839107145;27.26873933729728
301;154;81;35.303780277681625;35.303780277681625;28.84032117997737
302;121;90;36.52949420566586;36.52949420566586;30.951807519431693
303;52;95;24.324934691432755;24.324934691432755;20.58114657998021
304;7;99;133.36558468688708;133.36558468688708;148.68464749484534
305;47;99;28.877409896417294;28.877409896417294;24.291839192123888
306;13;99;83.59729765216285;83.59729765216285;71.65467221438506
307;29;99;28.482985934157664;28.482985934157664;25.803506131507266
308;329;93;28.537395896443915;28.537395896443915;24.61953537207219
309;346;84;23.03443591057925;23.03443591057925;20.17618839861504
310;77;79;24.179276720375476;24.179276720375476;20.787001718147952
311;86;85;40.822684535054584;40.822684535054584;33.96274586217453
312;43;81;50.384183671694;50.384183671694;40.012323487441336
313;121;95;22.945144209088927;22.945144209088927;20.20923474406003
314;36;98;57.56946289182157;57.56946289182157;43.99101179424597
315;86;99;25.108785290933408;25.108785290933408;20.69251885865759
316;68;90;17.217667890520694;17.217667890520694;14.532474844617399
317;106;91;31.07025799431128;31.07025799431128;26.51265237953711
318;50;94;21.14251960254176;21.14251960254176;17.590807902206034
319;31;99;46.46030894927918;46.46030894927918;38.55789946667239
320;63;92;14.604270897370082;14.604270897370082;12.957433587055633
321;100;96;35.526846065065406;35.526846065065406;29.914555740998
322;13;99;81.63548457404899;81.63548457404899;70.23732485594054
323;114;77;37.15596980428431;37.15596980428431;30.80456464018021
324;77;99;24.19324475814191;24.19324475814191;20.95915450701777
325;97;89;29.444080211352226;29.444080211352226;25.5284802060116
326;76;97;21.523498288929034;21.523498288929034;18.80970772589655
327;46;98;18.033696157375182;18.033696157375182;13.022245037765833
328;19;99;54.84083848482006;54.84083848482006;48.176439877921005
329;98;97;22.636437443924958;22.636437443924958;19.89370181104286
330;31;99;30.85130450848931;30.85130450848931;26.949860066789764
331;93;97;31.10245714028765;31.10245714028765;26.517452346851098
332;48;99;30.82842189334979;30.82842189334979;25.86281366672433
333;31;96;61.27629277669615;61.27629277669615;48.97496820224509
334;115;82;17.80501263834978;17.80501263834978;16.032054622195584
335;30;95;30.542878063937515;30.542878063937515;26.36058914625633
336;145;81;24.48853752101884;24.48853752101884;20.92648134728279
337;217;99;53.50227359035587;53.50227359035587;46.08319097740049
338;41;99;34.09668840822248;34.09668840822248;28.374670856993976
339;65;98;19.60436030170284;19.60436030170284;17.000172907389093
340;54;97;68.13183234713901;68.13183234713901;55.33988218271818
341;80;99;62.482849752536815;62.482849752536815;50.78313037022318
342;34;96;29.56537699088478;29.56537699088478;25.68129229493167
343;186;88;27.321090373699104;27.321090373699104;24.014501750963163
344;78;95;39.905375097658336;39.905375097658336;32.994431976434306
345;116;78;29.152279978759086;29.152279978759086;24.69364493924254
346;180;92;29.55214500970517;29.55214500970517;25.61460963682718
347;57;99;21.921433292862496;21.921433292862496;18.572559429024768
348;146;93;35.01388674580501;35.01388674580501;30.01614271232991
349;45;98;25.8045181714011;25.8045181714011;22.131478944706974
350;137;79;24.566214224533923;24.566214224533923;21.123996822613268
351;29;99;51.418648020206035;51.418648020206035;42.70196476922146
352;43;99;28.444538036138184;28.444538036138184;24.463662261385192
353;326;87;24.446088343654672;24.446088343654672;22.009798606835073
354;29;99;36.33448655945808;36.33448655945808;30.72684240834298
355;89;92;26.112635486715117;26.112635486715117;22.643348258237946
356;99;97;27.192645313859224;27.192645313859224;23.487515247366275
357;59;99;20.95944258146712;20.95944258146712;18.20147379337784
358;87;85;32.900229638957526;32.900229638957526;27.37378365384389
359;172;93;30.022946915230364;30.022946915230364;26.111989768126264
360;108;83;30.589363846841007;30.589363846841007;25.671847237313322
361;233;93;36.62322562101925;36.62322562101925;30.83781544813413
362;58;99;24.12768680977124;24.12768680977124;20.46091005117746
363;134;92;29.835082434002754;29.835082434002754;25.544647219645423
364;322;91;25.74754134992661;25.74754134992661;21.950991630352192
365;172;94;51.582727127422274;51.582727127422274;42.54854060019203
366;71;74;29.352929160987106;29.352929160987106;24.656325863577486
367;88;97;27.299265532304638;27.299265532304638;23.06044668284464
368;24;99;57.91148449454851;57.91148449454851;48.35092864242946
369;103;95;35.91407798360395;35.91407798360395;30.67429374504094
370;90;97;43.62027095323952;43.62027095323952;36.37675895250648
371;20;99;58.25683141203888;58.25683141203888;49.791942612185466
372;300;96;24.66857007837443;24.66857007837443;21.829440000822935
373;1;99;1927.9909450868777;1927.9909450868777;-847.5001088128616
374;128;78;17.517642422248866;17.517642422248866;15.41851808210559
375;430;71;20.95158263763527;20.95158263763527;17.960246351298714
376;191;72;15.900140687057691;15.900140687057691;14.18726005485575
377;180;82;10.632187098734835;10.632187098734835;10.26985069337294
378;156;75;15.624027382814896;15.624027382814896;14.183200254115764
379;113;78;17.390280358594378;17.390280358594378;15.273986080605221
380;389;71;11.163177654191772;11.163177654191772;10.842305557102838
381;235;73;12.914700298106688;12.914700298106688;11.953846198051362
382;184;80;8.799163960347494;8.799163960347494;8.844553523369328
383;159;76;12.406772812668232;12.406772812668232;11.639196880106878
384;158;78;16.171287253529556;16.171287253529556;14.561916723227863
385;134;77;14.647435940034152;14.647435940034152;13.476125427718856
386;160;80;16.22050651028814;16.22050651028814;14.537255016667793
387;210;71;14.970851680292212;14.970851680292212;13.831380108019925
388;227;77;10.860382596807993;10.860382596807993;10.4795230929052
389;168;70;11.109841341170252;11.109841341170252;10.552570191374173
390;168;79;8.0196402301137;8.0196402301137;8.149884853866675
391;81;82;12.300770115539011;12.300770115539011;10.739483908249204
392;148;74;16.079277821509123;16.079277821509123;14.525746523693812
393;136;75;14.472256132895534;14.472256132895534;13.187134375658454
394;186;77;12.791924819347498;12.791924819347498;12.001505398182719
395;148;74;16.19601782428118;16.19601782428118;14.494176730854013
396;102;80;10.710098076393416;10.710098076393416;9.953173995521114
397;110;77;15.919823604942058;15.919823604942058;14.333362333549914
398;105;78;11.424735835621235;11.424735835621235;10.726409133203548
399;218;73;17.377454864325895;17.377454864325895;15.731347138198075
400;184;74;13.196458202400983;13.196458202400983;12.352481400572463
401;188;76;15.759039322702394;15.759039322702394;14.153550635056831
402;190;80;11.929761973814779;11.929761973814779;11.76927190949815
403;161;79;14.809485131436508;14.809485131436508;13.406538565842968
404;176;78;16.914648318642488;16.914648318642488;15.324151916523604
405;141;78;9.994923168106908;9.994923168106908;9.72427708023896
406;186;73;13.739560208482684;13.739560208482684;12.610236318923597
407;133;80;11.382978754758593;11.382978754758593;10.953068446305446
408;182;70;17.81145231933738;17.81145231933738;15.932574418830882
409;241;77;17.876394607703855;17.876394607703855;15.8858112449193
410;106;75;27.984027720242672;27.984027720242672;24.217692135490235
411;122;88;30.704781790858203;30.704781790858203;25.70528573413444
412;196;80;41.422388575463884;41.422388575463884;33.8793232160716
413;90;80;13.142109685531372;13.142109685531372;12.140238529582204
414;79;78;24.89634643660614;24.89634643660614;21.053501511958686
415;121;74;14.269337477849266;14.269337477849266;13.627195068820097
416;270;80;13.417294086325475;13.417294086325475;11.599649271180072
417;25;98;40.673855815278344;40.673855815278344;34.10695364011789
418;315;80;24.47899825933371;24.47899825933371;20.913662989243694
419;101;80;20.845880864757717;20.845880864757717;18.19601069842416
420;102;78;12.236143752091778;12.236143752091778;11.79660044553677
421;158;75;14.390089394138238;14.390089394138238;13.370081376092449
422;73;87;12.421389793779321;12.421389793779321;11.03365799578357
423;114;79;11.094130211541803;11.094130211541803;10.612294293870578
424;45;82;18.81994550831762;18.81994550831762;16.58855188248015
425;89;90;41.21734947477205;41.21734947477205;35.085704040861316
426;55;98;13.36034460710303;13.36034460710303;12.433939274158051
427;243;77;43.35879440040059;43.35879440040059;35.185658055117145
428;168;78;15.474479370587634;15.474479370587634;14.07877463001215
429;28;99;39.87957120452501;39.87957120452501;33.19893348315992
430;113;77;25.03891916111478;25.03891916111478;21.02925050656949
431;26;99;48.14457941232291;48.14457941232291;41.05223879562412
432;46;99;30.468039452092174;30.468039452092174;29.168762424813778
433;323;97;24.611799264574277;24.611799264574277;21.368732208199958
434;7;99;222.37132095276527;222.37132095276527;184.9658432869647
435;24;99;75.04603748847164;75.04603748847164;60.935077602351235
436;14;99;70.43345584717835;70.43345584717835;61.12812642844581
437;10;99;155.82671812778375;155.82671812778375;128.00504387246147
438;228;99;39.10247563625601;39.10247563625601;32.94915748513902
439;131;93;34.378073692313585;34.378073692313585;28.897039423874517
440;161;97;53.48233078102072;53.48233078102072;42.843635489877755
441;34;86;15.63543790512844;15.63543790512844;15.254625550528939
442;12;96;71.46893284667097;71.46893284667097;61.82753145251023
443;29;96;38.824590412815915;38.824590412815915;33.46655133306152
444;75;76;17.15281242878065;17.15281242878065;15.497428015506747
445;12;99;108.69278549924647;108.69278549924647;91.0992520628286
446;1;99;609.527777668621;609.527777668621;262.6273884408913
447;102;93;33.73284877896726;33.73284877896726;28.37376525346719
448;94;85;12.456129389482467;12.456129389482467;11.556232943651455
449;161;71;10.50211923687138;10.50211923687138;9.958640555961257
450;149;95;25.879519364936353;25.879519364936353;21.914501463434245
451;36;99;31.25558090904987;31.25558090904987;26.28444570740571
452;407;93;32.32196817761425;32.32196817761425;27.935809745667576
453;26;94;41.65074457761778;41.65074457761778;32.944268947736326
454;37;96;25.130513065574497;25.130513065574497;22.534445525547216
455;32;99;35.579375973747766;35.579375973747766;31.244202094420597
456;33;98;33.91974394475479;33.91974394475479;29.4608425102472
457;244;98;25.69320138326235;25.69320138326235;22.010510721881875
458;37;99;21.930550199844934;21.930550199844934;19.967527531931857
459;17;99;58.64052568938913;58.64052568938913;51.53141793223796
460;185;80;27.147742801479886;27.147742801479886;23.94514380435507
461;17;99;61.25754003578229;61.25754003578229;52.99885760035621
462;130;87;27.721525739009046;27.721525739009046;24.262684290551366
463;34;97;38.370696362764896;38.370696362764896;31.126153788836838
464;0;99;17569609.180730797;17569609.180730797;483.02362656937294
465;90;97;23.82240350587955;23.82240350587955;20.620686926960552
466;104;97;32.29176941329537;32.29176941329537;27.735046434643664
467;116;98;21.570878254214605;21.570878254214605;18.660440721473922
468;92;97;33.45192215150857;33.45192215150857;28.31035288609633
469;68;97;15.247093791728608;15.247093791728608;14.031285674156793
470;92;95;50.524210082736495;50.524210082736495;41.528351191853304
471;90;96;31.23466824468901;31.23466824468901;26.431795620118198
472;117;91;25.932025265825892;25.932025265825892;22.69409221020381
473;94;79;36.32152666433723;36.32152666433723;30.03724881767444
474;155;85;35.82354570995339;35.82354570995339;29.45384082424399
475;339;99;29.058234997259174;29.058234997259174;24.092313083288165
476;86;96;41.74033559848013;41.74033559848013;35.19444714035117
477;257;86;28.47143137219152;28.47143137219152;24.391833413618013
478;50;97;45.49847589150849;45.49847589150849;36.58768622283972
479;40;98;26.84088172902636;26.84088172902636;23.80547431503386
480;50;99;24.55625577383133;24.55625577383133;20.407613061721083
481;24;99;55.67128112380149;55.67128112380149;45.94610083511157
482;95;98;30.571675644044653;30.571675644044653;25.3312725289307
483;14;99;48.35578513104383;48.35578513104383;44.83201893359745
484;33;98;23.06789813186856;23.06789813186856;21.28152603909483
485;172;84;22.708798304865;22.708798304865;19.9771249282943
486;29;98;36.270900377278025;36.270900377278025;31.276684200398527
487;20;99;70.65422666443912;70.65422666443912;59.046183538186874
488;80;92;52.83338813965086;52.83338813965086;42.88946744665785
489;227;93;45.93763715194201;45.93763715194201;38.446610698213725
490;112;94;40.54227883303591;40.54227883303591;33.64390198931374
491;29;96;34.30615679011219;34.30615679011219;29.301801510008126
492;102;83;24.582602691913227;24.582602691913227;21.285795238974593
493;31;99;45.23529536765707;45.23529536765707;37.952365081475655
494;90;80;16.18720369664329;16.18720369664329;14.118576533445365
495;137;97;41.099118766936314;41.099118766936314;34.38500065326156
496;96;90;26.394935002593463;26.394935002593463;22.837710553309417
497;105;85;54.70012514616215;54.70012514616215;42.7791252387141
498;65;91;42.79752262167488;42.79752262167488;35.02381161501917
499;324;95;26.376098363267324;26.376098363267324;22.724080182747898
500;25;99;42.08350326349365;42.08350326349365;36.376441204616754
501;119;78;19.591635688849653;19.591635688849653;17.039739491219482
502;98;91;33.510659642824564;33.510659642824564;28.143349806121467
503;99;86;25.7502473594177;25.7502473594177;22.552607620959858
504;48;99;21.46999898887645;21.46999898887645;18.87857003790073
505;62;94;15.305037986620341;15.305037986620341;13.614608470536266
506;99;91;43.367505580281716;43.367505580281716;36.20565228755487
507;87;94;25.019509020180536;25.019509020180536;21.745256914338515
508;156;91;29.07303484085082;29.07303484085082;25.3270402312483
509;75;93;33.14195022917948;33.14195022917948;27.99942648142749
510;27;99;50.53026900087317;50.53026900087317;42.18416301483188
511;18;99;0.0;0.0;23.73497178903914
512;98;88;45.627037075284385;45.627037075284385;38.16839264485901
513;63;98;22.693666956077497;22.693666956077497;19.204249489834254
514;250;97;19.592156233887785;19.592156233887785;16.970687482393178
515;132;75;21.35586678861056;21.35586678861056;18.232530024987778
516;89;97;32.98667376040147;32.98667376040147;28.098337114519936
517;40;99;29.467229532126957;29.467229532126957;25.521286956560854
518;201;78;17.071555244199022;17.071555244199022;15.107095385908218
519;109;99;16.453304266617124;16.453304266617124;15.213826133380616
520;90;98;35.238809828467346;35.238809828467346;29.292048168577672
521;111;92;33.54032498016722;33.54032498016722;28.9499293100681
522;300;99;22.029381677026695;22.029381677026695;20.481669564502152
523;53;95;22.957641260787696;22.957641260787696;19.141427986769838
524;153;82;24.741129313027873;24.741129313027873;21.383530414300854
525;73;99;19.76714128268533;19.76714128268533;16.727814912114628
526;36;99;34.71377595641245;34.71377595641245;31.12832114034864
527;83;78;22.714184713175452;22.714184713175452;19.893291647649086
528;302;73;26.800246885735206;26.800246885735206;22.388155162587744
529;53;98;21.179015089666347;21.179015089666347;18.1029286729367
530;280;99;34.97706352220589;34.97706352220589;29.345273901538825
531;73;96;17.289028716354256;17.289028716354256;14.741032448417775
532;59;89;19.988216436617023;19.988216436617023;16.507938740706535
533;76;84;28.26655105790685;28.26655105790685;23.91208603787234
534;419;87;33.90569510523611;33.90569510523611;29.59495816305221
535;296;96;21.872102283061906;21.872102283061906;20.211355579425557
536;413;96;32.45547690278027;32.45547690278027;27.664030563579402
537;156;97;35.901370945799414;35.901370945799414;30.171269069019015
538;57;97;19.5535851611446;19.5535851611446;16.9514545513049
539;134;91;25.13067036663764;25.13067036663764;23.0349620021147
540;375;92;18.64383003666934;18.64383003666934;17.621049834647135
541;126;92;28.468647492612153;28.468647492612153;24.519069175366354
542;195;82;28.690539762959812;28.690539762959812;25.87515877764041
543;69;96;16.805763643420686;16.805763643420686;14.504041134865911
544;401;89;37.136301140945044;37.136301140945044;30.63129784988625
545;67;97;16.79202821537408;16.79202821537408;14.584887428086382
546;11;99;110.18170587313018;110.18170587313018;88.80823161534688
547;464;94;33.258385038621874;33.258385038621874;28.554545118343118
548;180;96;19.640815973110904;19.640815973110904;17.259167401192762
549;31;98;39.882321125324474;39.882321125324474;32.91172955527866
550;19;99;70.83601861846255;70.83601861846255;58.75615428205389
551;41;86;45.41037342793602;45.41037342793602;36.166717215640304
552;111;99;15.879674206995851;15.879674206995851;14.150781802375336
553;50;96;21.483227109705417;21.483227109705417;18.809912790997895
554;366;86;32.64796139608381;32.64796139608381;26.502265315508794
555;49;98;27.65718959763175;27.65718959763175;25.759558250408745
556;97;99;7.648106589421906;7.648106589421906;7.215469559735282
557;79;90;24.867856864608633;24.867856864608633;21.035849865823334
558;29;88;66.79419355445427;66.79419355445427;52.33790510192142
559;34;99;39.161441743870824;39.161441743870824;32.53984284330587
560;43;98;28.998635737181502;28.998635737181502;24.149004272442667
561;15;99;50.904119978114636;50.904119978114636;49.87205239947111
562;86;99;30.11156996150801;30.11156996150801;26.33056201485372
563;126;89;27.192423592236082;27.192423592236082;24.1761814467406
564;54;87;55.145219444729406;55.145219444729406;43.42290849635205
565;36;86;54.14105966428645;54.14105966428645;43.15003879428998
566;71;96;18.12803036372282;18.12803036372282;15.388682326011883
567;71;92;43.16247730011852;43.16247730011852;35.525539677362914
568;35;99;28.06555946637544;28.06555946637544;24.35437861677127
569;20;99;87.91611009740303;87.91611009740303;69.43517954354434
570;86;95;47.16926006257648;47.16926006257648;38.976074658857996
571;103;99;12.985678569283886;12.985678569283886;12.002827352354368
572;96;96;36.25504264588768;36.25504264588768;30.295447364397802
573;9;99;92.34436070244959;92.34436070244959;96.71460963738639
574;94;78;29.60642249594523;29.60642249594523;25.74581920943449
575;85;97;30.95302453580706;30.95302453580706;25.741400132830968
576;119;77;19.440040092473314;19.440040092473314;17.575125565015806
577;94;98;34.760219116550196;34.760219116550196;28.430452948010707
578;113;95;22.255495990081542;22.255495990081542;19.57504461897087
579;23;99;60.10711153933324;60.10711153933324;49.678355846351494
580;102;87;40.666096905507445;40.666096905507445;33.25493247063442
581;103;93;36.129035738270865;36.129035738270865;30.41207385969654
582;61;81;16.84282994747301;16.84282994747301;14.129366273964491
583;62;99;18.178714095172865;18.178714095172865;16.038108057528
584;246;88;40.78673550034866;40.78673550034866;32.96961593466918
585;130;94;31.807912362177213;31.807912362177213;27.032928335302966
586;162;92;21.372737109260108;21.372737109260108;19.282816843750375
587;361;99;26.286485461385436;26.286485461385436;21.732843515080692
588;93;70;43.893070564362404;43.893070564362404;35.70301899535265
589;10;99;126.8845137735946;126.8845137735946;107.54921311826068
590;29;99;43.21420327150596;43.21420327150596;35.256371489752404
591;65;98;19.652683352498443;19.652683352498443;16.729884282915954
592;70;99;38.5896682956632;38.5896682956632;30.882030096362254
593;116;94;45.469759509067345;45.469759509067345;37.82863990151714
594;120;91;37.382540680089754;37.382540680089754;31.022873807630678
595;119;82;29.147599773791526;29.147599773791526;24.6297716816188
596;170;90;49.13126905149566;49.13126905149566;42.157816810828564
597;9;99;74.67487606968194;74.67487606968194;82.59016187243466
598;238;83;30.79750421311686;30.79750421311686;26.09349891076463
599;5;99;328.3255914052209;328.3255914052209;273.479856981266
600;1;99;377.37335075985715;377.37335075985715;217.22941949699657
601;9;99;79.863763837903;79.863763837903;73.9234015216295
602;20;99;48.382867548121325;48.382867548121325;43.31795560390033
603;38;99;34.623346606838716;34.623346606838716;29.777638443675798
604;116;95;44.23925203768226;44.23925203768226;36.13617042404505
605;62;97;14.880275505602203;14.880275505602203;13.395710880472848
606;130;86;28.671011041800902;28.671011041800902;24.34671706325466
607;78;99;14.52409896296605;14.52409896296605;12.418981029072379
608;75;86;40.24179950834359;40.24179950834359;32.8466703759714
609;62;97;21.147808885510322;21.147808885510322;17.76056743282784
610;58;97;49.98246055209787;49.98246055209787;40.46628252751994
611;412;95;41.736771208159475;41.736771208159475;34.52476105216687
612;124;98;23.98812964618969;23.98812964618969;21.070928309004483
613;167;83;28.67503319689074;28.67503319689074;25.238994055496224
614;2;99;118.9745210175946;118.9745210175946;114.38879445510513
615;80;95;38.67875571432281;38.67875571432281;31.56916361984642
616;49;89;48.49024458343371;48.49024458343371;39.01694074287607
617;17;99;58.45013490202513;58.45013490202513;54.132221543611045
618;163;84;35.87024386999341;35.87024386999341;30.373545604688285
619;27;99;47.207388516798524;47.207388516798524;40.94346731545575
620;56;96;20.190285385211528;20.190285385211528;17.287673370103526
621;12;99;96.13827778402623;96.13827778402623;82.05638811200977
622;37;94;25.9709327637987;25.9709327637987;21.53151388914217
623;149;87;27.41059288165428;27.41059288165428;23.49834769228094
624;156;84;24.658914012133852;24.658914012133852;21.813880906096497
625;3;99;184.5927444789427;184.5927444789427;174.69725951903834
626;41;99;33.961590406128906;33.961590406128906;28.74930401124615
627;119;85;27.9943628237251;27.9943628237251;23.348399400818376
628;131;91;41.308084281025685;41.308084281025685;34.53867860821903
629;15;99;73.40750291882678;73.40750291882678;65.30212613081001
630;13;99;69.28576958665299;69.28576958665299;60.86940279363792
631;50;99;25.06834537528555;25.06834537528555;21.547474279292437
632;33;99;36.67780949173508;36.67780949173508;30.19957145235818
633;123;80;52.837775263463264;52.837775263463264;42.50986078931892
634;35;99;36.1057244591028;36.1057244591028;30.761083764420718
635;12;99;78.84136962105768;78.84136962105768;68.79868520883477
636;118;93;30.12774154210692;30.12774154210692;25.14165353537543
637;29;99;46.667406590017464;46.667406590017464;38.07506976465761
638;18;99;62.93794492879855;62.93794492879855;54.17275270852308
639;5;99;193.1271443353694;193.1271443353694;171.82816028820238
640;127;93;18.090372502822266;18.090372502822266;16.62790783040869
641;162;93;24.71832565961603;24.71832565961603;21.739308692839625
642;117;94;28.758230626153132;28.758230626153132;24.93762200407217
643;28;99;45.6571201920027;45.6571201920027;38.389563672234885
644;47;99;32.10871143736847;32.10871143736847;29.637814612310972
645;4;99;262.4301373078442;262.4301373078442;225.58703914764686
646;16;98;73.51588611973446;73.51588611973446;62.03212386056686
647;61;98;22.212080009146494;22.212080009146494;18.554935922868395
648;11;99;101.39689037909625;101.39689037909625;89.04451940604254
649;16;99;64.00815126275883;64.00815126275883;56.067229470037724
650;39;91;27.953912744599403;27.953912744599403;24.35104172474055
651;8;99;134.62325097166533;134.62325097166533;116.21739421922356
652;48;99;27.68186073131707;27.68186073131707;23.252743282699825
653;89;98;14.566580211624;14.566580211624;12.362015159863443
654;45;98;18.925307855562203;18.925307855562203;17.693659092140297
655;63;98;19.08532454807585;19.08532454807585;15.564706914664631
656;15;94;60.074137976110165;60.074137976110165;47.996612915189274
657;75;91;45.45613117348837;45.45613117348837;37.474868389541946
658;104;91;30.180483517762646;30.180483517762646;25.026131485319944
659;293;96;30.960009969066846;30.960009969066846;26.30075990348312
660;80;99;15.777935682091453;15.777935682091453;13.149336556526917
661;93;99;12.497574626315348;12.497574626315348;10.800141254212782
662;112;83;25.970879511649677;25.970879511649677;23.041078790765827
663;25;99;43.34775212250553;43.34775212250553;37.99914999828838
664;17;99;82.97184851445805;82.97184851445805;69.58266630929607
665;6;99;81.83701317976306;81.83701317976306;80.51557447027116
666;172;98;40.399860731516846;40.399860731516846;32.73993037709709
667;33;99;34.386267562017004;34.386267562017004;29.88772557658382
668;67;95;48.40899705175526;48.40899705175526;38.63385435883256
669;67;95;12.422489032256037;12.422489032256037;11.391309390525416
670;110;90;37.51155048072968;37.51155048072968;31.311939572550976
671;49;98;48.65856917428884;48.65856917428884;38.26876528706933
672;34;99;30.64894993756988;30.64894993756988;26.61859493200335
673;59;98;18.94744999074543;18.94744999074543;16.953755351124023
674;34;99;27.808297933185784;27.808297933185784;24.4832636453658
675;197;89;23.42136352732988;23.42136352732988;20.361080943503787
676;46;99;30.793420774388128;30.793420774388128;25.713431805663365
677;72;94;51.55765719627539;51.55765719627539;42.07457824414775
678;70;92;13.724898928950036;13.724898928950036;12.225464921730284
679;122;99;42.66274912440417;42.66274912440417;36.384903670770846
680;175;82;17.289157872229943;17.289157872229943;15.604908963184466
681;44;98;51.81787284154795;51.81787284154795;40.77911170896683
682;190;88;24.664928123059106;24.664928123059106;21.568152532971208
683;39;97;32.47039800087241;32.47039800087241;26.773141675005686
684;89;85;44.44043726428775;44.44043726428775;35.87045546608295
685;85;90;41.67559937343972;41.67559937343972;34.6377593714722
686;459;90;37.406278992062504;37.406278992062504;31.73059732377878
687;79;93;31.836409028306544;31.836409028306544;27.395496901748587
688;95;90;18.667805239422254;18.667805239422254;16.36017793428051
689;87;98;11.626426197472819;11.626426197472819;10.259147986249523
690;60;99;18.149665743516447;18.149665743516447;14.786870940952612
691;1;99;581.2642249416147;581.2642249416147;257.0201804247156
692;54;97;16.87233740101428;16.87233740101428;15.086735155631931
693;45;89;24.33910889767682;24.33910889767682;19.582402461683234
694;131;98;22.355500954650168;22.355500954650168;19.35909032574081
695;254;81;21.66366485325573;21.66366485325573;18.26292178196312
696;112;97;32.313339665629826;32.313339665629826;26.871930586233187
