Skewness: 1.5537109771322566, Average LID: LPCA: 18.96126255380201  |||  MLE: 57078.365787437884  |||  MLENB: 57078.365787437884  |||  TLE: 45619.87394785743
LPCA: -0.06222322045884878  |||  MLE: -0.049960608938730666  |||  MLENB: -0.049960608938730666  |||  TLE: -0.04996070912362595
node;in_degree;local_intrinsic_dimensionality_LPCA;local_intrinsic_dimensionality_MLE;local_intrinsic_dimensionality_MLENB;local_intrinsic_dimensionality_TLE
0;16;19;25.70423195016421;25.70423195016421;23.740025239047984
1;12;19;44.46710574048855;44.46710574048855;40.23468990224673
2;13;19;31.06938850105487;31.06938850105487;28.162907974968615
3;26;19;21.085579920420916;21.085579920420916;20.070842082965186
4;14;19;25.498294234277328;25.498294234277328;20.97776571993143
5;48;19;13.00634587020183;13.00634587020183;13.443317394023165
6;42;19;15.808065563883448;15.808065563883448;16.06569059646322
7;6;19;33.29514492350299;33.29514492350299;30.317516143262058
8;11;19;24.40835733677532;24.40835733677532;22.85834226120308
9;10;19;49.62791137017309;49.62791137017309;43.96966007688543
10;18;19;22.897928694025737;22.897928694025737;19.806911981308904
11;17;19;22.370612236070347;22.370612236070347;20.606595944993515
12;16;19;29.256187611594623;29.256187611594623;26.817425091160136
13;3;19;30.51627327527;30.51627327527;27.551812671649127
14;13;19;14.029148438980574;14.029148438980574;13.885242625910571
15;3;19;48.322911908346406;48.322911908346406;38.08518136233179
16;7;19;14.660586831524526;14.660586831524526;13.254739013207452
17;11;19;28.7441461633597;28.7441461633597;25.648678587838805
18;2;19;49.20683778366886;49.20683778366886;39.79455424011437
19;20;19;27.04977159873712;27.04977159873712;24.394247805188186
20;14;19;20.76187090648355;20.76187090648355;19.071150811685925
21;32;19;20.152512981699157;20.152512981699157;18.784404148834344
22;41;19;22.222296161432386;22.222296161432386;21.49575260946569
23;33;19;9.992051630192943;9.992051630192943;10.81134726079776
24;13;19;29.085439162250715;29.085439162250715;26.711957005080492
25;15;19;19.366028281101464;19.366028281101464;16.925994977420565
26;23;19;36.55808904902888;36.55808904902888;33.59461064869016
27;5;19;27.89711842057756;27.89711842057756;24.837941297737416
28;16;19;7.022256666197508;7.022256666197508;6.792475003141447
29;24;19;11.431266925781742;11.431266925781742;12.356913780757376
30;59;19;17.991008694739534;17.991008694739534;16.176901325348425
31;23;19;16.265677996396338;16.265677996396338;15.932945561513998
32;77;19;15.884113850613643;15.884113850613643;16.320646589421653
33;25;19;35.99720097058971;35.99720097058971;32.604724138595394
34;9;19;35.99963120677012;35.99963120677012;30.03670011138742
35;17;19;18.42526639290851;18.42526639290851;17.172327532394718
36;26;19;25.501836268001416;25.501836268001416;24.224300984322664
37;27;19;31.27585942704142;31.27585942704142;27.96345452761435
38;3;19;75.12957707969035;75.12957707969035;64.5241838965434
39;22;19;28.954972444647066;28.954972444647066;27.851294268839922
40;13;19;20.93846424048744;20.93846424048744;19.406287093936733
41;14;19;18.638994705439625;18.638994705439625;17.844805318533513
42;13;19;35.558177132831965;35.558177132831965;31.773219960240635
43;16;19;39.12725232400286;39.12725232400286;34.17841963202886
44;38;19;15.809627535127335;15.809627535127335;15.643753949179528
45;41;18;17.986034842497137;17.986034842497137;16.99450038386439
46;12;19;38.06454742427706;38.06454742427706;34.44079023682968
47;18;19;23.088596397796426;23.088596397796426;21.322922998241133
48;12;19;26.483661943454692;26.483661943454692;22.91893246156962
49;55;19;58.34545513522748;58.34545513522748;51.07855270506208
50;12;19;7.6477473356337065;7.6477473356337065;7.7973373831996176
51;16;19;22.53104445803153;22.53104445803153;19.58120991681787
52;36;19;23.82255101536777;23.82255101536777;22.916249423668052
53;30;19;24.22677923999118;24.22677923999118;22.510442256114356
54;13;18;32.98172493699012;32.98172493699012;30.20147339162641
55;17;19;29.686189657313157;29.686189657313157;29.494856221920003
56;22;19;25.37550274565757;25.37550274565757;23.447402555823057
57;14;19;23.115828093768897;23.115828093768897;21.498489120697307
58;19;19;37.67558569295872;37.67558569295872;34.0544619907358
59;7;19;36.359121798101654;36.359121798101654;30.396236426957465
60;18;19;32.49021245798457;32.49021245798457;29.433644712234393
61;10;19;22.14134603173413;22.14134603173413;21.105673640809098
62;8;19;34.012236625268294;34.012236625268294;30.685913311300496
63;19;19;36.98545627794632;36.98545627794632;33.23485767405579
64;37;19;20.494420616111878;20.494420616111878;19.91177351630717
65;5;19;16.064937160522092;16.064937160522092;17.739106837272505
66;10;18;36.81572467818959;36.81572467818959;32.65792986233361
67;7;19;47.08609263396868;47.08609263396868;40.662667133195725
68;12;19;25.360974236761784;25.360974236761784;23.433041313274902
69;15;19;9.701195801049932;9.701195801049932;9.298203956053412
70;16;19;23.87726780010825;23.87726780010825;22.304009756304215
71;13;19;75.4474551398758;75.4474551398758;62.96521935574191
72;28;19;16.8464566348016;16.8464566348016;15.754970350124973
73;18;19;16.817275517947888;16.817275517947888;14.930804212803396
74;40;19;16.894165801091862;16.894165801091862;16.246596075325268
75;8;19;14.219954212002081;14.219954212002081;13.476853253111537
76;12;19;21.875109471833312;21.875109471833312;17.351557318249583
77;16;19;5.421905007257391;5.421905007257391;5.8561308042665114
78;17;19;30.42288745101244;30.42288745101244;25.54688049475108
79;7;19;32.08185426595867;32.08185426595867;29.008136526486968
80;4;19;23.067871285548986;23.067871285548986;23.030348581134973
81;12;19;28.172275154912903;28.172275154912903;26.500339314676406
82;5;19;14.048589280883503;14.048589280883503;12.845255909574547
83;8;19;38.53698312033248;38.53698312033248;33.73461859225179
84;8;19;34.76284303610557;34.76284303610557;28.106910669283984
85;23;19;25.004234506624304;25.004234506624304;23.64698063987192
86;10;19;24.851774464194836;24.851774464194836;22.7411229025202
87;14;19;61.29668172937912;61.29668172937912;54.56263302175718
88;19;19;20.94731444806007;20.94731444806007;18.71038280897502
89;25;19;29.53569303415178;29.53569303415178;26.85428647059673
90;7;19;28.470185933107203;28.470185933107203;23.89698125101425
91;9;19;28.151372630454407;28.151372630454407;21.960711946180584
92;19;19;22.46629151287039;22.46629151287039;20.439811341300096
93;8;19;47.01785881282382;47.01785881282382;40.31598570289518
94;22;19;22.60662359955285;22.60662359955285;21.02148139755451
95;2;19;51.675024420809606;51.675024420809606;44.51909370966759
96;22;19;20.814334580873368;20.814334580873368;19.038026523202554
97;9;19;37.56808197017688;37.56808197017688;33.241709912056315
98;5;19;112.4488178925505;112.4488178925505;107.23456831958535
99;15;19;27.636013862028218;27.636013862028218;23.217219286071067
100;9;19;36.78482538198514;36.78482538198514;32.307869182233546
101;9;19;44.03615103733668;44.03615103733668;37.71138772400188
102;24;19;22.14741804800386;22.14741804800386;21.442121216620645
103;13;19;29.014701546171967;29.014701546171967;26.980884486629996
104;35;19;26.287275405325886;26.287275405325886;25.131194090821705
105;4;19;58.25612877440368;58.25612877440368;49.21781833491284
106;6;19;47.71528314910625;47.71528314910625;41.772814076430826
107;28;19;19.502048354987565;19.502048354987565;18.032975627173883
108;22;19;22.68983328303506;22.68983328303506;21.353849261865573
109;15;19;27.327565717198127;27.327565717198127;24.43255438717799
110;6;19;18.06450164608827;18.06450164608827;17.081271595674156
111;18;19;0.0;0.0;4.9400481697870005
112;71;18;15.417108170265593;15.417108170265593;14.763415465046853
113;6;19;40.286841442048974;40.286841442048974;35.95980897590287
114;11;19;25.21072471747501;25.21072471747501;23.037269159714178
115;19;19;45.3878370295569;45.3878370295569;42.974616163881024
116;13;19;36.179360094661085;36.179360094661085;32.21410949656226
117;2;19;74.80422863892484;74.80422863892484;63.67909978813618
118;61;19;35.56098229147627;35.56098229147627;31.196750132698234
119;24;19;52.08077703247058;52.08077703247058;45.66275971441039
120;6;19;49.322157362066775;49.322157362066775;43.15374251593037
121;15;19;13.26231893238887;13.26231893238887;11.5854898852838
122;16;18;13.818381296498687;13.818381296498687;14.14393762702269
123;19;19;35.78992683457792;35.78992683457792;32.31709529196295
124;16;19;21.57129740926081;21.57129740926081;19.85455173405146
125;8;19;44.67989802087092;44.67989802087092;38.369577575452695
126;13;19;37.976962567267556;37.976962567267556;33.34596076612667
127;4;19;54.06615203630887;54.06615203630887;47.304569039375295
128;4;19;37.80108168654743;37.80108168654743;32.466188393981994
129;63;19;33.36079189689714;33.36079189689714;29.855348586135417
130;21;19;13.258980704506175;13.258980704506175;13.553506086257746
131;24;19;12.359918587131066;12.359918587131066;11.795203142221622
132;5;19;44.69594640172088;44.69594640172088;38.72705308566942
133;80;19;13.780263204659358;13.780263204659358;13.946988720624288
134;22;19;6.88648640353063;6.88648640353063;7.235784508941499
135;26;19;30.445669314517644;30.445669314517644;27.497666024576077
136;23;19;9.656829149801856;9.656829149801856;9.646260453508656
137;19;19;26.380931635615813;26.380931635615813;24.15517758313682
138;13;19;38.48038876690016;38.48038876690016;33.890431785560054
139;32;19;29.398862883813717;29.398862883813717;27.012439795493908
140;27;19;11.822653387628888;11.822653387628888;11.462059207180275
141;17;19;33.75468407952495;33.75468407952495;30.298984538259976
142;7;19;30.81089365878669;30.81089365878669;27.34802381877942
143;8;19;13.122746613059116;13.122746613059116;12.36867946063156
144;23;19;28.160010531340575;28.160010531340575;26.122981386064577
145;11;19;36.13033669589747;36.13033669589747;32.60722180733017
146;16;19;21.91846622166367;21.91846622166367;17.312118377268362
147;36;19;9.890601444463487;9.890601444463487;10.914572898288982
148;9;19;24.777429392478524;24.777429392478524;22.63909584730278
149;31;19;20.0946786907597;20.0946786907597;18.635155799911317
150;14;19;28.003768407269988;28.003768407269988;25.74151356406549
151;14;19;47.64282108954865;47.64282108954865;40.38124017749445
152;17;19;24.652973459955547;24.652973459955547;20.880111038370707
153;28;19;23.84820050719435;23.84820050719435;22.284940336460835
154;14;19;9.295915803714559;9.295915803714559;8.89230779347064
155;2;19;82.9793853053041;82.9793853053041;67.36854026927686
156;1;19;38.85362584621536;38.85362584621536;27.338691847184442
157;4;19;11.90974035751406;11.90974035751406;11.567687388800524
158;12;19;41.53268727725844;41.53268727725844;36.831351644617605
159;41;19;17.714355888039773;17.714355888039773;17.027696954071505
160;22;19;28.32909023137241;28.32909023137241;25.690754089756894
161;44;19;16.154781099164428;16.154781099164428;16.00372887072731
162;19;19;26.963911594129947;26.963911594129947;25.298389489909813
163;9;19;25.755692929895794;25.755692929895794;24.307258323725215
164;13;19;21.01009841862865;21.01009841862865;19.323153887281528
165;15;19;31.847431884547554;31.847431884547554;28.99762913504813
166;14;19;29.47740640702081;29.47740640702081;26.533718543904428
167;17;19;24.143743307088712;24.143743307088712;22.209646461944235
168;11;19;24.377187059510586;24.377187059510586;21.899578961846778
169;30;19;29.604393510903634;29.604393510903634;25.845126210994458
170;18;19;39.15833925276928;39.15833925276928;35.86461777862233
171;7;19;32.28139956550835;32.28139956550835;27.19620075918674
172;73;19;15.736219177470646;15.736219177470646;14.814591626153547
173;17;19;33.16589450094479;33.16589450094479;29.12920748988936
174;19;19;6.614948030511829;6.614948030511829;7.006432061528379
175;13;19;37.725445832570884;37.725445832570884;32.7771490643065
176;32;19;19.142207555264715;19.142207555264715;17.449355276513344
177;39;19;12.948080142510792;12.948080142510792;13.353915065020688
178;8;19;47.67766247720198;47.67766247720198;42.45349971296427
179;30;19;31.918150438707837;31.918150438707837;29.270268338264312
180;15;19;19.88967731487797;19.88967731487797;17.34134461146289
181;3;19;42.34482198985304;42.34482198985304;34.645340633153616
182;8;19;36.56595763346836;36.56595763346836;31.893575310439665
183;10;19;30.07869451098556;30.07869451098556;25.960241678536203
184;21;19;34.17757879174966;34.17757879174966;29.14926106283116
185;19;19;20.312562181380617;20.312562181380617;18.99449628462063
186;57;19;16.520787024709165;16.520787024709165;16.129242323201392
187;15;19;25.939943034008863;25.939943034008863;24.02079305929252
188;27;19;29.095951279033454;29.095951279033454;25.51925086542519
189;12;19;64.56426635821565;64.56426635821565;52.57067789237631
190;29;19;23.41498167493777;23.41498167493777;21.732978251779834
191;4;19;49.41161734038038;49.41161734038038;44.278119204640255
192;8;19;33.46164515111489;33.46164515111489;29.075908150833484
193;13;19;41.42683543391264;41.42683543391264;36.79397404872724
194;15;19;14.812390613354395;14.812390613354395;14.099886776388814
195;14;19;34.58699437102654;34.58699437102654;31.04747978370278
196;13;18;42.04656978315585;42.04656978315585;33.84111657034023
197;13;19;41.23138546340996;41.23138546340996;45.58138171674433
198;8;19;49.550963949220666;49.550963949220666;41.67982092980488
199;30;19;17.7417703720172;17.7417703720172;17.176135988927946
200;12;19;33.56803332782282;33.56803332782282;30.579461489837513
201;18;19;20.139834248553832;20.139834248553832;18.670552655975634
202;6;19;20.942559930458707;20.942559930458707;18.67802296784529
203;24;19;34.89690723874418;34.89690723874418;31.304163017849024
204;16;19;23.72508525463466;23.72508525463466;22.00193687623671
205;34;19;19.877419031539812;19.877419031539812;17.66061656994776
206;21;19;24.746149995548485;24.746149995548485;23.141976764491734
207;16;18;25.81780275088444;25.81780275088444;22.016305219473306
208;13;19;33.13405065133675;33.13405065133675;28.25090292549154
209;8;19;18.256656698569454;18.256656698569454;16.736704844492007
210;17;18;21.64848761652019;21.64848761652019;19.788191119794824
211;35;18;38.68478034461468;38.68478034461468;35.84921459979292
212;11;19;25.81794933236667;25.81794933236667;23.213554512164052
213;25;19;45.96771875896081;45.96771875896081;39.78410096553937
214;14;18;21.087190772073274;21.087190772073274;19.56813927182383
215;30;19;30.695569682099674;30.695569682099674;28.52353142236678
216;44;19;26.876827463584842;26.876827463584842;25.452494483502093
217;8;19;35.803849529460436;35.803849529460436;30.71609313677641
218;59;19;26.84702344915446;26.84702344915446;25.476754265678686
219;36;19;29.227001570585998;29.227001570585998;28.59649621679223
220;6;19;48.199964932791964;48.199964932791964;41.43237121351742
221;4;19;32.64874888335381;32.64874888335381;28.591056037408087
222;23;19;38.39266902976089;38.39266902976089;34.78378199103449
223;30;19;17.393623900912186;17.393623900912186;16.827904298394202
224;17;19;25.58742215025926;25.58742215025926;24.218324228502365
225;12;19;31.48147793131272;31.48147793131272;28.427978985679033
226;32;19;22.25054298069366;22.25054298069366;20.531696221600193
227;6;19;59.56556366055535;59.56556366055535;51.624550504182125
228;3;19;36.20356691190927;36.20356691190927;31.121022043007592
229;17;19;28.190596247376043;28.190596247376043;26.39232933330805
230;11;19;50.45148967386155;50.45148967386155;43.577232663233154
231;10;19;24.287222073102033;24.287222073102033;22.07238922505753
232;6;19;16.313311950174487;16.313311950174487;15.304263874132532
233;23;19;30.422364820842738;30.422364820842738;27.919837609463737
234;4;19;68.57662043516346;68.57662043516346;59.080918489732895
235;28;19;33.36553229113704;33.36553229113704;30.012513531578904
236;11;19;44.11496368507058;44.11496368507058;39.86436745106144
237;6;19;24.117344541032793;24.117344541032793;22.71011180364921
238;6;19;46.28581951892145;46.28581951892145;41.13037883997706
239;3;19;56.96778034823528;56.96778034823528;49.79987594294071
240;7;19;35.43579861297902;35.43579861297902;31.851267851028286
241;23;18;19.90650206020963;19.90650206020963;18.987726925147268
242;6;19;60.48445122082388;60.48445122082388;52.406961188826
243;16;19;23.79164691006058;23.79164691006058;22.405909308311468
244;7;19;36.405878927938495;36.405878927938495;33.154125885407296
245;16;19;33.172334115959984;33.172334115959984;30.468802818452296
246;12;19;19.01912490261656;19.01912490261656;18.179966378322725
247;25;19;40.66155476897986;40.66155476897986;36.467105302553854
248;11;19;20.710169925704328;20.710169925704328;19.221579469581734
249;22;19;18.926241574299166;18.926241574299166;18.206851411132348
250;20;19;36.6789666359436;36.6789666359436;32.579380545917736
251;22;19;34.71187933683795;34.71187933683795;31.484379337578886
252;23;19;36.663042982272664;36.663042982272664;33.08783666727917
253;21;19;32.5910462612668;32.5910462612668;29.592656719922058
254;12;19;21.3693547837581;21.3693547837581;19.91421812757261
255;8;19;36.09184243018093;36.09184243018093;31.81024149978869
256;34;19;18.57580828500972;18.57580828500972;18.0082198256724
257;13;19;31.22724587810279;31.22724587810279;27.43702198737495
258;37;19;19.64940661302215;19.64940661302215;19.626504132397425
259;26;19;20.525100359959865;20.525100359959865;18.83838657464841
260;9;19;23.43489439333539;23.43489439333539;17.678626862968663
261;39;19;17.967910947111925;17.967910947111925;16.66327664872677
262;19;19;28.224858541137255;28.224858541137255;24.916255007858165
263;9;19;35.699579224484246;35.699579224484246;33.326748629559425
264;25;19;20.06038781603991;20.06038781603991;19.28765868647594
265;31;19;26.431653276849595;26.431653276849595;22.958041528501393
266;12;19;39.53153452667916;39.53153452667916;35.99507288040273
267;12;19;32.74473374072466;32.74473374072466;29.2136046064411
268;9;19;24.933053834170824;24.933053834170824;22.59663202543423
269;15;19;27.074855284392502;27.074855284392502;24.406296701691513
270;9;19;44.18046639754257;44.18046639754257;39.35456669601656
271;9;19;22.984921833335772;22.984921833335772;20.609511439658636
272;18;19;33.29055695936104;33.29055695936104;30.88901817825399
273;8;19;30.644639080864803;30.644639080864803;27.8727690164816
274;19;19;33.65510482339167;33.65510482339167;30.026893664344087
275;11;19;35.543042281753046;35.543042281753046;31.536820396939103
276;12;19;18.706652509882296;18.706652509882296;18.302018034434614
277;11;19;30.831155930540902;30.831155930540902;27.78664179602932
278;24;19;25.42157148079072;25.42157148079072;20.434699813113543
279;65;19;46.091128929959545;46.091128929959545;35.66794441415667
280;8;19;30.730033165708896;30.730033165708896;25.855801487607238
281;4;19;44.30556615397143;44.30556615397143;38.881087708939
282;15;19;52.356599349829395;52.356599349829395;47.22119474509439
283;17;19;38.99477996772426;38.99477996772426;34.72932882272953
284;5;19;69.0040501989591;69.0040501989591;58.725670731646744
285;11;19;23.325396653068623;23.325396653068623;22.309183478310768
286;18;19;49.671592826259044;49.671592826259044;44.06666342989912
287;22;19;13.224299846480646;13.224299846480646;13.29157476765083
288;14;19;26.629571860354787;26.629571860354787;23.982972524618223
289;15;19;31.293649605655215;31.293649605655215;28.623958802220972
290;67;19;32.17409627721887;32.17409627721887;29.45726580627839
291;32;19;24.84380847503895;24.84380847503895;23.09249791444367
292;16;19;56.66418489072172;56.66418489072172;48.900549806297455
293;8;19;31.891164088488214;31.891164088488214;28.27301053942307
294;16;19;22.108058115377744;22.108058115377744;19.97810999033724
295;14;19;30.115435752755882;30.115435752755882;27.6088861234135
296;25;19;16.088816670840888;16.088816670840888;15.970871988755917
297;20;18;38.38223648469263;38.38223648469263;32.28759133122242
298;85;19;43.14964332184016;43.14964332184016;39.24735554719221
299;9;19;45.693574893444286;45.693574893444286;38.841526914141035
300;9;19;37.80139494878487;37.80139494878487;30.746903650155605
301;4;19;27.54666659610079;27.54666659610079;23.591737894014855
302;18;19;24.012536299658517;24.012536299658517;21.830192174593417
303;13;19;20.409095540157445;20.409095540157445;19.194254879384054
304;6;19;25.595615702536172;25.595615702536172;23.913624569508396
305;14;19;45.069921807452566;45.069921807452566;39.65151718839784
306;6;19;16.044022177816363;16.044022177816363;14.798100710194433
307;19;19;19.282667127012225;19.282667127012225;19.660115193317562
308;24;19;23.555065410802978;23.555065410802978;21.56805771842247
309;31;19;23.122853950261867;23.122853950261867;21.788370028614466
310;22;19;21.244783889919876;21.244783889919876;19.87048946385214
311;14;19;32.977001628511445;32.977001628511445;29.585633601760048
312;7;19;33.82411811464479;33.82411811464479;30.08055102226842
313;42;19;27.827553095314244;27.827553095314244;26.409743472205847
314;1;19;55.65905894909621;55.65905894909621;41.454266698197976
315;10;19;28.48822366660897;28.48822366660897;24.454760757178793
316;8;19;28.88938944927896;28.88938944927896;24.91414601743021
317;30;19;24.17015501133315;24.17015501133315;22.09247709460095
318;10;19;39.24922383685857;39.24922383685857;34.622341551811424
319;5;19;40.21746518794923;40.21746518794923;34.764386054740974
320;20;19;12.37920425238732;12.37920425238732;11.558617029995846
321;13;19;26.414064733870582;26.414064733870582;23.46034892162643
322;5;19;15.667498436312309;15.667498436312309;14.541327010812386
323;18;19;31.99602715957103;31.99602715957103;28.003877170425127
324;18;19;22.30812347180166;22.30812347180166;20.715600857781276
325;21;19;18.832195995107373;18.832195995107373;18.01962338607103
326;29;19;23.0789105030161;23.0789105030161;21.362223369011502
327;32;19;21.816824304781722;21.816824304781722;21.641058089778237
328;10;19;10.525046805535197;10.525046805535197;10.082023982890355
329;33;19;20.893118766398345;20.893118766398345;20.148445458706778
330;15;19;18.40500939712461;18.40500939712461;16.70282664862894
331;17;19;27.339340242816174;27.339340242816174;24.916099802086116
332;11;19;37.68090374123714;37.68090374123714;33.80226549573371
333;5;19;41.09958390932842;41.09958390932842;35.39617870097579
334;51;19;17.133247413331045;17.133247413331045;16.154817928320984
335;13;19;24.42635618081781;24.42635618081781;22.681161162104846
336;26;19;32.623821811170735;32.623821811170735;29.37210726920755
337;7;19;26.091411077866038;26.091411077866038;23.60342422954898
338;8;19;40.46975989041001;40.46975989041001;35.60383726764259
339;23;19;26.52107157700547;26.52107157700547;24.544080294136485
340;7;19;47.90969264556179;47.90969264556179;41.93733155521061
341;12;19;70.04467234346498;70.04467234346498;69.7073524355559
342;15;19;24.253489044224743;24.253489044224743;22.09883252023854
343;43;19;41.24702344921462;41.24702344921462;38.40719204909922
344;13;19;41.524665549590566;41.524665549590566;35.968588289615184
345;24;19;31.289738960674406;31.289738960674406;29.06220483579585
346;30;19;20.73699720496905;20.73699720496905;19.471290014695427
347;15;19;38.147847307857205;38.147847307857205;32.587506780759796
348;28;19;35.20506568466074;35.20506568466074;32.57558670700155
349;17;19;30.959874844780174;30.959874844780174;28.103624308875986
350;30;19;30.460347682732397;30.460347682732397;27.74410156945539
351;4;19;41.31558114940385;41.31558114940385;36.6489762099757
352;17;19;37.072477960254055;37.072477960254055;33.71269222672842
353;45;19;21.278846117178023;21.278846117178023;21.755920126366036
354;11;19;21.376476614433205;21.376476614433205;19.761805927738717
355;20;19;21.609119823482704;21.609119823482704;20.520536613977548
356;30;19;32.98461737745727;32.98461737745727;30.676422143620027
357;24;19;29.56897487063463;29.56897487063463;27.206762843562398
358;18;19;43.417936738251264;43.417936738251264;37.642567817022446
359;28;19;28.54759813646255;28.54759813646255;27.285600657212083
360;19;19;34.7015809653737;34.7015809653737;30.645943096972367
361;18;19;38.575216543161964;38.575216543161964;34.858811050348194
362;14;19;37.487831736522395;37.487831736522395;35.51133612193374
363;24;19;37.07638679130681;37.07638679130681;33.95135174173364
364;23;19;27.883891573018396;27.883891573018396;27.166519410943973
365;17;19;63.2310168309349;63.2310168309349;56.442135985210626
366;21;19;35.17508121341552;35.17508121341552;32.248988041814165
367;23;19;30.92663429297964;30.92663429297964;27.747080392697562
368;7;19;41.443468814622875;41.443468814622875;36.58471941338253
369;19;19;29.652760958699197;29.652760958699197;27.54210200230505
370;13;19;36.24159961945441;36.24159961945441;33.287558957958524
371;10;19;29.42233143845999;29.42233143845999;26.350811424077552
372;38;19;25.050466984668653;25.050466984668653;23.706423233567648
373;0;19;370.0560498606512;370.0560498606512;314.0588629898174
374;24;18;18.20762846175251;18.20762846175251;16.006169250341898
375;47;19;22.86184729985114;22.86184729985114;19.980099077508992
376;30;19;18.95024211706358;18.95024211706358;16.337085836592482
377;64;19;9.706920100625508;9.706920100625508;9.548775692020497
378;34;19;14.284023476665134;14.284023476665134;13.169934557484787
379;24;19;20.514983543028617;20.514983543028617;18.316988259051485
380;64;18;10.266385408167954;10.266385408167954;10.367081649042474
381;46;19;16.664128876019547;16.664128876019547;15.151313608809833
382;66;19;8.118913918818693;8.118913918818693;8.57910878223499
383;40;19;13.653954133178113;13.653954133178113;12.974310355771228
384;38;19;15.731764615198788;15.731764615198788;13.956599804715392
385;29;19;15.111498738886551;15.111498738886551;14.027159295626385
386;32;19;27.033814717347433;27.033814717347433;23.30199226196613
387;40;19;14.989907131633748;14.989907131633748;14.433881804719348
388;68;19;9.977328691009268;9.977328691009268;9.955357299646208
389;64;19;12.953357630143532;12.953357630143532;12.181595945325862
390;72;19;7.399803154258102;7.399803154258102;8.016287146121961
391;23;19;20.07976222289404;20.07976222289404;17.40105402687479
392;28;19;16.099925755945407;16.099925755945407;14.582805306316152
393;36;19;17.47257392860601;17.47257392860601;16.0602139827641
394;54;19;17.454403641461752;17.454403641461752;15.859849476844273
395;27;19;18.25400881113413;18.25400881113413;16.768933119293226
396;40;19;12.480126657129574;12.480126657129574;11.849370513467658
397;34;19;17.763812527168366;17.763812527168366;17.39896061934517
398;45;19;13.75160244720117;13.75160244720117;13.685244517398763
399;40;19;15.523003757980073;15.523003757980073;14.422045405398341
400;46;19;15.89212541403507;15.89212541403507;14.660237452164102
401;43;19;23.99964206766321;23.99964206766321;20.703549687138263
402;52;19;8.051177129721044;8.051177129721044;8.52767230095912
403;41;19;19.438789617350043;19.438789617350043;17.064738338883057
404;35;19;14.965630916443928;14.965630916443928;13.363573613293108
405;58;19;10.824293026386837;10.824293026386837;10.665929016494527
406;52;18;19.799003373097598;19.799003373097598;17.271194141596354
407;46;19;9.241890735454987;9.241890735454987;9.152978196662664
408;23;19;18.937937865102832;18.937937865102832;16.16238935097787
409;48;19;21.065661560867134;21.065661560867134;19.162281565912007
410;17;19;21.581195621856946;21.581195621856946;20.081810280767858
411;32;19;46.20180802492993;46.20180802492993;40.67612485099299
412;13;19;47.55488082605103;47.55488082605103;40.1481184978029
413;33;19;11.444997296540416;11.444997296540416;10.767064148355178
414;18;19;22.001362808023796;22.001362808023796;19.191738387601458
415;23;19;7.220999478878495;7.220999478878495;7.615417627168545
416;23;19;24.491356692709857;24.491356692709857;22.193746579111227
417;5;19;22.716004506279493;22.716004506279493;20.78548270549873
418;21;19;24.481258989926648;24.481258989926648;21.113196794270113
419;35;19;16.564964261857227;16.564964261857227;15.196521264202222
420;28;19;9.022318529264696;9.022318529264696;9.649977592274864
421;63;19;17.51437404907199;17.51437404907199;16.338749341273946
422;21;19;15.18637674545384;15.18637674545384;14.816542385734264
423;48;18;11.537378761846574;11.537378761846574;11.317092587892756
424;15;19;15.78258508814703;15.78258508814703;15.461190828287442
425;10;19;20.64672170881012;20.64672170881012;19.459386411016062
426;44;19;16.196653132097467;16.196653132097467;15.417608300537614
427;6;19;43.696792884224294;43.696792884224294;36.841786308886334
428;47;19;19.33319895959752;19.33319895959752;18.10211512927976
429;11;19;24.414916703131247;24.414916703131247;22.23081859305581
430;17;19;25.08049802597365;25.08049802597365;19.726051309521186
431;11;19;33.8923893374651;33.8923893374651;30.993328457564104
432;12;19;33.5128287301774;33.5128287301774;30.041178812299762
433;35;19;23.0743440058558;23.0743440058558;20.648773112406282
434;1;19;42.67788630689188;42.67788630689188;37.698229313340455
435;4;19;66.63879135181594;66.63879135181594;57.0690067080035
436;8;19;13.517599523198871;13.517599523198871;12.689633449578881
437;3;19;29.906445101761566;29.906445101761566;25.99945104700023
438;9;19;49.44764628718063;49.44764628718063;44.65474416673223
439;21;19;40.91047361078407;40.91047361078407;36.2891501492533
440;7;19;62.05109922648058;62.05109922648058;51.34597679281127
441;17;19;8.723615195097645;8.723615195097645;8.863648229640958
442;5;19;13.716328501175656;13.716328501175656;11.763420182945698
443;8;18;20.560971351015507;20.560971351015507;17.781602388434216
444;15;19;8.562287863400647;8.562287863400647;8.559127909062497
445;4;19;20.860389730597415;20.860389730597415;18.59714877388557
446;1;19;116.98384683356002;116.98384683356002;112.32546550424681
447;17;19;30.68390844732441;30.68390844732441;27.72478549461912
448;40;19;13.598655431385565;13.598655431385565;13.741895892237325
449;60;19;13.800408832465376;13.800408832465376;13.556845976692733
450;35;19;29.439815595536025;29.439815595536025;24.46499889593708
451;13;19;30.217920295600443;30.217920295600443;27.016035250988555
452;47;19;33.65546907603622;33.65546907603622;30.915824379664368
453;3;19;51.514324669733114;51.514324669733114;43.465089005916816
454;13;19;12.50340598519002;12.50340598519002;12.152862023527815
455;14;19;23.576163200555587;23.576163200555587;21.553109012514806
456;17;19;27.016459106043307;27.016459106043307;24.597951608648383
457;15;19;25.473964345988232;25.473964345988232;23.45596013698607
458;24;19;16.575876997888077;16.575876997888077;16.23496518811065
459;12;19;11.254289381555015;11.254289381555015;10.648205800599964
460;35;19;26.11670872202128;26.11670872202128;24.55165619777141
461;8;19;11.756550851851078;11.756550851851078;10.969234796402713
462;37;19;19.730956786521592;19.730956786521592;18.81430730856298
463;4;19;59.79259512098386;59.79259512098386;48.35456129852818
464;0;19;39762556.018487915;39762556.018487915;31778147.78433293
465;26;18;27.011050451913974;27.011050451913974;25.641287006186392
466;29;19;38.60991035173647;38.60991035173647;35.28018662672725
467;41;19;27.2742109041347;27.2742109041347;24.65418080775727
468;15;19;20.218495240726998;20.218495240726998;18.748057975935833
469;15;19;11.033550909112849;11.033550909112849;12.357735519681995
470;9;19;39.762921601877096;39.762921601877096;34.43577186424961
471;24;19;41.57754089890477;41.57754089890477;37.56891206500346
472;43;19;22.67344993051146;22.67344993051146;21.21247868766191
473;11;19;36.48142174975789;36.48142174975789;31.587810606098184
474;18;19;44.81941895235552;44.81941895235552;37.36695137308147
475;12;19;22.40273464992591;22.40273464992591;18.989002314639784
476;17;19;41.20108699013603;41.20108699013603;38.234157148255896
477;23;19;28.1935393512266;28.1935393512266;24.827182131857633
478;4;19;37.44798405341676;37.44798405341676;31.747959363864354
479;17;18;21.658087983495346;21.658087983495346;21.240319562136236
480;10;19;32.32423770269929;32.32423770269929;29.654678581389543
481;3;19;39.42665497566528;39.42665497566528;34.874294151308156
482;20;19;33.172244886703815;33.172244886703815;29.294708396950547
483;14;19;9.280430791467596;9.280430791467596;9.181094013115272
484;25;19;18.765276666426246;18.765276666426246;17.699102138679386
485;41;19;25.412911486988854;25.412911486988854;23.978377797044555
486;12;19;20.586179341191013;20.586179341191013;19.2266304399416
487;8;19;32.2846255707856;32.2846255707856;28.578500781333545
488;6;19;37.64745599594342;37.64745599594342;32.71859291139685
489;18;19;45.40650030149726;45.40650030149726;40.39518672028934
490;18;19;42.93328752319577;42.93328752319577;36.002321319277584
491;14;19;30.525251034572804;30.525251034572804;27.23775682731526
492;22;19;29.957825916721468;29.957825916721468;27.567742462980288
493;9;19;45.83000118988998;45.83000118988998;40.24024536558921
494;17;19;27.301762007852513;27.301762007852513;24.24433828240561
495;16;19;28.563975306895404;28.563975306895404;23.008314717489778
496;22;19;20.340697284324897;20.340697284324897;18.83032147552358
497;1;19;35.70486275798026;35.70486275798026;27.989547773274012
498;15;19;84.80260894300544;84.80260894300544;73.12748601159593
499;33;19;47.81455894483957;47.81455894483957;42.536316286532106
500;9;19;28.085816980050303;28.085816980050303;25.29159205094203
501;27;19;22.062196789532273;22.062196789532273;19.74937907057585
502;21;19;28.844459114284373;28.844459114284373;25.496810222277514
503;24;19;19.902487473244307;19.902487473244307;19.5806361227721
504;27;19;23.777281938578263;23.777281938578263;22.311729464225255
505;26;19;20.866086278263168;20.866086278263168;19.71114818513675
506;11;19;43.535972951809235;43.535972951809235;40.10673808611426
507;31;19;20.684481238323883;20.684481238323883;18.434809272542086
508;41;18;36.713791610759095;36.713791610759095;33.68333630328944
509;15;19;30.793821837038625;30.793821837038625;28.40591733110039
510;9;19;33.795417007109066;33.795417007109066;29.580175249661917
511;18;19;0.0;0.0;4.9400481697870005
512;16;19;32.78464318342114;32.78464318342114;29.51766313674517
513;13;19;29.0114167550483;29.0114167550483;29.216769490355784
514;21;19;26.465265467499947;26.465265467499947;23.79946443408265
515;14;19;16.90225149793673;16.90225149793673;14.085426684109677
516;19;19;31.482938253492172;31.482938253492172;29.4125676254587
517;16;19;31.263360477539536;31.263360477539536;28.642286220189877
518;38;19;17.668965969025823;17.668965969025823;14.931784274016735
519;94;19;15.512015753943675;15.512015753943675;15.543459252382082
520;10;19;26.766594127486833;26.766594127486833;23.091337763999675
521;20;19;20.471231042325748;20.471231042325748;19.98734692352223
522;18;19;26.176158140683956;26.176158140683956;24.031652379827026
523;8;19;33.242041058124386;33.242041058124386;29.2165041957987
524;27;19;33.86462989517245;33.86462989517245;30.830713202708274
525;14;19;30.651640200447453;30.651640200447453;27.97847748365753
526;7;19;56.78453353914908;56.78453353914908;47.639874220825924
527;31;19;18.671948496284415;18.671948496284415;17.415795293673895
528;21;18;44.30040723905302;44.30040723905302;37.221852486079776
529;15;19;29.807336606926537;29.807336606926537;26.1458542697886
530;14;19;39.13027403796142;39.13027403796142;34.52822042503018
531;11;19;28.699791713042128;28.699791713042128;25.320928246692706
532;2;19;32.20865605081502;32.20865605081502;31.781983749764226
533;8;19;22.093532169469466;22.093532169469466;20.93124521714936
534;30;19;20.029521758528755;20.029521758528755;18.885208296107475
535;14;19;33.12983608678975;33.12983608678975;29.182026171902855
536;56;19;40.96147412766591;40.96147412766591;36.96465330578612
537;22;19;61.53015978703443;61.53015978703443;54.20334119344133
538;22;19;24.734522090621528;24.734522090621528;21.842499358921586
539;37;19;14.413944229603414;14.413944229603414;15.163239433305726
540;49;19;12.215771391857416;12.215771391857416;12.54492316218977
541;31;19;26.757735642629655;26.757735642629655;24.044272777627654
542;32;19;32.37086476857823;32.37086476857823;30.004904710092262
543;20;18;22.9870172674085;22.9870172674085;20.502584924735018
544;22;19;84.73837468115899;84.73837468115899;70.67246423892506
545;26;19;27.547439916108555;27.547439916108555;25.502463456593155
546;1;19;39.44373170369493;39.44373170369493;33.48632989786626
547;43;19;39.008606854142776;39.008606854142776;35.25053606568882
548;48;19;20.802258238162967;20.802258238162967;19.353990788584202
549;5;19;37.21360988130686;37.21360988130686;33.26267805939636
550;5;19;40.58044188398048;40.58044188398048;35.67008779162533
551;4;19;37.71433327308908;37.71433327308908;33.75543241476807
552;61;19;16.064181996608383;16.064181996608383;14.742375340284507
553;15;18;18.803855509192335;18.803855509192335;18.10071479553308
554;28;19;41.7593315191578;41.7593315191578;34.24863226206313
555;10;19;35.83112596481693;35.83112596481693;32.391410989032515
556;77;19;13.295855166817967;13.295855166817967;12.930730448971895
557;11;19;22.812062453981067;22.812062453981067;23.06136438090008
558;4;19;50.02231519977903;50.02231519977903;44.109000410334104
559;7;19;38.566239855984996;38.566239855984996;34.57244399970454
560;12;19;29.961911698947045;29.961911698947045;26.95592434937567
561;7;19;9.769513127537735;9.769513127537735;9.990004507988548
562;12;19;16.28796579046437;16.28796579046437;16.533175983012573
563;29;19;16.836168661664555;16.836168661664555;16.933041556949057
564;7;19;69.98429979347142;69.98429979347142;58.07857628739335
565;1;19;34.340394052920146;34.340394052920146;30.611267239060673
566;12;19;21.84231063045013;21.84231063045013;19.52281483989364
567;9;19;31.348619658055803;31.348619658055803;28.299721000426405
568;10;19;16.48404494012549;16.48404494012549;15.96207434592391
569;4;19;85.47529768463863;85.47529768463863;70.75857506536545
570;11;19;36.03725831757461;36.03725831757461;31.365450295336924
571;76;19;13.230928457684536;13.230928457684536;12.951273908005756
572;19;19;26.508985181611127;26.508985181611127;23.663626445449857
573;7;19;17.722760423760132;17.722760423760132;17.016196121887315
574;16;18;14.970157794372499;14.970157794372499;14.201213266352308
575;20;19;27.961674422183734;27.961674422183734;24.41165313859828
576;45;19;17.03151944054014;17.03151944054014;17.13338181734005
577;11;19;33.45594241710186;33.45594241710186;25.240452405569528
578;42;19;18.725502569295397;18.725502569295397;17.581824607775907
579;8;19;37.408001789789644;37.408001789789644;32.50351915991533
580;9;19;71.69625527112377;71.69625527112377;62.11254454857851
581;16;18;28.238453637220555;28.238453637220555;25.813190594650504
582;10;19;29.04037519165986;29.04037519165986;26.023900677575327
583;21;19;22.062903335966237;22.062903335966237;21.074266814943673
584;9;19;70.46704390099161;70.46704390099161;57.12959653214629
585;23;19;37.06973501161312;37.06973501161312;33.6542531308794
586;54;19;16.373122562483562;16.373122562483562;15.97410283728189
587;48;19;43.109623434539046;43.109623434539046;37.77732905227667
588;6;18;33.44895777921026;33.44895777921026;29.042207751659177
589;6;19;24.3517762743107;24.3517762743107;21.986699157796334
590;9;19;52.13749275844994;52.13749275844994;44.97573077973671
591;15;19;27.353702996800315;27.353702996800315;24.66657360093436
592;7;19;34.09036225187159;34.09036225187159;27.436521206687292
593;23;19;43.21171415505607;43.21171415505607;37.930850106488215
594;17;19;41.348918312216604;41.348918312216604;36.66787466337458
595;23;19;28.894769473402203;28.894769473402203;25.9591900222948
596;5;19;26.388399586609278;26.388399586609278;27.643921568527418
597;7;19;14.331611293985791;14.331611293985791;14.579785742247598
598;21;19;30.45261007015465;30.45261007015465;27.60337078554368
599;2;19;63.013164738633435;63.013164738633435;55.545298595964645
600;1;19;72.42663295324225;72.42663295324225;77.45431183462593
601;9;19;15.32746873670065;15.32746873670065;14.979633773021105
602;11;19;13.960723277742707;13.960723277742707;13.42121648865614
603;11;19;25.540476204000804;25.540476204000804;23.881873243823552
604;10;19;54.180969213634754;54.180969213634754;47.073445121487765
605;32;19;19.008525520902815;19.008525520902815;18.21547585172638
606;31;19;27.096280730700315;27.096280730700315;24.47600599686014
607;11;19;17.38040243117237;17.38040243117237;16.718539185831254
608;9;19;32.836754718916076;32.836754718916076;28.243342199006918
609;13;19;34.87149656623649;34.87149656623649;30.756750004096972
610;11;19;46.940209538391024;46.940209538391024;40.30165498951328
611;52;19;37.93928054539053;37.93928054539053;32.7972218093235
612;57;19;17.700560990625558;17.700560990625558;16.251026967848752
613;47;19;19.58807007556068;19.58807007556068;17.98732172813963
614;2;19;22.83364258245059;22.83364258245059;26.68435898228039
615;8;19;42.98195519938707;42.98195519938707;36.22819786752075
616;11;19;45.0298870329677;45.0298870329677;39.506547277706986
617;9;19;11.21774399091039;11.21774399091039;10.996093673518274
618;28;19;36.05467970322017;36.05467970322017;31.896019672895697
619;13;19;29.469771361560568;29.469771361560568;26.353499935581304
620;14;19;26.407606080313688;26.407606080313688;24.10010957044081
621;7;19;18.450893646580568;18.450893646580568;16.91069471332513
622;11;19;19.88403946558173;19.88403946558173;18.06053134057328
623;30;19;24.385014042244528;24.385014042244528;21.40561637359867
624;49;19;16.054089920569442;16.054089920569442;15.08694321799701
625;2;19;35.4272535126536;35.4272535126536;35.406288762925776
626;16;19;34.126613602405264;34.126613602405264;30.49650848487099
627;12;19;27.208223239190406;27.208223239190406;22.62089663484978
628;21;19;29.072775718248803;29.072775718248803;25.483578137866786
629;9;19;14.08837253340858;14.08837253340858;13.487631857778759
630;9;19;13.297335568807743;13.297335568807743;12.581008646563587
631;19;19;18.745384193120945;18.745384193120945;15.855166572053266
632;9;19;44.28221424779065;44.28221424779065;39.09070324002787
633;7;19;42.43002434928776;42.43002434928776;36.66087228010884
634;16;19;38.64360103519712;38.64360103519712;34.466177988427454
635;8;19;15.131257660463065;15.131257660463065;14.15753073958786
636;16;19;33.88649744454338;33.88649744454338;29.15872587863995
637;7;19;50.042760822995795;50.042760822995795;43.00628570951706
638;10;19;12.079055260970836;12.079055260970836;11.286880866411478
639;2;19;37.06522046126616;37.06522046126616;34.51652600264733
640;60;19;19.574194118652077;19.574194118652077;18.861623484844305
641;37;19;21.011939380278605;21.011939380278605;19.403005179578045
642;28;19;27.190519126566194;27.190519126566194;25.24926785717387
643;12;19;47.31442213420453;47.31442213420453;41.79423377390678
644;9;19;54.73939319639224;54.73939319639224;47.82504226782275
645;3;19;50.366113886886886;50.366113886886886;33.6723439853256
646;4;18;27.96701249592879;27.96701249592879;23.512851346093996
647;9;19;69.30915333221138;69.30915333221138;59.993020114230035
648;5;19;19.460137820033736;19.460137820033736;18.18394224126224
649;9;19;12.284441845131783;12.284441845131783;11.67106836640535
650;6;19;35.49562853671941;35.49562853671941;32.75535028521795
651;5;19;25.83699885376195;25.83699885376195;23.713390080893053
652;13;19;28.27386309825022;28.27386309825022;25.29900058386218
653;13;19;29.92470724019339;29.92470724019339;26.347826409232713
654;23;19;8.349833107782528;8.349833107782528;8.285930243488789
655;4;19;53.96456230116535;53.96456230116535;51.48148423103321
656;3;19;40.906372294245024;40.906372294245024;32.93002735869499
657;9;19;32.54691114245549;32.54691114245549;27.8341530732777
658;11;19;27.125094321707415;27.125094321707415;23.19769078363852
659;21;19;23.38759418084586;23.38759418084586;20.32831659008346
660;6;19;25.74891863059075;25.74891863059075;21.257373958517295
661;20;19;19.034435643060412;19.034435643060412;16.503566854396013
662;24;19;17.605110810617365;17.605110810617365;17.307235392452434
663;13;19;25.7831125600035;25.7831125600035;24.30579172505048
664;8;19;15.923972580969693;15.923972580969693;14.221503016396227
665;6;19;15.706167952946858;15.706167952946858;16.20267956764719
666;18;19;30.862648604582244;30.862648604582244;25.976638224979826
667;17;19;31.202719783378217;31.202719783378217;29.186123465648745
668;7;19;50.57124183388235;50.57124183388235;43.5449515945401
669;44;19;17.494874488627534;17.494874488627534;17.326548339145347
670;19;19;42.488815903664225;42.488815903664225;39.9081075789035
671;4;19;43.85729247458993;43.85729247458993;35.80838676510777
672;17;19;30.164388353318053;30.164388353318053;27.08725083762085
673;26;19;16.410249180187545;16.410249180187545;16.426083310828353
674;24;19;30.05664558285145;30.05664558285145;26.98967209028638
675;48;19;69.00732332318188;69.00732332318188;60.41013434696061
676;9;19;42.99398659142891;42.99398659142891;38.9988001957179
677;10;19;41.35624012437229;41.35624012437229;35.6692122423076
678;30;19;28.49754384427349;28.49754384427349;28.66187342507548
679;10;19;33.3041303377426;33.3041303377426;33.187357855839565
680;54;19;18.91882407907576;18.91882407907576;18.34071194963645
681;5;19;37.57540219181876;37.57540219181876;30.54959021559998
682;37;19;24.801751030711635;24.801751030711635;22.44361018027663
683;8;19;45.76047120158153;45.76047120158153;40.286914485548635
684;11;19;50.14077072817055;50.14077072817055;40.64621411257763
685;15;19;27.028887980423104;27.028887980423104;24.627533194371715
686;35;19;41.85813794381226;41.85813794381226;36.934767548216364
687;22;19;20.72209331922661;20.72209331922661;19.161859507355963
688;36;19;18.458888803530026;18.458888803530026;16.858471491070496
689;42;19;28.54745292005225;28.54745292005225;25.576951127698013
690;5;19;33.2605195365768;33.2605195365768;26.22062742723734
691;1;19;111.55918726243627;111.55918726243627;108.80091443901203
692;27;19;22.582474877369467;22.582474877369467;21.130146349466393
693;1;19;43.1367630297311;43.1367630297311;32.467473825871046
694;55;19;19.39146522213173;19.39146522213173;16.813313222229837
695;19;19;27.686765668416577;27.686765668416577;21.93865200083898
696;11;19;23.8632880290093;23.8632880290093;20.208288836705687
