Skewness: -0.8848941584830182, Average LID: LPCA: 2.227272727272727  |||  MLE: 1.8013721697635703  |||  MLENB: 1.8013721697635703  |||  TLE: 1.7616156387301054
LPCA: 0.31572776993409457  |||  MLE: -0.4646139677812734  |||  MLENB: -0.4646139677812734  |||  TLE: 0.21886451415999675
node;in_degree;local_intrinsic_dimensionality_LPCA;local_intrinsic_dimensionality_MLE;local_intrinsic_dimensionality_MLENB;local_intrinsic_dimensionality_TLE
0;77;2;1.730419900466128;1.730419900466128;1.8746101535364577
1;51;2;2.4915950819213664;2.4915950819213664;1.9794562723948184
2;56;2;1.5995991906968752;1.5995991906968752;1.6581245539974496
3;22;2;1.8552758008274532;1.8552758008274532;1.4353720236974519
4;76;2;1.734803413284223;1.734803413284223;1.8403944030023631
5;39;2;1.2986758696273883;1.2986758696273883;1.4584667235348001
6;84;2;1.5012539423763802;1.5012539423763802;1.6367800184361172
7;70;3;1.7128507140585596;1.7128507140585596;1.7286289268338748
8;40;2;1.3729195308602402;1.3729195308602402;1.5369750712879224
9;36;2;1.3795367021029208;1.3795367021029208;1.4576196450807293
10;63;2;2.421567262736645;2.421567262736645;2.4287880310706043
11;51;2;1.9642288842874278;1.9642288842874278;2.040276754918216
12;74;2;2.259315455925379;2.259315455925379;2.100266610976197
13;75;3;1.5196719250599469;1.5196719250599469;1.6763505632317364
14;57;3;2.204986978082223;2.204986978082223;2.0600252980531453
15;55;2;1.8593537543240968;1.8593537543240968;1.8733606231247653
16;84;3;1.3250672492193576;1.3250672492193576;1.57897297891087
17;24;2;2.1888249855502804;2.1888249855502804;1.649070310697337
18;33;2;3.263564595898294;3.263564595898294;2.0484727683203983
19;72;2;2.5289895296384652;2.5289895296384652;2.3575263624679756
20;70;3;1.793298478956167;1.793298478956167;1.8480143770036657
21;72;2;1.8540509799350506;1.8540509799350506;1.8091789017013917
22;50;2;2.2046243706685935;2.2046243706685935;2.187108370099417
23;57;2;1.6640432957374722;1.6640432957374722;1.8193647004072526
24;46;3;2.4223413906709683;2.4223413906709683;2.017547251397421
25;60;2;1.5332153153589871;1.5332153153589871;1.6307227828076316
26;72;2;1.6741123997340213;1.6741123997340213;1.7117966040160004
27;58;2;1.7998757208718539;1.7998757208718539;1.9497572069449602
28;60;2;1.7174243663491031;1.7174243663491031;1.8508269163694302
29;64;3;1.3394806929856278;1.3394806929856278;1.4814639132513145
30;48;2;2.2249395862208803;2.2249395862208803;1.8876736520442208
31;53;2;1.261531156956464;1.261531156956464;1.478914715202023
32;58;3;1.2884151873902672;1.2884151873902672;1.468623684761822
33;17;2;1.9658604420479437;1.9658604420479437;1.4155599704977224
34;88;2;1.5517491451172551;1.5517491451172551;1.6925817969238248
35;68;3;2.070223587493817;2.070223587493817;1.9922512762868496
36;43;2;1.2593807685329792;1.2593807685329792;1.4606255336629623
37;81;2;1.662964178094025;1.662964178094025;1.7299136401905642
38;46;2;1.3620631401132877;1.3620631401132877;1.5694698285693047
39;86;3;1.5591193228746945;1.5591193228746945;1.7988446103654214
40;43;2;2.1355269356498017;2.1355269356498017;1.9492609362172444
41;80;3;1.4739474754225381;1.4739474754225381;1.6400247512029376
42;77;3;1.5418814696351972;1.5418814696351972;1.702969017565495
43;61;3;2.1151743419864237;2.1151743419864237;1.9528144101292004
44;75;3;1.6979646479935795;1.6979646479935795;1.8134263613446424
45;64;2;2.9054800261941502;2.9054800261941502;2.3915900107589394
46;62;3;1.4129631431032623;1.4129631431032623;1.5844870776984545
47;87;2;1.8471573860545534;1.8471573860545534;1.9671380936314133
48;59;2;2.042155851176773;2.042155851176773;2.03205718113187
49;88;3;1.652480953881015;1.652480953881015;1.8029231956110106
50;67;2;1.44640032139604;1.44640032139604;1.5545622501619436
51;67;3;1.4671606163852398;1.4671606163852398;1.558220143913989
52;70;3;1.6486932480725087;1.6486932480725087;1.6851518316600818
53;59;3;1.4756320830355782;1.4756320830355782;1.5840670148641853
54;63;3;1.8445602123306721;1.8445602123306721;1.8754803848995127
55;58;2;1.8782141250901307;1.8782141250901307;2.057628736581514
56;59;2;1.352290596526811;1.352290596526811;1.6072372865238813
57;77;2;1.782111298617746;1.782111298617746;1.8427871356385643
58;30;2;2.5020759988616263;2.5020759988616263;1.8641815840443574
59;81;2;1.5704255522655224;1.5704255522655224;1.6626820995920129
60;86;2;1.542728007800519;1.542728007800519;1.7195631713424242
61;62;2;2.062611685207639;2.062611685207639;2.114652173291054
62;44;2;1.8208117802419805;1.8208117802419805;1.6988641541548362
63;34;2;1.50626975496599;1.50626975496599;1.4541997364888382
64;79;3;1.6083243669497265;1.6083243669497265;1.7695664870014973
65;58;2;1.8404267188345447;1.8404267188345447;1.960453618524738
66;27;2;1.654135153510113;1.654135153510113;1.4227742483424595
67;65;2;1.3742766676742304;1.3742766676742304;1.5955207993588199
68;72;2;2.041438974244165;2.041438974244165;2.0722571431916177
69;40;2;2.0468378643987277;2.0468378643987277;1.8619504958623208
70;26;2;1.9872976260410393;1.9872976260410393;1.5642307708824719
71;61;2;1.5061645130424617;1.5061645130424617;1.6853888699063313
72;69;2;1.6650881932932688;1.6650881932932688;1.8305853745760032
73;70;3;2.2857835842332688;2.2857835842332688;2.0844458522615317
74;63;3;1.785709444249906;1.785709444249906;1.765347648821492
75;10;2;3.0716052814230967;3.0716052814230967;1.4600527144233204
76;47;2;1.7034607228836254;1.7034607228836254;1.7080573315827292
77;57;2;1.9883303172704838;1.9883303172704838;2.1126133469143396
78;84;3;1.3545248394823233;1.3545248394823233;1.5329054001681848
79;72;2;1.9767496929048842;1.9767496929048842;2.0356406316523357
80;58;2;1.3046590678443593;1.3046590678443593;1.5011756745575027
81;40;2;1.4532455630386734;1.4532455630386734;1.5568885613073333
82;63;3;1.561068082013581;1.561068082013581;1.662772404251474
83;61;3;1.3329402806741684;1.3329402806741684;1.5032157534000357
84;81;2;1.4991570963263192;1.4991570963263192;1.7032466320976989
85;84;3;1.9428424539447289;1.9428424539447289;2.0128222166236656
86;39;2;2.346101658167127;2.346101658167127;1.872949346922094
87;45;2;2.5841859598249366;2.5841859598249366;2.1517661556643404
88;87;3;1.3417270269680108;1.3417270269680108;1.6000082876150967
89;77;2;1.4334184412330682;1.4334184412330682;1.6230451335742229
90;56;2;3.3803887657668383;3.3803887657668383;2.5886821662967887
91;64;3;1.2561909177381958;1.2561909177381958;1.414603592993488
92;55;2;1.2686904009749125;1.2686904009749125;1.4893128235081803
93;55;2;1.6026925649043944;1.6026925649043944;1.6641052602454338
94;31;2;2.4269397231980467;2.4269397231980467;1.8461653270085017
95;65;2;2.054166588962206;2.054166588962206;1.9828570674264772
96;38;2;1.322126219693903;1.322126219693903;1.43657050847174
97;61;2;1.8045283001333907;1.8045283001333907;1.8708652225046494
98;62;2;1.3671035869058157;1.3671035869058157;1.4663378997391863
99;15;2;2.2839096471578495;2.2839096471578495;1.4900787357149916
100;68;2;1.7177748610767376;1.7177748610767376;1.857436774526519
101;69;2;2.0471422245202717;2.0471422245202717;1.9708305377092123
102;60;2;1.6770667688226353;1.6770667688226353;1.838702575163882
103;60;2;1.7430574623642106;1.7430574623642106;1.7398611937707351
104;66;3;1.2715212041547346;1.2715212041547346;1.4018218623122438
105;63;2;1.510710939660715;1.510710939660715;1.5522604998584606
106;77;3;1.468933694002033;1.468933694002033;1.704373720693936
107;55;2;2.27119920881368;2.27119920881368;2.1861021760488892
108;76;2;1.574119279831132;1.574119279831132;1.8041030133436753
109;67;2;1.3828279610379515;1.3828279610379515;1.484243766946083
110;64;2;1.3262042352407681;1.3262042352407681;1.562343711472768
111;92;3;1.4343245180098636;1.4343245180098636;1.6237482032808734
112;72;2;1.6966909639849863;1.6966909639849863;1.8238292210115294
113;9;2;3.2555192050940027;3.2555192050940027;1.527114534447628
114;32;2;1.7698048338965016;1.7698048338965016;1.5090280060869885
115;66;2;1.5129195560711468;1.5129195560711468;1.7319896666730359
116;78;2;1.5386003058170397;1.5386003058170397;1.6757980184412262
117;83;2;1.4376412138444814;1.4376412138444814;1.6631797420910577
118;66;2;1.7985478973553395;1.7985478973553395;1.9135353260495318
119;22;2;1.8263930844926743;1.8263930844926743;1.450273099117113
120;51;2;1.7393972457000297;1.7393972457000297;1.7621329878006857
121;76;2;1.4382425947755808;1.4382425947755808;1.6365593969377252
122;78;2;1.8997614591242844;1.8997614591242844;1.9644086459826093
123;78;2;1.4640328423924311;1.4640328423924311;1.6455371370007459
124;60;2;1.4763950211093722;1.4763950211093722;1.571658136606186
125;69;2;2.2625267855477302;2.2625267855477302;2.164998358887214
126;63;2;1.4869395172369544;1.4869395172369544;1.6319936683955898
127;69;2;2.0491085528385193;2.0491085528385193;1.9073806062544965
128;16;2;2.2477437038056536;2.2477437038056536;1.4857487202760937
129;79;2;1.6289427062830832;1.6289427062830832;1.7606689903264787
130;77;3;1.6055844814708664;1.6055844814708664;1.7994117526022846
131;10;2;2.7467325285011244;2.7467325285011244;1.4454656827638817
132;73;2;1.6982350417888654;1.6982350417888654;1.8851644133346244
133;72;2;1.4395881533367036;1.4395881533367036;1.5526153462537229
134;79;2;1.3965864765923517;1.3965864765923517;1.6208960404899162
135;40;2;1.8165660738506328;1.8165660738506328;1.597622963669569
136;58;2;1.4509810114875088;1.4509810114875088;1.5373766415731656
137;15;2;2.063940499910897;2.063940499910897;1.4363783864099031
138;58;3;1.5484632669155702;1.5484632669155702;1.6633367885753538
139;57;2;2.1863871911939587;2.1863871911939587;2.05250334733525
140;45;2;1.680504997004141;1.680504997004141;1.6473556304289865
141;68;2;1.56651068281595;1.56651068281595;1.7428188675827248
142;77;3;1.4400040471919175;1.4400040471919175;1.6926055152702113
143;24;2;4.6964786485392604;4.6964786485392604;2.7692696633617424
144;74;2;2.5185754231657893;2.5185754231657893;2.356438689658059
145;65;2;2.287575295062435;2.287575295062435;2.215582840516191
146;86;2;1.5452273118509328;1.5452273118509328;1.7086404182605897
147;70;3;1.9057123884369944;1.9057123884369944;1.9131904666801631
148;62;2;1.3569531950046707;1.3569531950046707;1.6111148503067787
149;64;2;1.4009352786658367;1.4009352786658367;1.6433680907662889
150;74;2;1.7422937348105048;1.7422937348105048;1.924157379227788
151;51;2;1.6132657643998973;1.6132657643998973;1.6327001696468146
152;68;2;2.237104665351779;2.237104665351779;2.1193618725892693
153;76;2;1.7270016105611083;1.7270016105611083;1.8761350086461215
154;67;3;1.8154911199538255;1.8154911199538255;1.8800874047656086
155;77;2;1.5296408167946434;1.5296408167946434;1.7090133895084125
156;66;2;2.2165279637057553;2.2165279637057553;2.0749891347961196
157;73;2;1.7100386764182007;1.7100386764182007;1.8664298735266038
158;82;2;1.6336271976389185;1.6336271976389185;1.7572394920774734
159;70;2;1.5012100002875983;1.5012100002875983;1.6263251764324822
160;59;3;1.311613847036727;1.311613847036727;1.5061982679159023
161;5;2;3.7648957311732674;3.7648957311732674;1.3767926612492059
162;76;3;1.4909826030913234;1.4909826030913234;1.7247640607781631
163;80;3;1.2658165358037399;1.2658165358037399;1.493301656137793
164;78;2;1.800910628380337;1.800910628380337;1.7824695952577914
165;82;2;1.3855280429657761;1.3855280429657761;1.6096246864537382
166;17;2;2.18870376255887;2.18870376255887;1.4973913390427729
167;61;2;1.8656708902451578;1.8656708902451578;2.0163097107949834
168;75;3;1.4771402826814972;1.4771402826814972;1.6855549034133976
169;66;2;1.4789330818344055;1.4789330818344055;1.560731827829984
170;46;2;1.833082719554611;1.833082719554611;1.7267021679861507
171;73;2;1.4776975938905508;1.4776975938905508;1.639496483878447
172;68;2;2.34187525875162;2.34187525875162;2.1076674573165284
173;56;2;1.453450937990388;1.453450937990388;1.6090088237445834
174;60;2;1.3563372068341104;1.3563372068341104;1.6007386391463527
175;50;2;1.77468938986513;1.77468938986513;1.6736835683110345
176;78;2;2.1357669751539903;2.1357669751539903;2.274365013859885
177;54;2;1.6963494276049855;1.6963494276049855;1.860477217442419
178;30;2;2.153535740800925;2.153535740800925;1.7292693864440778
179;75;2;1.6096094879465443;1.6096094879465443;1.8596023711801268
180;77;3;1.6092746809895184;1.6092746809895184;1.7935552282381666
181;39;2;2.7580169881541456;2.7580169881541456;2.252854500593291
182;64;3;1.734292956440049;1.734292956440049;1.8251453276145346
183;60;2;2.2826305592259932;2.2826305592259932;1.8865073607296197
184;55;2;1.529556703888438;1.529556703888438;1.7018668517197284
185;42;2;1.4154429769480026;1.4154429769480026;1.5293844974155164
186;24;2;2.0821236736446647;2.0821236736446647;1.5891019421610022
187;18;2;2.1302849177283694;2.1302849177283694;1.5493214695258544
188;36;2;1.4453827503994492;1.4453827503994492;1.4653365515714092
189;80;2;1.487326183176905;1.487326183176905;1.7035085939456105
190;84;2;1.5322496942240438;1.5322496942240438;1.7395488988028847
191;83;2;1.5942733938033136;1.5942733938033136;1.7033502457779681
192;66;3;1.798884576110201;1.798884576110201;1.838548148793335
193;41;2;2.2853117015300604;2.2853117015300604;1.8787200996273192
194;77;3;1.5150205112357589;1.5150205112357589;1.7553405111453522
195;62;2;1.383282342365692;1.383282342365692;1.6227811012999342
196;35;2;1.7870564977725618;1.7870564977725618;1.5424956124517093
197;60;2;1.804686860917787;1.804686860917787;1.9441160264769048
