Skewness: 0.10165604952484616, Average LID: LPCA: 5.084635416666667  |||  MLE: 4.2071585494801615  |||  MLENB: 4.2071585494801615  |||  TLE: 4.14442097305954
LPCA: 0.15476596572578544  |||  MLE: -0.30326209637734536  |||  MLENB: -0.30326209637734536  |||  TLE: -0.08206278749856191
node;in_degree;local_intrinsic_dimensionality_LPCA;local_intrinsic_dimensionality_MLE;local_intrinsic_dimensionality_MLENB;local_intrinsic_dimensionality_TLE
0;22;5;3.6486791488417483;3.6486791488417483;3.8952048396287404
1;32;5;4.872515964868954;4.872515964868954;4.691372105071826
2;17;4;3.3117988757185293;3.3117988757185293;3.2298341718768366
3;29;6;3.4826141308047975;3.4826141308047975;3.885924033899608
4;8;5;3.9557676304327463;3.9557676304327463;3.7396656991734347
5;34;5;3.725247687232917;3.725247687232917;3.754455789643936
6;10;5;5.6764239786514885;5.6764239786514885;4.91544235639788
7;33;3;2.1637617226426067;2.1637617226426067;2.169709557014052
8;16;2;1.4741254908720902;1.4741254908720902;1.5759372169524162
9;1;6;9.91156111833519;9.91156111833519;6.142214291029239
10;19;4;3.2054321699506154;3.2054321699506154;3.530841565535144
11;26;5;2.385451464781648;2.385451464781648;2.741166600925871
12;28;5;4.560225808159608;4.560225808159608;4.680853486649392
13;2;2;2.784112873017217;2.784112873017217;1.330758640293713
14;21;5;3.070820459766683;3.070820459766683;3.415495614627941
15;30;4;1.9074411081417166;1.9074411081417166;2.274363171569315
16;18;5;2.833969647785561;2.833969647785561;3.3228792845717674
17;33;5;2.706707922404709;2.706707922404709;3.107279099638133
18;2;5;7.633184144380812;7.633184144380812;5.54109536683711
19;39;6;4.479740338967359;4.479740338967359;4.9465177077293445
20;25;5;3.087664461809688;3.087664461809688;3.428968504546408
21;19;5;3.8592168249240104;3.8592168249240104;3.850457894450075
22;15;5;3.360476059820596;3.360476059820596;3.475622891644069
23;29;5;4.134945988153435;4.134945988153435;4.233063569617399
24;17;6;3.4044097361135686;3.4044097361135686;3.7274257405414937
25;31;6;3.8665978721549963;3.8665978721549963;4.41750165523693
26;34;5;4.200724137110961;4.200724137110961;4.567247627091165
27;11;5;5.07285372329815;5.07285372329815;4.869942419524042
28;10;5;5.387089468066355;5.387089468066355;4.674372459567705
29;19;5;4.301171176890884;4.301171176890884;4.601636067869869
30;14;5;5.036232841888859;5.036232841888859;4.764079572346795
31;26;5;3.9196417750495027;3.9196417750495027;4.034666862175007
32;30;6;3.1242112053896243;3.1242112053896243;3.3940720536596705
33;5;6;7.434162226157385;7.434162226157385;6.03455000136278
34;25;6;4.069872977379544;4.069872977379544;4.683878611713792
35;20;5;5.228342682565053;5.228342682565053;5.486262580741983
36;29;5;4.280508255093251;4.280508255093251;4.451508876597151
37;25;6;5.999337761845303;5.999337761845303;6.333424322616286
38;17;5;2.6481891243644475;2.6481891243644475;2.8208210317831193
39;14;5;4.422437133205583;4.422437133205583;4.258849095241565
40;3;5;4.468009388428872;4.468009388428872;3.8637156399882997
41;28;5;3.6305348887146724;3.6305348887146724;4.108184007474423
42;14;6;10.185739628371351;10.185739628371351;9.309063023125672
43;7;4;5.254750212106945;5.254750212106945;4.868926925555909
44;23;5;3.130088668980762;3.130088668980762;3.66131721288391
45;11;5;3.237953616865966;3.237953616865966;3.5069976921235435
46;11;4;3.7495057933980234;3.7495057933980234;3.6684791694360825
47;20;5;4.870400904472495;4.870400904472495;4.41198456081646
48;28;5;6.255397860389809;6.255397860389809;6.213238809527841
49;15;4;2.166807193512352;2.166807193512352;2.2567703584265657
50;10;6;3.9501904247624178;3.9501904247624178;4.191179386774284
51;11;6;4.450504296954863;4.450504296954863;3.7554138801483297
52;13;4;8.451331360179852;8.451331360179852;7.482881605732881
53;19;5;3.1856253571135733;3.1856253571135733;3.1909012710224673
54;20;5;2.6652540861107434;2.6652540861107434;3.028453920891701
55;14;6;3.9999047657015883;3.9999047657015883;3.833399374670753
56;21;4;3.0013461154077;3.0013461154077;3.2097930773721806
57;3;6;6.63512999461736;6.63512999461736;5.028623419938696
58;29;5;4.801432230411321;4.801432230411321;4.998241925319308
59;16;5;3.3289420330439503;3.3289420330439503;3.8975778768879823
60;13;5;1.6061376715118676;1.6061376715118676;1.884873511777742
61;34;5;3.4814305450616168;3.4814305450616168;3.8209736573421798
62;7;5;5.303813468884984;5.303813468884984;3.7973502681780045
63;14;6;3.1933240801324865;3.1933240801324865;3.541120839878522
64;28;5;3.3665572608513705;3.3665572608513705;3.7486958012461784
65;40;6;5.65382154265781;5.65382154265781;5.419897855788265
66;25;6;5.939803057553051;5.939803057553051;6.088583930580014
67;10;5;5.567703583170933;5.567703583170933;5.188177039569967
68;23;6;3.4939053275666514;3.4939053275666514;3.76601692759655
69;16;5;5.556328473682599;5.556328473682599;5.284701729852275
70;41;5;4.84866731007121;4.84866731007121;5.190874132609274
71;28;6;4.026415240050718;4.026415240050718;4.545484183961887
72;14;5;4.87905221701313;4.87905221701313;4.658393635954721
73;18;5;3.7733307263576594;3.7733307263576594;3.836668307157522
74;21;5;3.8108147616156685;3.8108147616156685;3.8219669247270702
75;4;5;3.7889583473559902;3.7889583473559902;3.216089009123834
76;15;6;3.7058593853421065;3.7058593853421065;3.5264091710873737
77;26;5;3.16752784217271;3.16752784217271;3.592270382446564
78;20;4;1.5559140336719683;1.5559140336719683;1.8374360174485875
79;33;5;2.1404649572597085;2.1404649572597085;2.5906114851906463
80;3;3;6.158065536627573;6.158065536627573;4.672926153247639
81;11;5;1.8072783541555895;1.8072783541555895;1.995182358150801
82;21;6;4.604192227113168;4.604192227113168;4.838081131233396
83;34;5;3.346491912645664;3.346491912645664;3.477699950713695
84;4;4;6.361199846074193;6.361199846074193;4.640507706043647
85;36;6;4.53604742050897;4.53604742050897;4.782342290067078
86;3;5;5.474915647146861;5.474915647146861;4.472631215022131
87;37;6;5.528136156358197;5.528136156358197;5.694314302667968
88;23;6;6.533933681379103;6.533933681379103;6.469263808503058
89;33;5;3.069097648960621;3.069097648960621;3.294124004278636
90;14;5;3.166524179109368;3.166524179109368;3.1733443642544668
91;22;5;3.720084957710824;3.720084957710824;3.8233438520766443
92;12;6;4.39644444525167;4.39644444525167;4.962389601322385
93;22;5;4.087114220719631;4.087114220719631;4.328366149674559
94;9;6;3.8423725002601525;3.8423725002601525;4.27037952205896
95;29;6;4.8450706613336365;4.8450706613336365;4.605863756650115
96;29;5;2.7240223084309414;2.7240223084309414;3.0361646308328036
97;5;5;8.000875560855256;8.000875560855256;6.319578114352649
98;20;6;6.61892795357982;6.61892795357982;6.032659587411209
99;15;6;3.4023895256167687;3.4023895256167687;3.77202434663463
100;24;4;2.5729890816466794;2.5729890816466794;2.910502408769931
101;8;5;3.7969752297071584;3.7969752297071584;3.729505491754153
102;7;5;3.272423300167277;3.272423300167277;3.376640998196734
103;28;6;4.22865145956453;4.22865145956453;4.27264793681288
104;21;5;4.094425605016685;4.094425605016685;4.077996133868516
105;26;6;4.078145862674496;4.078145862674496;4.154276536444284
106;0;5;9.0735329179772;9.0735329179772;4.713157776494468
107;23;6;3.598395783059104;3.598395783059104;3.8690728999667887
108;7;5;6.265508888705342;6.265508888705342;5.090924747868336
109;11;5;4.382894357723682;4.382894357723682;4.226594325203017
110;19;6;4.752527514234501;4.752527514234501;4.858188579993116
111;18;2;1.3619400446762833;1.3619400446762833;1.620765283939171
112;20;6;3.702945775710959;3.702945775710959;4.04007622357246
113;23;6;3.1058201753675467;3.1058201753675467;3.2637414052105678
114;17;5;4.08696765954759;4.08696765954759;4.216515506564292
115;21;5;3.811589392642723;3.811589392642723;3.8513229488897065
116;34;5;4.088898803908878;4.088898803908878;3.972781439979357
117;13;5;3.9027102826166917;3.9027102826166917;3.587458640733099
118;28;5;3.597095299562271;3.597095299562271;3.9922108825962015
119;30;6;3.202966103135694;3.202966103135694;3.4956347021340703
120;5;5;8.228057062455678;8.228057062455678;6.330419211157784
121;21;5;5.597836443378357;5.597836443378357;5.849745441339342
122;36;6;5.479866937127681;5.479866937127681;5.67559429541041
123;19;5;4.118350576497141;4.118350576497141;4.124051762371938
124;25;5;5.267256056096623;5.267256056096623;4.860882703960494
125;1;5;7.307953815910205;7.307953815910205;4.528840056901488
126;32;6;3.661389241948564;3.661389241948564;3.8421860082863506
127;22;6;4.188838248540704;4.188838248540704;4.42586519031868
128;16;6;7.075410858532409;7.075410858532409;6.908859701979329
129;15;5;3.188461942577524;3.188461942577524;3.2308445976333786
130;18;5;3.0048650701770026;3.0048650701770026;3.233420408542402
131;15;6;4.08369403736392;4.08369403736392;4.170872448256221
132;16;5;3.916794830051629;3.916794830051629;3.8466106850044244
133;24;6;5.008386977614626;5.008386977614626;5.045384234760821
134;29;6;2.633230146701572;2.633230146701572;3.019498764218219
135;26;6;5.179489572611932;5.179489572611932;5.147169849165417
136;31;6;6.589810869465488;6.589810869465488;5.944210843955394
137;32;5;3.1742561129003346;3.1742561129003346;3.6242140758722163
138;30;5;3.2802058637585283;3.2802058637585283;3.7931535685825866
139;16;5;3.880034114701295;3.880034114701295;3.5139637204642558
140;23;5;4.403230950184575;4.403230950184575;4.320570645868765
141;28;6;3.884232331197928;3.884232331197928;4.397760643364886
142;12;6;4.711897187598423;4.711897187598423;4.595161097240536
143;23;5;3.5362669160848994;3.5362669160848994;3.7537067324511884
144;32;5;2.8667994585242944;2.8667994585242944;3.099886766449861
145;0;5;8.506196969749432;8.506196969749432;4.1558471816439075
146;8;5;3.519385639717936;3.519385639717936;2.986952277225096
147;32;6;5.236182251468836;5.236182251468836;5.49815899839414
148;19;5;3.0242216265100645;3.0242216265100645;3.54840409443894
149;29;5;3.711696420628499;3.711696420628499;3.9119139152095888
150;26;5;4.287897504219752;4.287897504219752;4.120945740997252
151;26;4;4.448940543444159;4.448940543444159;4.5177638148439545
152;27;5;4.064372739567516;4.064372739567516;4.4774181829223805
153;19;2;1.2915924274139892;1.2915924274139892;1.6344080931377583
154;20;5;3.381995705320198;3.381995705320198;3.378110372044154
155;18;5;2.5663465523512308;2.5663465523512308;2.851369114570295
156;18;5;3.046203955723959;3.046203955723959;3.5038396456023655
157;19;6;4.511114588040182;4.511114588040182;4.428963560483145
158;37;5;4.565228013466044;4.565228013466044;4.551689489041729
159;17;5;4.980285876033285;4.980285876033285;4.672320119405093
160;23;7;3.1030779911512525;3.1030779911512525;3.4496166690391283
161;15;6;5.104616674095418;5.104616674095418;4.98400822713456
162;20;5;3.3472905875419667;3.3472905875419667;3.344440507918643
163;34;5;2.8401199661826215;2.8401199661826215;3.147331022845923
164;25;5;3.6836752408089275;3.6836752408089275;4.057104528929382
165;15;5;7.10463156205228;7.10463156205228;6.6272653376059525
166;18;5;7.833026574009023;7.833026574009023;6.863776797624079
167;36;5;3.964335170395038;3.964335170395038;4.230622331144511
168;40;5;3.3302322747054878;3.3302322747054878;3.6339329919093966
169;9;5;4.9350450367693846;4.9350450367693846;4.830824484805941
170;33;5;3.869531118456044;3.869531118456044;4.039283758509093
171;33;6;5.043574922841046;5.043574922841046;5.197868286803822
172;14;4;3.2431393167244744;3.2431393167244744;2.6658897803578765
173;12;5;4.86152938384285;4.86152938384285;4.546381642650173
174;25;6;3.7633035048405934;3.7633035048405934;3.7267771669494327
175;13;5;4.178453151427954;4.178453151427954;4.172966063068295
176;19;5;4.589388878618097;4.589388878618097;4.916175348079711
177;1;5;11.178279482518748;11.178279482518748;7.122078836527995
178;19;5;4.788478510323631;4.788478510323631;5.024415170619306
179;30;5;2.6631684279511303;2.6631684279511303;3.0851055976476056
180;17;6;4.158185263659433;4.158185263659433;4.276121691075891
181;19;5;3.819028061938849;3.819028061938849;4.0355194658233975
182;4;4;3.881729823621623;3.881729823621623;3.5728662922075918
183;22;6;2.9873383628396395;2.9873383628396395;3.336208112720322
184;31;5;3.6220936502951244;3.6220936502951244;3.716035278645384
185;18;5;4.657517499536677;4.657517499536677;4.787068681978538
186;17;2;1.4772063823358563;1.4772063823358563;1.7131859585222946
187;10;5;5.314124026067099;5.314124026067099;4.56511066501788
188;29;6;7.790245267940342;7.790245267940342;7.655174688593166
189;25;6;7.018487990843224;7.018487990843224;6.741881689470312
190;19;5;2.794355365344543;2.794355365344543;3.2087204109856886
191;21;6;5.70662657938269;5.70662657938269;5.3612805667396835
192;25;4;3.4425443026686144;3.4425443026686144;3.9131638170314162
193;17;4;1.9147409394179287;1.9147409394179287;1.936387165979298
194;8;5;7.594284383685462;7.594284383685462;6.217955746276892
195;23;5;4.275243786824255;4.275243786824255;4.50834078163464
196;18;5;2.6335458112400736;2.6335458112400736;2.9353779250384258
197;21;6;3.1831413356389304;3.1831413356389304;3.2060362495934345
198;21;6;4.998182450757073;4.998182450757073;5.523005564602091
199;28;5;2.9856319834320275;2.9856319834320275;3.283531945133176
200;9;5;4.333440474506375;4.333440474506375;4.183154199052138
201;23;5;4.108505887615333;4.108505887615333;4.076969156385032
202;32;5;5.2888250980837155;5.2888250980837155;5.171684817729412
203;28;6;2.4905608046745633;2.4905608046745633;2.978637501984353
204;13;5;3.3544817493306724;3.3544817493306724;3.6213323518085954
205;34;5;3.8206553333118656;3.8206553333118656;3.8182531362263026
206;11;4;2.779790041283594;2.779790041283594;2.9014548497889088
207;13;4;3.7621504197022526;3.7621504197022526;3.472767248403366
208;43;5;4.145712715452658;4.145712715452658;4.66885427622987
209;17;5;3.1930681294554515;3.1930681294554515;3.4349379660554042
210;24;6;4.940715253830111;4.940715253830111;4.740804351838666
211;13;5;2.68835011221335;2.68835011221335;2.857815387581431
212;11;5;4.964393623440097;4.964393623440097;5.080667595792364
213;16;6;3.4262395469822438;3.4262395469822438;3.6596977811818427
214;27;5;4.451143122766376;4.451143122766376;4.652057396352239
215;27;4;3.368295763162002;3.368295763162002;3.7247043289505677
216;22;6;3.4278131045063205;3.4278131045063205;3.670882954400365
217;43;6;3.5639116107945883;3.5639116107945883;4.113794390090153
218;26;5;5.587985756759548;5.587985756759548;5.395296284486979
219;21;5;4.554955485283432;4.554955485283432;4.799159837085876
220;19;2;1.4185562808734256;1.4185562808734256;1.6884398601047197
221;16;5;2.9122904542611425;2.9122904542611425;2.9535411195084564
222;34;3;2.6579045393926366;2.6579045393926366;3.0071306825744326
223;6;5;8.55712277739627;8.55712277739627;7.1491186999228145
224;31;6;3.4256846913868575;3.4256846913868575;3.728126084992787
225;15;6;3.123811649577983;3.123811649577983;3.464136228311692
226;23;5;3.558808924219649;3.558808924219649;3.7583265526646334
227;9;4;5.263942424699282;5.263942424699282;4.553009590873497
228;4;1;2.182692015135784;2.182692015135784;1.3702248794525338
229;7;6;5.861933227262089;5.861933227262089;5.116966625606192
230;11;5;4.86490265414731;4.86490265414731;4.117479318514116
231;25;4;2.583726369980068;2.583726369980068;2.6031279830274117
232;14;6;3.7975441397524716;3.7975441397524716;4.06856056699732
233;30;5;4.057309990918468;4.057309990918468;4.3648105573969165
234;21;6;4.434402447188139;4.434402447188139;4.598366499710598
235;21;5;2.412891592685969;2.412891592685969;2.806727489622196
236;15;5;3.272234728603623;3.272234728603623;3.3517341910598253
237;16;5;6.235920176255078;6.235920176255078;6.113175921807886
238;31;5;11.302391797041238;11.302391797041238;9.689179542789972
239;15;6;4.67385504903519;4.67385504903519;4.0767429510545075
240;29;5;2.494752251867622;2.494752251867622;2.8842701935635118
241;31;6;4.132902394806605;4.132902394806605;4.41754068703365
242;8;4;3.4956402695380446;3.4956402695380446;3.2512721605252604
243;20;5;5.104333173737361;5.104333173737361;4.7955452664635505
244;33;5;3.613957846835097;3.613957846835097;3.5625184501006477
245;26;5;8.107993280523402;8.107993280523402;7.098947194483348
246;27;5;4.008746109776169;4.008746109776169;4.090820117474558
247;7;1;1.919405630395572;1.919405630395572;1.3697399229253873
248;25;3;3.459582213662305;3.459582213662305;3.3285597212545643
249;9;6;3.910619154522028;3.910619154522028;4.463985847103963
250;2;5;6.7951846686708866;6.7951846686708866;4.9362942273338595
251;22;5;3.347992406837325;3.347992406837325;3.8646079199561747
252;20;4;3.4083724671903295;3.4083724671903295;3.4904465307975547
253;24;5;3.167207583068562;3.167207583068562;3.534375608779598
254;5;4;5.175785927456659;5.175785927456659;4.44561672040836
255;22;5;3.655652597129262;3.655652597129262;3.6700268025201734
256;12;5;5.352533817463777;5.352533817463777;4.910565858375273
257;28;5;2.9527056961057623;2.9527056961057623;3.440450615881087
258;18;4;3.0348802695570254;3.0348802695570254;2.8035630180485365
259;24;5;4.262562549635701;4.262562549635701;4.413476309377577
260;9;5;4.14275749731588;4.14275749731588;3.920856701490103
261;21;4;1.444651352948244;1.444651352948244;1.788937359634526
262;34;5;2.7524179242116222;2.7524179242116222;3.1007409500701177
263;19;5;4.1073584037059865;4.1073584037059865;4.2240673856335915
264;25;6;4.571194155028441;4.571194155028441;4.87550973128642
265;12;6;4.492010716402469;4.492010716402469;4.351062390711808
266;18;4;1.2866281861519913;1.2866281861519913;1.6303651958264316
267;16;5;3.3517878716723497;3.3517878716723497;3.5385149470465866
268;15;5;3.1826504052059534;3.1826504052059534;3.267266903156747
269;19;4;1.808282792541807;1.808282792541807;2.075054666904146
270;15;6;3.93236465085711;3.93236465085711;4.081400917907929
271;18;5;5.3405885599396585;5.3405885599396585;5.4588834275178515
272;30;5;5.505006549163498;5.505006549163498;5.125066532620934
273;11;6;4.548025475882731;4.548025475882731;4.230540357973176
274;22;5;3.64889388131808;3.64889388131808;3.564481326306335
275;13;6;6.024182089538264;6.024182089538264;5.933650222380496
276;24;6;3.3549348552707503;3.3549348552707503;3.704405409370265
277;33;5;5.061869488305527;5.061869488305527;5.589331621915941
278;25;5;2.4119610577906685;2.4119610577906685;2.9271153395513196
279;11;5;2.62461897137001;2.62461897137001;2.9315421922564604
280;24;4;5.961236142830584;5.961236142830584;5.550315817058041
281;33;7;4.420631199600788;4.420631199600788;4.865912345319087
282;14;6;5.248688893310676;5.248688893310676;5.707999432447031
283;35;5;3.0728911862648665;3.0728911862648665;3.929685880045938
284;25;5;2.9506843746330236;2.9506843746330236;3.311490242749496
285;21;6;4.375952966796275;4.375952966796275;4.646458711755446
286;17;2;1.2369816388803898;1.2369816388803898;1.357933832385738
287;23;6;2.8405438654924686;2.8405438654924686;3.1888861496985346
288;24;6;2.626396959098542;2.626396959098542;2.8149516302355195
289;22;6;4.967067599036067;4.967067599036067;5.155247576176328
290;11;6;3.7364707947419626;3.7364707947419626;3.9165803170800357
291;30;6;4.37167749654848;4.37167749654848;4.723876411927299
292;37;6;6.135007746978537;6.135007746978537;5.8201029450871875
293;8;4;7.41548621350508;7.41548621350508;5.930840801614298
294;6;5;4.895685057638053;4.895685057638053;3.824782804388471
295;26;6;3.8444339880143095;3.8444339880143095;4.065323995929681
296;22;4;2.386829536978543;2.386829536978543;2.528073566808995
297;27;5;3.2235107984623377;3.2235107984623377;3.568864846322669
298;13;5;3.95498359654107;3.95498359654107;4.279064988586406
299;24;6;2.5820642429578324;2.5820642429578324;3.197382516638049
300;10;5;1.9090538484684505;1.9090538484684505;1.759710786117161
301;18;6;2.8337692132288224;2.8337692132288224;3.4704877647481753
302;15;6;3.412461844128895;3.412461844128895;3.5962669996660415
303;4;5;5.896092204070522;5.896092204070522;4.498141376130504
304;21;5;4.473140252274272;4.473140252274272;4.449902729012842
305;28;6;5.214411328750484;5.214411328750484;5.24585711604936
306;24;6;4.08968292152351;4.08968292152351;4.335676886211624
307;14;6;5.053925540008621;5.053925540008621;4.764396558652323
308;29;5;2.751752332544631;2.751752332544631;3.0586215739747695
309;38;6;3.054257764722043;3.054257764722043;3.7349319896267343
310;20;5;3.9948419739874055;3.9948419739874055;4.0197858827520045
311;21;5;3.400766191240692;3.400766191240692;3.799922737162948
312;15;5;5.1668160862083194;5.1668160862083194;5.464467116485797
313;10;5;5.8050097644303005;5.8050097644303005;5.206853840825575
314;28;6;3.5315263058996336;3.5315263058996336;3.9550142795633643
315;42;6;3.4031103193952825;3.4031103193952825;3.82223001439745
316;15;4;5.019934785050283;5.019934785050283;4.791686551351725
317;20;4;3.0211413603242914;3.0211413603242914;3.1639139808235055
318;28;6;3.211886033422691;3.211886033422691;3.5808861982642064
319;10;5;3.584149463986033;3.584149463986033;3.596832362661152
320;11;4;4.350252551825784;4.350252551825784;3.7506205364620895
321;40;6;3.679082806648229;3.679082806648229;4.06628141787656
322;14;5;5.282541074622927;5.282541074622927;4.52273728215012
323;6;6;7.214397749446502;7.214397749446502;4.976778949488754
324;27;5;3.9565749904043854;3.9565749904043854;4.324189876307142
325;20;5;4.411257006688032;4.411257006688032;4.370949196999173
326;39;6;3.7731065319244785;3.7731065319244785;4.109427798488119
327;26;5;2.736220365494446;2.736220365494446;2.942709615654218
328;10;6;6.1034036369288875;6.1034036369288875;5.761278238776222
329;26;6;6.174815166172;6.174815166172;6.0834239440734414
330;11;5;5.365967624371905;5.365967624371905;5.249418394996052
331;28;6;3.2839664592517686;3.2839664592517686;3.6900421293906196
332;6;5;2.767750637548121;2.767750637548121;2.2652832457749064
333;23;5;4.626988813224883;4.626988813224883;4.416425492484244
334;35;6;3.777234062522164;3.777234062522164;4.3567303042269225
335;23;5;3.3861186909283445;3.3861186909283445;3.6190756401934125
336;31;3;3.1440554977321105;3.1440554977321105;3.1414597002322715
337;40;5;5.008336819357229;5.008336819357229;5.301065400892974
338;25;5;4.003051667333342;4.003051667333342;4.156318400465756
339;31;5;3.1455866664485512;3.1455866664485512;3.1832939300825576
340;17;5;4.100607338650661;4.100607338650661;4.196431919336558
341;26;6;3.9544119305138734;3.9544119305138734;4.22151806594745
342;4;5;2.966139568360949;2.966139568360949;3.0386382078704948
343;28;5;4.721499427394003;4.721499427394003;4.606418353834872
344;15;6;3.757035692383407;3.757035692383407;3.5582426494779544
345;16;6;4.4370066028248445;4.4370066028248445;4.747402749228866
346;6;5;8.339886410763722;8.339886410763722;6.006913691059938
347;32;3;2.583987361525103;2.583987361525103;2.5391102958046474
348;35;6;4.474211019810563;4.474211019810563;4.771052063971671
349;4;5;2.9060610904876993;2.9060610904876993;2.851076663455092
350;18;5;3.8082149466239397;3.8082149466239397;3.9541483020096435
351;29;5;3.0472541103827;3.0472541103827;3.2878943661114968
352;12;5;3.3235374358699286;3.3235374358699286;3.2482017840054502
353;33;6;3.9943190038122562;3.9943190038122562;4.069595462135801
354;8;5;4.24413915611025;4.24413915611025;4.405178778554922
355;27;4;2.8964245626913976;2.8964245626913976;3.701743154641827
356;14;5;2.5692495994434443;2.5692495994434443;2.9507049956617
357;12;4;3.734065021652621;3.734065021652621;2.5577496248703784
358;10;5;5.678934624764291;5.678934624764291;5.663776522504221
359;13;4;3.7498055103185717;3.7498055103185717;3.771636747516861
360;18;4;2.9695269354632523;2.9695269354632523;2.929915825620099
361;21;5;4.542343156008348;4.542343156008348;4.549299769671798
362;1;5;5.776691198880259;5.776691198880259;3.842999771192685
363;16;5;3.055849633634788;3.055849633634788;3.5185224816147334
364;31;5;3.000845129155679;3.000845129155679;3.296421531129772
365;30;6;5.188520375622011;5.188520375622011;5.160314409232243
366;34;4;4.627411890160611;4.627411890160611;4.792698153859687
367;25;5;3.016104461934757;3.016104461934757;3.1195741010019566
368;14;6;4.22316823655234;4.22316823655234;4.191888447161224
369;12;6;4.908366199709029;4.908366199709029;4.860964507809602
370;21;2;1.5160879855267588;1.5160879855267588;1.8609446945538513
371;0;6;10.024745243224798;10.024745243224798;6.414676121817327
372;27;6;4.364103693720788;4.364103693720788;4.778718935939652
373;27;6;3.9469622957627624;3.9469622957627624;4.291136779061969
374;16;6;3.333779695558947;3.333779695558947;3.7242457462495504
375;20;5;3.502732484990925;3.502732484990925;3.5369407767369787
376;18;6;5.590728653550583;5.590728653550583;5.665548947662708
377;26;6;3.885408648213982;3.885408648213982;4.144448063780708
378;14;5;3.115980065393617;3.115980065393617;3.1675608035754013
379;3;6;7.840496640951266;7.840496640951266;6.132473015936492
380;44;6;5.702503788196986;5.702503788196986;5.893218537846603
381;25;5;2.5528885579548892;2.5528885579548892;2.6882238065026733
382;10;5;3.4397065286451243;3.4397065286451243;3.7072687874011816
383;42;5;3.8386822441798754;3.8386822441798754;4.300277114224304
384;29;5;3.4032068313177093;3.4032068313177093;3.932500854648168
385;9;6;4.7167995205239635;4.7167995205239635;3.6464929731051265
386;38;6;4.563645668467535;4.563645668467535;4.540761673314942
387;7;6;3.6607638884963998;3.6607638884963998;3.3740808298941283
388;27;5;5.083934971716916;5.083934971716916;4.902735568221601
389;45;6;4.3747012734929;4.3747012734929;4.740566574538021
390;19;6;3.9627772604294127;3.9627772604294127;4.478263492188957
391;18;5;2.687152865713683;2.687152865713683;3.149721704188074
392;24;2;2.861129409472478;2.861129409472478;2.731222137401837
393;15;6;6.239554317909861;6.239554317909861;5.56741304481177
394;25;5;3.6823085854383866;3.6823085854383866;3.7210312700942456
395;18;5;2.8551410115720435;2.8551410115720435;3.155819217269904
396;12;6;5.805371016753595;5.805371016753595;5.671333096140168
397;14;5;3.422384305091794;3.422384305091794;3.8844881933845095
398;24;6;3.173771733539729;3.173771733539729;3.626643119750334
399;14;5;3.6620086166030275;3.6620086166030275;3.952755784015881
400;31;5;4.88585416618258;4.88585416618258;4.823350137652417
401;13;4;4.398557868374412;4.398557868374412;4.255014508072313
402;18;5;3.5516063475527666;3.5516063475527666;3.568515284004919
403;24;5;2.7965534283372575;2.7965534283372575;2.9244368984782474
404;25;4;2.991659371236237;2.991659371236237;3.3217525176695437
405;16;5;3.1054435010210724;3.1054435010210724;3.4464546103218074
406;33;5;4.225698145368958;4.225698145368958;4.327986676706892
407;24;5;3.9261037959723635;3.9261037959723635;3.9559934771081307
408;17;5;2.89815204265616;2.89815204265616;3.090189460098212
409;16;2;1.4808752353572119;1.4808752353572119;1.444257529703048
410;13;5;6.301193400595501;6.301193400595501;5.683736727089094
411;39;5;4.488061631029736;4.488061631029736;5.071054324435891
412;29;5;3.638110634939887;3.638110634939887;3.9350839658411703
413;10;5;4.338234886916977;4.338234886916977;4.878668950803021
414;21;5;4.07951104736566;4.07951104736566;4.239462647862427
415;21;2;1.3676039774195443;1.3676039774195443;1.7330918638688875
416;34;5;2.66910229091446;2.66910229091446;2.9813923916786575
417;25;6;3.615049668660471;3.615049668660471;4.199758553671674
418;22;6;3.3266431150076174;3.3266431150076174;3.9146324910243417
419;31;6;4.015551671401986;4.015551671401986;4.513001597125831
420;13;5;4.522130618827891;4.522130618827891;4.790049915004751
421;37;6;4.994236356667949;4.994236356667949;5.317136016413809
422;16;5;5.3900763150045155;5.3900763150045155;5.163324785054276
423;26;5;3.1614769533485636;3.1614769533485636;3.3964014781520473
424;29;5;4.472756559301516;4.472756559301516;4.615404168668298
425;18;4;2.3422038307172017;2.3422038307172017;2.640690082888181
426;14;4;1.8490123541708048;1.8490123541708048;1.9264304075852245
427;17;5;2.587047292647929;2.587047292647929;2.8952293116053798
428;12;6;4.957493403679228;4.957493403679228;5.12957303922803
429;12;6;3.8432299487585926;3.8432299487585926;4.008625888688475
430;26;4;1.8301039392318736;1.8301039392318736;2.263344494684959
431;18;6;5.493839363488972;5.493839363488972;5.216114308492769
432;20;5;5.02529161591385;5.02529161591385;4.902276043440636
433;26;5;3.7937507525927168;3.7937507525927168;3.8055465546931337
434;30;6;6.717124577372776;6.717124577372776;6.256428382307403
435;17;4;1.3089107980178112;1.3089107980178112;1.6702420120903183
436;21;6;3.3311624374712667;3.3311624374712667;3.742389551521869
437;27;5;3.994928000967594;3.994928000967594;4.117985133654162
438;15;5;3.541372892426175;3.541372892426175;3.5774340959516264
439;24;5;4.24284468021021;4.24284468021021;4.511299441659313
440;12;5;3.6322536550347606;3.6322536550347606;3.9393128896694605
441;34;6;3.2817137703505352;3.2817137703505352;3.609081791678
442;40;6;4.596589384586149;4.596589384586149;4.7133219282462875
443;37;5;2.7619121110040994;2.7619121110040994;3.1038561558177826
444;19;4;9.847035714708252;9.847035714708252;6.904657153172552
445;3;5;4.584682556155605;4.584682556155605;3.2654818088145565
446;24;5;4.093586802786776;4.093586802786776;4.327393106883262
447;12;5;4.298158860158439;4.298158860158439;4.4220652547010175
448;20;6;4.497103990432995;4.497103990432995;4.634241620450002
449;16;6;12.187953996685915;12.187953996685915;10.307811786950916
450;14;5;5.089351235897425;5.089351235897425;4.646945821594954
451;25;4;2.9328795226127555;2.9328795226127555;3.477053100622729
452;11;5;6.123057783146872;6.123057783146872;5.197889573696349
453;4;4;7.237249539020948;7.237249539020948;3.8562068461863497
454;27;6;7.496746286639414;7.496746286639414;7.229617762351465
455;12;5;5.079809954810268;5.079809954810268;5.148461729208044
456;4;4;5.688772557977464;5.688772557977464;5.010585739779412
457;34;6;4.006701326586299;4.006701326586299;4.389094148452517
458;20;4;5.223903418553164;5.223903418553164;4.931854881507685
459;1;5;8.577327964172284;8.577327964172284;5.593038988048901
460;7;5;7.2145337874156645;7.2145337874156645;5.271944453107829
461;18;7;3.31034714501882;3.31034714501882;3.7104734465968954
462;15;6;4.109329879740036;4.109329879740036;4.338131068853966
463;26;5;4.627008072615866;4.627008072615866;4.676213938024443
464;15;5;3.9106739084252027;3.9106739084252027;4.013376416367949
465;13;5;3.7426011565803123;3.7426011565803123;3.8026296761150524
466;5;5;5.75660860819562;5.75660860819562;4.533870686317672
467;33;6;3.7670900274409442;3.7670900274409442;3.991560459931052
468;32;3;2.295319795363676;2.295319795363676;2.620263087358018
469;21;5;5.4649991928610255;5.4649991928610255;5.3241868541245125
470;21;5;2.726952674182667;2.726952674182667;2.950754683923694
471;20;5;3.484599269252147;3.484599269252147;3.748946874339333
472;18;5;3.3120113453683473;3.3120113453683473;3.4286337497817234
473;26;5;4.405269097074304;4.405269097074304;4.58796695316083
474;34;5;3.927772204321962;3.927772204321962;4.283314677893832
475;13;4;4.174511544238809;4.174511544238809;4.786744026140176
476;23;5;6.208839441409127;6.208839441409127;5.939280301898262
477;24;5;4.994608599111704;4.994608599111704;5.470357670911696
478;15;5;4.123527160161419;4.123527160161419;4.385811332376602
479;13;6;3.3844408338517336;3.3844408338517336;3.7738855821602977
480;26;5;2.2641973984909836;2.2641973984909836;2.6034431801855997
481;21;5;6.184056673443197;6.184056673443197;5.562956863893833
482;28;6;3.034411028760779;3.034411028760779;3.339131568331202
483;7;5;6.4003755376637566;6.4003755376637566;5.853865277750013
484;16;4;1.3246838389101738;1.3246838389101738;1.5824886535550127
485;21;4;4.9223475790835804;4.9223475790835804;4.6763664409679375
486;19;2;1.5290212358410913;1.5290212358410913;1.8063151471554906
487;17;5;4.54582720720992;4.54582720720992;4.483272454196335
488;24;5;4.184911704374012;4.184911704374012;4.161727490128783
489;7;5;3.760391942963113;3.760391942963113;3.847599283499448
490;34;6;4.260434438446302;4.260434438446302;4.891702413163688
491;17;5;5.576814011629158;5.576814011629158;5.283528048312175
492;28;5;4.170025434902591;4.170025434902591;4.530115828980558
493;17;6;4.459284004059945;4.459284004059945;4.444007977353241
494;13;5;1.5689924460578295;1.5689924460578295;1.859376893823633
495;14;4;3.955681388887312;3.955681388887312;3.9442892301370547
496;33;5;2.4104904373634284;2.4104904373634284;2.7452580513000053
497;23;6;5.844558108318414;5.844558108318414;5.736648000505818
498;5;5;5.015148198169815;5.015148198169815;4.201251578605151
499;26;5;4.6851847398240745;4.6851847398240745;4.7858349272775484
500;11;6;5.488699269480432;5.488699269480432;5.411312937098883
501;27;5;3.147896354529711;3.147896354529711;3.440079035713725
502;4;5;2.845112770289835;2.845112770289835;2.736873664652835
503;16;6;5.14916175321501;5.14916175321501;4.934873771039014
504;24;6;4.76565666360046;4.76565666360046;4.807820016286489
505;16;6;4.164359245724172;4.164359245724172;4.398994077081043
506;8;5;4.711571909245119;4.711571909245119;4.321674144046849
507;28;5;4.121560272162083;4.121560272162083;4.43856528344222
508;16;5;5.370122475194521;5.370122475194521;5.002535890222121
509;19;6;2.961380375093198;2.961380375093198;3.063484866750338
510;15;5;3.941011012725933;3.941011012725933;4.151923250796133
511;9;5;4.043854016410567;4.043854016410567;3.5897190868522557
512;10;5;6.064466227501761;6.064466227501761;5.19066425181927
513;26;5;2.7979639314965854;2.7979639314965854;3.149379486567317
514;24;6;2.5409176327170195;2.5409176327170195;2.906160873405264
515;16;5;4.308607044399174;4.308607044399174;4.595459643108414
516;15;5;4.362820340138319;4.362820340138319;4.591414770977169
517;22;5;4.273945570984958;4.273945570984958;4.373079829405295
518;15;6;5.201855596099972;5.201855596099972;4.720472369476043
519;15;4;4.415235803406424;4.415235803406424;3.706207108303386
520;12;5;5.688866496952633;5.688866496952633;5.031386602787458
521;36;6;5.041663611331573;5.041663611331573;5.2201788802746325
522;21;3;2.5688501985955825;2.5688501985955825;2.750222357402445
523;24;5;3.6735940877625852;3.6735940877625852;3.904406796896324
524;19;5;3.4063007981614097;3.4063007981614097;3.479559706409559
525;24;6;3.6903226920327667;3.6903226920327667;3.6997567836634815
526;24;6;3.8252687813863098;3.8252687813863098;4.072994602920176
527;21;5;2.9876968236818144;2.9876968236818144;3.324656834578493
528;39;6;3.963917637982201;3.963917637982201;4.208562425737035
529;26;5;3.0378915980111776;3.0378915980111776;3.297366564159867
530;23;6;2.653652895890575;2.653652895890575;2.9513242149688126
531;10;4;3.8251445256945176;3.8251445256945176;3.8254420758473797
532;10;6;4.751135271447794;4.751135271447794;4.704724296757078
533;23;4;1.7046838863834977;1.7046838863834977;2.251766563338979
534;20;6;3.7225495735763334;3.7225495735763334;3.805127466063678
535;23;3;1.6093099683984837;1.6093099683984837;1.883038810252757
536;19;6;4.407164214578205;4.407164214578205;4.569358182396939
537;5;5;8.098049517691189;8.098049517691189;5.110483365665967
538;27;5;2.715633316132228;2.715633316132228;3.057129425267593
539;13;5;5.556136236265625;5.556136236265625;6.056615757891917
540;18;5;3.9867118094415637;3.9867118094415637;3.749517074035184
541;37;5;2.8244214012598485;2.8244214012598485;3.017539536435657
542;11;4;4.656958958284421;4.656958958284421;4.531000342574295
543;15;5;6.441090386505252;6.441090386505252;6.034633015066932
544;30;6;4.63473794234329;4.63473794234329;4.939156026131573
545;16;5;3.4935026864743137;3.4935026864743137;3.4864966723720805
546;11;5;3.8152555527707688;3.8152555527707688;3.9256366401332388
547;31;6;4.243140675496665;4.243140675496665;4.555913888741608
548;4;5;6.109215830821372;6.109215830821372;5.050995144588271
549;6;5;3.929072468991006;3.929072468991006;4.035441126842394
550;30;5;3.7302791561512594;3.7302791561512594;3.9912876106826394
551;20;6;4.620369175959546;4.620369175959546;4.660299056970707
552;13;5;4.141705620185449;4.141705620185449;3.9989879074903127
553;35;6;3.9219709487952894;3.9219709487952894;4.272061418769124
554;13;6;3.4407562778200265;3.4407562778200265;3.668812088983145
555;26;5;4.589604863489334;4.589604863489334;4.686156287322071
556;20;5;3.10085397413576;3.10085397413576;3.5690294622280025
557;25;5;2.393608953613178;2.393608953613178;2.8324868184042504
558;14;6;4.711974147155064;4.711974147155064;4.45600169002572
559;25;5;3.7683485988993892;3.7683485988993892;3.9962503863311456
560;29;5;3.9956590062975788;3.9956590062975788;4.141423663913032
561;11;4;2.483970923294477;2.483970923294477;2.7054804422558396
562;27;6;4.103375395157673;4.103375395157673;4.587444398162093
563;29;5;4.45169466160649;4.45169466160649;4.530936303360981
564;21;5;4.533528669489438;4.533528669489438;4.65496218221355
565;19;6;2.4011136506698714;2.4011136506698714;2.8048768974922775
566;6;5;16.24701598655834;16.24701598655834;10.127053271408096
567;9;6;5.998946111879124;5.998946111879124;5.468086387470769
568;35;6;4.734554759974504;4.734554759974504;5.380504069862106
569;41;6;4.4688974057983595;4.4688974057983595;4.844351975759359
570;21;5;3.6826499966777484;3.6826499966777484;3.6446147849978754
571;7;4;3.271332220866323;3.271332220866323;3.2389336036624177
572;11;5;4.889021259910653;4.889021259910653;4.235878830488554
573;19;5;3.931046521535217;3.931046521535217;4.2553136796310955
574;23;5;3.103725304748788;3.103725304748788;3.4717190641109776
575;2;6;5.641427815433936;5.641427815433936;4.478309315322807
576;8;6;5.467719711661907;5.467719711661907;5.17981508174014
577;12;5;4.414896708611175;4.414896708611175;4.2848407786359965
578;23;5;4.201621745819417;4.201621745819417;4.31744932456659
579;0;4;11.267558697916307;11.267558697916307;4.2850728361843355
580;15;5;2.4710532735742117;2.4710532735742117;2.827505905698028
581;26;6;3.088633732893419;3.088633732893419;3.573492047047815
582;17;5;5.61441715761113;5.61441715761113;5.033122587211774
583;22;5;4.737021036208448;4.737021036208448;4.865383563406171
584;12;1;1.7532135363292691;1.7532135363292691;1.516318180133746
585;30;5;4.5133992208323575;4.5133992208323575;4.429554345029927
586;25;5;3.9687909694704016;3.9687909694704016;4.062315126027403
587;32;5;3.2945206956386515;3.2945206956386515;3.3754644119836374
588;15;5;4.758223617382491;4.758223617382491;4.727677442350286
589;12;5;2.2587565361617963;2.2587565361617963;2.183322874119062
590;12;6;3.9535590404177476;3.9535590404177476;4.0946138049559915
591;17;6;3.3332395441452105;3.3332395441452105;3.702680958306474
592;33;5;3.643851130208892;3.643851130208892;4.173044021645381
593;12;5;4.739910397133758;4.739910397133758;4.533252689684745
594;22;6;3.4637921372994445;3.4637921372994445;3.5438068846733657
595;9;5;4.0661440314094275;4.0661440314094275;3.8379699058718804
596;13;6;5.0489788689597646;5.0489788689597646;4.426899677757507
597;5;4;13.394135551797186;13.394135551797186;8.35785601980236
598;33;4;2.6874715863634644;2.6874715863634644;3.0055639188309726
599;5;5;4.180240059598617;4.180240059598617;3.906568909197738
600;8;5;4.482117934682398;4.482117934682398;4.808320772515645
601;26;4;1.8501300294450957;1.8501300294450957;2.2951443619925684
602;28;5;4.595654893372183;4.595654893372183;4.4841805350445565
603;27;6;4.12752743775675;4.12752743775675;4.316612295274447
604;5;4;3.098212128710139;3.098212128710139;2.6070278276525327
605;15;5;3.4540718562901693;3.4540718562901693;3.39048275030553
606;21;4;2.9735625486416373;2.9735625486416373;3.197267522065894
607;28;6;5.599075896139847;5.599075896139847;5.394551818514184
608;28;5;2.9395114126169877;2.9395114126169877;3.2413768695367784
609;19;5;3.3516487297825175;3.3516487297825175;3.786502814627869
610;21;6;4.516190038181427;4.516190038181427;5.178181128108551
611;17;5;3.3258259657138707;3.3258259657138707;3.6105420956892864
612;23;5;2.6251545065964583;2.6251545065964583;2.8302665036410914
613;23;5;6.5148068730090705;6.5148068730090705;6.4400035350202725
614;19;5;5.8212718356023005;5.8212718356023005;6.057278811947434
615;28;5;2.726938247188142;2.726938247188142;2.960586166192841
616;15;5;3.1202684126611158;3.1202684126611158;3.373836065928225
617;13;5;6.064247592976939;6.064247592976939;5.044963127663522
618;20;5;3.2053344503677312;3.2053344503677312;3.407659577956946
619;34;3;2.168773131312494;2.168773131312494;2.0996741657228033
620;22;6;4.1358217512323305;4.1358217512323305;4.2056483713387465
621;24;5;4.099255674942969;4.099255674942969;3.9851666086033273
622;20;5;3.72938523257128;3.72938523257128;3.849709602786891
623;17;5;4.058746572861157;4.058746572861157;4.244760902755637
624;26;5;3.193858591570266;3.193858591570266;3.4052785163881305
625;16;6;4.950489138561301;4.950489138561301;5.017994823696922
626;16;4;4.25445375144794;4.25445375144794;4.270576599098363
627;22;5;3.2408820519230788;3.2408820519230788;3.5421676245214133
628;29;5;3.211171447600945;3.211171447600945;3.6615529061015955
629;34;5;2.995051691805767;2.995051691805767;3.444343569394019
630;31;6;3.8968774557037555;3.8968774557037555;4.198650034613732
631;20;6;4.390185234251156;4.390185234251156;4.699666428016478
632;24;5;2.6397403514736872;2.6397403514736872;3.1212326027288064
633;21;5;3.6076906263645037;3.6076906263645037;3.821147822292014
634;26;5;3.5832146641163543;3.5832146641163543;4.165310165467018
635;26;5;4.249577204641376;4.249577204641376;4.287639851980408
636;29;5;4.0285010381493;4.0285010381493;4.133720942559207
637;33;6;5.897325165024426;5.897325165024426;5.774581391516333
638;24;5;6.032165779740337;6.032165779740337;5.826220385837835
639;18;6;2.507168073205467;2.507168073205467;2.8943652375621616
640;12;6;6.0014446222272735;6.0014446222272735;5.8954424300116015
641;28;4;3.640683778503541;3.640683778503541;3.9086824493452417
642;31;5;4.583889486770256;4.583889486770256;4.491798022743996
643;22;4;1.7135293603632995;1.7135293603632995;2.2371365056186243
644;21;5;4.6174511503687246;4.6174511503687246;4.75116588151681
645;23;2;1.6714286544398782;1.6714286544398782;1.6811996697508003
646;19;5;4.604474374676248;4.604474374676248;4.597948257597926
647;11;5;6.058138289716196;6.058138289716196;5.3253757288158345
648;31;6;5.207089643628676;5.207089643628676;5.30946767686814
649;27;6;2.3975979166361268;2.3975979166361268;2.7470238856503544
650;21;5;4.132629458332739;4.132629458332739;4.251302298000765
651;31;6;4.558512955898613;4.558512955898613;4.714117022565895
652;20;5;3.504403919205621;3.504403919205621;3.928119784503609
653;16;6;3.484050831092524;3.484050831092524;3.435535240495627
654;26;5;3.7949480312252817;3.7949480312252817;3.928796573117601
655;17;2;1.32452536507203;1.32452536507203;1.4505724571372658
656;23;5;5.622017675573545;5.622017675573545;5.16400791574867
657;24;6;6.078975898048833;6.078975898048833;5.638995678094141
658;6;5;4.854825895095435;4.854825895095435;4.031946799430151
659;19;6;4.03153791926505;4.03153791926505;4.2938780283600275
660;24;4;2.7986248495421115;2.7986248495421115;3.571819201550492
661;9;5;3.472554575168116;3.472554575168116;3.541976983408548
662;10;5;4.263668358728796;4.263668358728796;4.322203970907767
663;24;6;4.8058927833032605;4.8058927833032605;4.977726939078671
664;10;5;6.619719286479242;6.619719286479242;6.302175836243206
665;20;5;3.4023332659519894;3.4023332659519894;3.72952316975923
666;13;5;3.5430402203580433;3.5430402203580433;3.6886041362766706
667;22;5;6.072013340447887;6.072013340447887;5.6743637871130295
668;12;5;4.365033998189547;4.365033998189547;4.965554852264764
669;16;5;4.921771362598613;4.921771362598613;4.92452814706779
670;23;5;3.070779285392057;3.070779285392057;3.4689086453462257
671;22;4;5.466124794981588;5.466124794981588;5.025924952207706
672;0;6;8.466532250924699;8.466532250924699;5.2667828483277495
673;10;5;4.4949587764789785;4.4949587764789785;4.201998056810694
674;6;6;4.470125962407372;4.470125962407372;3.5243235679447387
675;15;5;2.8995628994566487;2.8995628994566487;3.1013606605198936
676;23;5;2.788866442463389;2.788866442463389;3.2729827386517774
677;19;5;3.62124676471713;3.62124676471713;3.853990944948865
678;8;5;4.348324462494392;4.348324462494392;4.230959459286272
679;8;4;3.5321300652121885;3.5321300652121885;3.855109182408705
680;9;6;5.813766270176994;5.813766270176994;4.4293232942935195
681;20;5;4.443470015179583;4.443470015179583;4.269734121132729
682;17;6;4.13456730248438;4.13456730248438;4.361174742207704
683;32;5;3.395038968818627;3.395038968818627;3.7047165756603606
684;1;5;6.073113720523714;6.073113720523714;4.218001687183279
685;30;6;2.4971387641270875;2.4971387641270875;3.046174786047777
686;14;4;3.5661928603403683;3.5661928603403683;3.750760960770919
687;7;5;4.518072897194539;4.518072897194539;3.7485830375672355
688;24;5;3.360100097921389;3.360100097921389;3.41782150526677
689;11;5;6.066796432850702;6.066796432850702;5.870825650302892
690;29;5;3.8174631969849506;3.8174631969849506;4.008213985862078
691;3;4;5.304790853209729;5.304790853209729;4.130164119716291
692;26;6;3.521175380259928;3.521175380259928;3.8027651728648606
693;11;6;9.792443197091762;9.792443197091762;8.395921581791093
694;25;5;2.6988301571476563;2.6988301571476563;3.0048022574682274
695;19;2;1.583488600866008;1.583488600866008;1.8515395295287331
696;18;6;3.799657320683955;3.799657320683955;4.047602350290374
697;29;4;1.9092222093022517;1.9092222093022517;2.3945823893659464
698;9;5;5.598996309676054;5.598996309676054;6.081888983750001
699;8;4;4.833410028738118;4.833410028738118;4.497187815603759
700;37;6;2.726464762356856;2.726464762356856;3.207830481844029
701;20;7;3.80610445899104;3.80610445899104;4.146372936677282
702;19;5;5.105123571065201;5.105123571065201;5.112846716656556
703;20;4;1.7984086949599538;1.7984086949599538;1.9926659975208245
704;28;5;3.7045964280383386;3.7045964280383386;4.043096573971039
705;18;5;3.9433166393904724;3.9433166393904724;3.7970622075324605
706;18;3;2.542675133327981;2.542675133327981;2.621560881741511
707;18;4;2.9901850294229186;2.9901850294229186;2.949017516973397
708;40;5;3.043441060404261;3.043441060404261;3.125902088242136
709;11;6;3.8471942855136914;3.8471942855136914;4.042299448718871
710;23;3;2.374097705225912;2.374097705225912;2.3868288784856952
711;4;6;9.227515449891445;9.227515449891445;6.130578736892403
712;12;5;7.440881086814921;7.440881086814921;6.456572458391184
713;22;5;2.409218413164302;2.409218413164302;2.6920177590150347
714;37;5;2.9220626963382963;2.9220626963382963;3.196122039233263
715;24;3;2.734816172735841;2.734816172735841;2.5822817122718007
716;21;5;4.216874033462857;4.216874033462857;4.319197163874937
717;11;4;8.743962508156386;8.743962508156386;7.554348222738296
718;20;6;5.158830134360312;5.158830134360312;4.953720148269085
719;17;6;3.8294473782258476;3.8294473782258476;3.941120172528445
720;20;5;5.891774133498237;5.891774133498237;5.747880444125231
721;31;6;3.801686818994837;3.801686818994837;3.987331826019835
722;33;6;4.162644024808207;4.162644024808207;4.6730624638617915
723;17;6;4.840664894002834;4.840664894002834;4.878217932766492
724;18;6;3.923644961124284;3.923644961124284;4.267165893235548
725;26;6;6.043108645195873;6.043108645195873;6.10737465735104
726;34;6;3.1344487887567487;3.1344487887567487;3.5856303785901087
727;18;5;5.316637939203895;5.316637939203895;5.168157028308854
728;11;5;6.7788299106103596;6.7788299106103596;5.025848695186021
729;18;5;2.9786606108953926;2.9786606108953926;3.091902666489805
730;19;5;4.72999023537441;4.72999023537441;4.674858039093976
731;19;4;4.881346698727721;4.881346698727721;4.7253349230247235
732;10;5;5.052251556938357;5.052251556938357;4.624140436923741
733;23;6;3.6937364777496224;3.6937364777496224;4.037975463837529
734;19;5;3.0181959601795847;3.0181959601795847;3.5294504844841863
735;23;5;3.953068700815828;3.953068700815828;3.893971445421591
736;15;6;5.358478025290759;5.358478025290759;4.932778402621944
737;15;5;4.283839375822241;4.283839375822241;4.405174929709021
738;11;5;3.627166198976481;3.627166198976481;3.9537973679784106
739;20;5;5.817037974693806;5.817037974693806;5.689859945767539
740;14;5;8.159820646420737;8.159820646420737;7.709079616232408
741;15;5;3.9849267772314034;3.9849267772314034;4.093672015664321
742;27;5;3.91952091143694;3.91952091143694;4.229189907022122
743;17;5;4.572697078260567;4.572697078260567;4.437490107119644
744;23;5;4.094736570409845;4.094736570409845;4.420580135641916
745;7;5;6.516061343119435;6.516061343119435;6.270172175568293
746;13;5;2.655746548867208;2.655746548867208;3.043870952743386
747;14;6;5.220808802258909;5.220808802258909;5.458856233049109
748;12;5;2.493999982156356;2.493999982156356;2.7352070031209146
749;16;5;4.590711213771006;4.590711213771006;4.554023228556961
750;22;4;3.302345255222422;3.302345255222422;3.8747158417105068
751;20;6;3.899823331175019;3.899823331175019;4.341470188257045
752;30;6;2.310132196257618;2.310132196257618;2.78268363412552
753;17;2;1.2735949270368898;1.2735949270368898;1.5055132845566663
754;26;5;3.331229358690893;3.331229358690893;3.7038516807334894
755;19;6;5.182744940426983;5.182744940426983;5.365984991766809
756;18;5;3.783796808681826;3.783796808681826;3.9716427556804685
757;19;5;4.467706895866789;4.467706895866789;4.559356196208523
758;22;4;3.556645950593084;3.556645950593084;3.839057031082371
759;11;5;4.029736689261065;4.029736689261065;3.76568213499929
760;9;5;4.2454614982758825;4.2454614982758825;3.4772403658594215
761;22;5;4.151099796196114;4.151099796196114;4.362429256661239
762;22;5;3.6780299042328717;3.6780299042328717;4.264706576341345
763;5;5;4.518619835268236;4.518619835268236;3.9738549205845914
764;24;5;3.579540986557198;3.579540986557198;3.7793239508669547
765;37;6;3.6705767883472586;3.6705767883472586;4.166326941939103
766;12;4;4.990739316297017;4.990739316297017;4.341838821663488
767;31;5;3.872441384339327;3.872441384339327;4.327786816346482
