Skewness: 0.5402446168840289, Average LID: LPCA: 6.706723891273247  |||  MLE: 3.9706266209973102  |||  MLENB: 3.9706266209973102  |||  TLE: nan
LPCA: -0.3170644015371575  |||  MLE: -0.5487119304901698  |||  MLENB: -0.5487119304901698  |||  TLE: nan
node;in_degree;local_intrinsic_dimensionality_LPCA;local_intrinsic_dimensionality_MLE;local_intrinsic_dimensionality_MLENB;local_intrinsic_dimensionality_TLE
0;89;8;0.0;0.0;2.514617984265396
1;89;9;4.622456814605708;4.622456814605708;4.847708710039058
2;104;7;5.15146250930543;5.15146250930543;4.692400348701697
3;59;8;5.617542192231851;5.617542192231851;5.453924138964
4;45;6;0.0;0.0;5.260419180506652
5;101;9;3.7317848764061416;3.7317848764061416;4.026656881390245
6;12;6;6.200281473230702;6.200281473230702;3.427709071234053
7;57;5;5.054483122589308;5.054483122589308;4.623870952102312
8;4;4;24.806761781168568;24.806761781168568;5.4508963386845695
9;119;6;4.049690071669767;4.049690071669767;3.880731453856742
10;50;5;0.0;0.0;2.861300811405875
11;131;3;0.0;0.0;2.9540666163441824
12;72;8;7.560267288760607;7.560267288760607;5.35486936724489
13;38;5;6.595507275311906;6.595507275311906;4.1635966104249365
14;122;9;6.197657805676067;6.197657805676067;6.0329705382632595
15;58;9;7.6223735094024745;7.6223735094024745;5.034266115579335
16;197;5;0.0;0.0;3.07318235452067
17;114;5;0.0;0.0;4.67648313465727
18;91;9;4.1200733490556996;4.1200733490556996;4.332355728706393
19;68;7;0.0;0.0;2.9805058178221953
20;49;9;4.307136497941906;4.307136497941906;4.290626364403043
21;89;9;4.819758877973974;4.819758877973974;4.882905912734018
22;133;4;0.0;0.0;nan
23;61;5;6.816038891468547;6.816038891468547;4.9824198346649435
24;98;5;0.0;0.0;2.775698762431204
25;80;7;7.0132159303355;7.0132159303355;6.273459777548071
26;30;6;9.853350800107261;9.853350800107261;7.943485757056693
27;141;6;0.0;0.0;nan
28;206;3;0.0;0.0;2.9540666163441824
29;23;5;0.0;0.0;5.30093274769626
30;70;4;0.0;0.0;2.981171544026707
31;93;4;0.0;0.0;3.7119415624244754
32;109;9;7.717053786166131;7.717053786166131;7.159585641602695
33;85;4;0.0;0.0;4.563972432218915
34;115;5;0.0;0.0;nan
35;218;3;0.0;0.0;2.9540666163441824
36;46;9;4.273844646187418;4.273844646187418;4.266563226933228
37;10;8;9.525149946132302;9.525149946132302;3.3240291167378127
38;80;9;4.8534766432326055;4.8534766432326055;4.970516761583431
39;64;8;5.809228479611861;5.809228479611861;5.581068889662833
40;105;9;5.901567445039015;5.901567445039015;5.894108754142135
41;50;6;6.955661649575936;6.955661649575936;5.360436575906365
42;53;9;0.0;0.0;4.668222198305102
43;15;8;9.87367683034253;9.87367683034253;6.370281057147212
44;42;9;4.126010268537887;4.126010268537887;4.030230576369493
45;109;3;10.854562688593152;10.854562688593152;9.097013547793496
46;119;8;5.637704237485888;5.637704237485888;5.652543089884209
47;151;3;0.0;0.0;nan
48;43;6;0.0;0.0;5.260419180506652
49;120;9;4.680740216325687;4.680740216325687;4.75263036993152
50;21;8;8.022803956436823;8.022803956436823;4.4564607560231
51;91;8;8.084706945104532;8.084706945104532;6.063306274769402
52;56;9;5.809084531766485;5.809084531766485;5.52717382879092
53;47;9;8.135106380656113;8.135106380656113;6.961584921236217
54;81;9;5.665670802260836;5.665670802260836;5.359749505074112
55;117;9;6.315415693293084;6.315415693293084;6.1743537574487295
56;53;9;5.006333283581704;5.006333283581704;4.664975044118626
57;36;9;8.889008902345692;8.889008902345692;4.212534622083801
58;44;7;5.220514944321928;5.220514944321928;5.02401252237334
59;38;9;6.727957433259736;6.727957433259736;4.037677384585048
60;52;8;5.523635211100549;5.523635211100549;5.36130265153245
61;134;4;9.910687672193747;9.910687672193747;nan
62;28;9;0.0;0.0;5.140779880827108
63;37;7;5.869931515091426;5.869931515091426;4.665695340459936
64;164;3;0.0;0.0;nan
65;9;8;14.567332025377464;14.567332025377464;5.449840304147887
66;106;5;0.0;0.0;4.67648313465727
67;48;9;5.679159345966569;5.679159345966569;5.000096381474765
68;36;9;6.895791665889422;6.895791665889422;5.669039188470253
69;50;7;3.808450651609588;3.808450651609588;3.7576727135488484
70;63;6;0.0;0.0;3.5364608345365087
71;14;9;8.365622897056802;8.365622897056802;6.212062341853322
72;11;8;10.077500751942505;10.077500751942505;3.3801208984127835
73;79;9;5.09091228307003;5.09091228307003;4.929860640982804
74;50;8;6.50080483724119;6.50080483724119;5.059513140440231
75;21;8;6.955699482359388;6.955699482359388;3.9830794083169017
76;16;6;6.074872671529872;6.074872671529872;4.566721287029487
77;53;8;7.49450047109106;7.49450047109106;5.173529930286593
78;40;7;6.509440992477023;6.509440992477023;4.956865016571921
79;48;3;0.0;0.0;3.849143002986991
80;7;6;10.758893383880412;10.758893383880412;3.8167591199395705
81;133;5;0.0;0.0;3.755804288945815
82;94;8;2.942692465034847;2.942692465034847;2.895932091347388
83;10;4;14.127781788686596;14.127781788686596;4.927576302354092
84;57;9;5.4279739506326505;5.4279739506326505;4.929637075905861
85;17;9;7.925356770661526;7.925356770661526;6.118965249097516
86;100;8;4.723551503465802;4.723551503465802;4.834391133932951
87;135;9;4.675378744864862;4.675378744864862;4.893877496217046
88;115;5;0.0;0.0;4.67648313465727
89;39;4;20.06671269863871;20.06671269863871;13.46094665081869
90;100;5;0.0;0.0;2.775698762431204
91;65;6;0.0;0.0;4.08127402301987
92;111;5;0.0;0.0;4.67648313465727
93;162;3;0.0;0.0;nan
94;94;4;0.0;0.0;3.7119415624244754
95;100;5;0.0;0.0;2.775698762431204
96;86;4;4.452720064546817;4.452720064546817;4.140754413019277
97;101;8;0.0;0.0;2.514617984265396
98;23;9;8.046853097443927;8.046853097443927;6.6552989686198725
99;113;9;4.628083309073221;4.628083309073221;4.67374869735218
100;23;9;7.036882289095198;7.036882289095198;5.742132197789672
101;45;8;8.380519778435845;8.380519778435845;5.3091018487416575
102;102;5;4.849600145843809;4.849600145843809;4.58393960981412
103;28;7;9.461801879655004;9.461801879655004;3.793547285235596
104;28;9;5.394831857657293;5.394831857657293;4.5769608830048405
105;18;8;12.769731484856983;12.769731484856983;6.001945134338489
106;34;9;5.329742975774501;5.329742975774501;4.582052340110995
107;54;9;4.639354615812363;4.639354615812363;4.379061450567102
108;15;5;20.631937104478904;20.631937104478904;9.34746024919697
109;144;9;4.836527563738912;4.836527563738912;5.123383282659742
110;19;8;10.213767608912267;10.213767608912267;4.024838475796208
111;88;9;3.6809628203165383;3.6809628203165383;3.9626544758595497
112;41;9;3.580428850888083;3.580428850888083;3.5775108052642977
113;28;9;4.617621473054437;4.617621473054437;4.452198971648102
114;52;8;11.363802425602696;11.363802425602696;7.219083329300852
115;27;6;0.0;0.0;4.25135258816761
116;39;8;8.213652807833677;8.213652807833677;4.164778072654346
117;49;9;6.120624667261059;6.120624667261059;5.246732666433351
118;19;5;12.27408879483739;12.27408879483739;5.662674267140636
119;60;8;6.483551301565873;6.483551301565873;5.118137372976799
120;63;6;4.483008904466803;4.483008904466803;3.5750029000395918
121;81;8;7.50899021370105;7.50899021370105;5.749860573417339
122;34;9;4.906389817387607;4.906389817387607;4.840430639756603
123;62;9;4.573171418615202;4.573171418615202;4.584079446150729
124;84;9;5.660195778127295;5.660195778127295;5.316658198087975
125;174;3;0.0;0.0;nan
126;112;9;5.7614795971980515;5.7614795971980515;5.653921631001843
127;102;7;0.0;0.0;3.951428707041678
128;85;9;4.6328354443938515;4.6328354443938515;4.600342464761103
129;3;6;30.040878379525825;30.040878379525825;4.672712301625086
130;64;6;0.0;0.0;3.5364608345365087
131;97;4;0.0;0.0;3.7119415624244754
132;83;9;5.429174244724027;5.429174244724027;5.206081124296184
133;87;5;3.2465347024788556;3.2465347024788556;3.2267726188620873
134;85;5;0.0;0.0;3.4936541757729516
135;53;8;6.189087546753939;6.189087546753939;3.921322278399604
136;198;5;0.0;0.0;3.07318235452067
137;97;6;0.0;0.0;3.5528066096177056
138;142;4;0.0;0.0;nan
139;27;5;0.0;0.0;5.29026111019479
140;97;6;0.0;0.0;3.5528066096177056
141;102;3;0.0;0.0;3.356358492551623
142;143;9;5.498984628479503;5.498984628479503;5.4695013241941055
143;27;6;0.0;0.0;4.25135258816761
144;216;3;0.0;0.0;2.9540666163441824
145;29;7;7.092146595212089;7.092146595212089;5.230859017590618
146;61;7;5.778955414530408;5.778955414530408;5.381922119421168
147;35;4;14.062894973434625;14.062894973434625;nan
148;14;6;10.397644799256692;10.397644799256692;4.799926406981968
149;73;9;6.976835654374032;6.976835654374032;6.344528052782529
150;62;5;0.0;0.0;2.861300811405875
151;78;9;4.490930104148755;4.490930104148755;4.538054958482018
152;88;9;4.303273086871081;4.303273086871081;4.475760366386586
153;29;7;9.740233096659502;9.740233096659502;6.0188080956919
154;107;5;0.0;0.0;2.597615343814307
155;86;8;4.047498242189701;4.047498242189701;4.303830807923624
156;32;5;10.108966245178618;10.108966245178618;7.494295309897186
157;96;4;0.0;0.0;3.7119415624244754
158;26;6;8.590131520994905;8.590131520994905;5.814218587755026
159;77;9;6.110338676333109;6.110338676333109;5.6494025039024205
160;170;9;5.103772702249555;5.103772702249555;5.404030399922546
161;78;6;0.0;0.0;5.203029473794508
162;108;7;0.0;0.0;3.951428707041678
163;4;6;25.848030773778344;25.848030773778344;5.802666330137657
164;49;7;7.174944232744236;7.174944232744236;4.221817504895915
165;87;6;6.667721664620504;6.667721664620504;5.332760824011043
166;92;9;5.258892874256673;5.258892874256673;5.189851722647715
167;8;9;8.485957931350606;8.485957931350606;6.120592106387477
168;108;7;0.0;0.0;3.951428707041678
169;50;5;3.8834825920975935;3.8834825920975935;3.1433322977396405
170;106;6;0.0;0.0;3.5528066096177056
171;106;5;0.0;0.0;2.775698762431204
172;177;3;0.0;0.0;nan
173;49;9;3.544117029724165;3.544117029724165;3.6372302834271752
174;101;9;3.3202602767513247;3.3202602767513247;3.772846534481196
175;102;9;5.867018409634628;5.867018409634628;5.64074464436954
176;115;4;0.0;0.0;3.7119415624244754
177;43;9;4.98160345973703;4.98160345973703;4.701929339918065
178;135;5;0.0;0.0;4.67648313465727
179;61;7;4.9433040279367075;4.9433040279367075;5.041221804430633
180;62;5;0.0;0.0;2.861300811405875
181;121;5;0.0;0.0;2.597615343814307
182;69;7;0.0;0.0;2.9805058178221953
183;140;9;3.5062556183456475;3.5062556183456475;3.9064863390914377
184;104;9;3.2791244963483765;3.2791244963483765;3.7020827710452853
185;80;4;3.894356965686822;3.894356965686822;3.704355428432879
186;60;9;4.5414724818402545;4.5414724818402545;4.325536587766482
187;37;9;6.771681347479439;6.771681347479439;5.646690917425596
188;83;9;5.085757723830175;5.085757723830175;4.919477028176517
189;27;6;9.503377189931724;9.503377189931724;6.311399467312235
190;96;9;3.934534736552099;3.934534736552099;4.1477089273321
191;53;9;5.345041496430388;5.345041496430388;4.688288154147354
192;140;6;0.0;0.0;nan
193;100;5;0.0;0.0;2.775698762431204
194;119;7;0.0;0.0;3.951428707041678
195;100;5;0.0;0.0;4.67648313465727
196;147;9;5.385032602788748;5.385032602788748;5.635623276313368
197;32;6;7.046407957642091;7.046407957642091;4.759092331228659
198;111;5;0.0;0.0;2.597615343814307
199;170;4;0.0;0.0;nan
200;187;9;4.148003190596622;4.148003190596622;4.6057951446063745
201;44;9;5.01350189334771;5.01350189334771;5.005573772089617
202;94;5;0.0;0.0;2.775698762431204
203;89;8;0.0;0.0;2.514617984265396
204;105;5;0.0;0.0;2.775698762431204
205;82;9;3.2924268607610876;3.2924268607610876;3.510389669077944
206;68;9;5.79168665223913;5.79168665223913;5.588571978816295
207;62;5;0.0;0.0;2.861300811405875
208;62;5;0.0;0.0;2.861300811405875
209;58;8;3.002098522689363;3.002098522689363;2.9163599278301398
210;66;9;3.3085743609941245;3.3085743609941245;3.511958791137209
211;152;9;4.444497508292054;4.444497508292054;4.702920611168152
212;92;5;0.0;0.0;2.775698762431204
213;69;9;3.529110478859328;3.529110478859328;3.682694644301631
214;54;9;4.920370806196418;4.920370806196418;4.614724904562987
215;128;9;5.031678148961629;5.031678148961629;5.142180532602343
216;163;3;0.0;0.0;nan
217;108;5;0.0;0.0;2.775698762431204
218;102;9;4.429535728721667;4.429535728721667;4.638319392382629
219;51;7;4.284315830310681;4.284315830310681;3.2967670493558225
220;67;5;3.505641850029037;3.505641850029037;3.4815837812659707
221;30;9;6.415702720246529;6.415702720246529;5.3359648442291165
222;29;7;7.750668214655674;7.750668214655674;5.449946789785879
223;151;9;5.12898122987609;5.12898122987609;5.40054960126261
224;115;9;4.328719284705919;4.328719284705919;4.632313879220243
225;174;3;0.0;0.0;nan
226;109;9;3.8881656134740648;3.8881656134740648;4.318136883800949
227;120;9;4.3709901505923945;4.3709901505923945;4.484598361660854
228;62;5;0.0;0.0;2.861300811405875
229;58;9;5.362310615607546;5.362310615607546;4.669326120296921
230;172;9;6.105318119049192;6.105318119049192;6.221669618568886
231;162;9;4.039398736612635;4.039398736612635;4.302800602612529
232;54;8;5.889810515428047;5.889810515428047;3.7985971257044064
233;87;9;3.721846854118506;3.721846854118506;4.069206869609328
234;25;8;8.96926765524282;8.96926765524282;4.846521358588364
235;36;7;8.848913814240387;8.848913814240387;6.337738811272964
236;25;9;7.031290378745942;7.031290378745942;6.10799762089508
237;60;9;4.1512633607787714;4.1512633607787714;4.278911897244779
238;32;9;4.932202557619863;4.932202557619863;4.404097646175916
239;83;9;3.736629212188997;3.736629212188997;3.990804087950282
240;54;8;9.22014842170628;9.22014842170628;6.1798638953682286
241;22;5;6.946730514405615;6.946730514405615;4.440838587317271
242;95;4;0.0;0.0;3.7119415624244754
243;16;6;8.902213429213113;8.902213429213113;4.2796947033234884
244;98;5;0.0;0.0;2.775698762431204
245;80;9;3.426175726694791;3.426175726694791;2.9722062961925766
246;118;9;3.6624053916600476;3.6624053916600476;4.100385842424338
247;75;8;4.108636845628218;4.108636845628218;4.25872371099513
248;17;7;10.21119029863421;10.21119029863421;3.9954283600283005
249;42;5;0.0;0.0;4.792310388885474
250;27;5;0.0;0.0;3.400867799095568
251;51;9;3.6590421250691194;3.6590421250691194;3.8211243529813723
252;94;8;4.862997797931499;4.862997797931499;4.9576168438614845
253;54;9;0.0;0.0;4.668222198305102
254;27;9;0.0;0.0;5.140779880827108
255;118;9;4.2566588165466595;4.2566588165466595;4.45323365104587
256;109;6;0.0;0.0;3.5528066096177056
257;166;4;0.0;0.0;nan
258;99;7;0.0;0.0;3.951428707041678
259;107;8;5.376843701516461;5.376843701516461;5.36952534534494
260;53;9;4.291313113095166;4.291313113095166;4.114526406624161
261;66;9;5.47093548228889;5.47093548228889;5.016815309546929
262;152;9;4.597282783881566;4.597282783881566;5.0292830802013615
263;70;9;4.430867276223298;4.430867276223298;4.482613827169367
264;28;9;7.456370424556809;7.456370424556809;6.549735688875751
265;48;7;7.341059941640898;7.341059941640898;5.245693426174388
266;79;9;4.947247768682918;4.947247768682918;4.759681918646222
267;46;8;0.0;0.0;4.932908937587241
268;40;9;8.009375960057744;8.009375960057744;6.438238748993973
269;100;5;0.0;0.0;2.775698762431204
270;68;9;4.661002988699411;4.661002988699411;4.566092171252112
271;99;8;0.0;0.0;2.514617984265396
272;46;8;0.0;0.0;4.932908937587241
273;69;8;9.528914174517986;9.528914174517986;5.629175530015844
274;60;5;4.91868227298798;4.91868227298798;4.592529279381174
275;43;6;6.768584327413946;6.768584327413946;5.336994287142967
276;173;4;0.0;0.0;nan
277;172;3;0.0;0.0;nan
278;94;5;0.0;0.0;2.775698762431204
279;37;9;6.461874423647522;6.461874423647522;5.340547411505373
280;110;7;0.0;0.0;3.951428707041678
281;88;4;0.0;0.0;4.563972432218915
282;43;9;5.56834851973958;5.56834851973958;5.02045905064755
283;75;9;3.6906185358793997;3.6906185358793997;3.908455709150626
284;66;9;5.214398430584015;5.214398430584015;4.98214955511851
285;82;9;3.929678046760731;3.929678046760731;4.115348053713812
286;27;9;4.306853894077856;4.306853894077856;3.8644757817316133
287;65;5;0.0;0.0;3.4936541757729516
288;33;8;5.892148726012458;5.892148726012458;5.320237220910777
289;115;9;4.698422386199036;4.698422386199036;4.776682509166758
290;109;5;0.0;0.0;2.597615343814307
291;94;5;0.0;0.0;2.775698762431204
292;54;9;4.539626733036593;4.539626733036593;4.466401125719575
293;64;9;3.906674065089432;3.906674065089432;4.048061553199713
294;30;5;7.520150215664001;7.520150215664001;5.668007027034489
295;146;9;5.957835440663154;5.957835440663154;6.0449487149094585
296;103;8;5.9194446548939545;5.9194446548939545;5.713558227464247
297;63;9;8.025954991281855;8.025954991281855;5.479399095658485
298;13;7;8.959327499135062;8.959327499135062;3.3348186445200074
299;60;9;5.160694304303003;5.160694304303003;4.840057309379269
300;67;9;5.368381511274134;5.368381511274134;5.091556235893117
301;95;5;0.0;0.0;2.775698762431204
302;32;9;4.493434506178192;4.493434506178192;4.345544780203448
303;95;5;0.0;0.0;2.775698762431204
304;63;9;3.5143150127996994;3.5143150127996994;3.7210259048374863
305;67;9;5.997820504489605;5.997820504489605;5.461842103873511
306;91;5;0.0;0.0;2.775698762431204
307;93;5;0.0;0.0;2.775698762431204
308;99;9;4.986699194962141;4.986699194962141;5.169933741029564
309;25;7;7.726877992760945;7.726877992760945;4.502335610676282
310;47;3;0.0;0.0;3.849143002986991
311;110;5;0.0;0.0;2.597615343814307
312;15;9;7.4581397265951646;7.4581397265951646;6.352796334526775
313;106;5;0.0;0.0;2.597615343814307
314;126;3;0.0;0.0;5.1786123273922335
315;82;8;5.661552012396094;5.661552012396094;5.615258948744797
316;96;9;3.559985116982067;3.559985116982067;3.911609536009347
317;143;9;3.543610824708626;3.543610824708626;3.8808554255983716
318;7;6;14.28974435953803;14.28974435953803;4.643436041301627
319;93;8;6.7872937919609315;6.7872937919609315;6.223200481560521
320;87;9;6.8857930279761215;6.8857930279761215;5.964369901644197
321;42;5;0.0;0.0;4.792310388885474
322;109;7;0.0;0.0;3.951428707041678
323;49;9;4.365774995259373;4.365774995259373;4.286606283929938
324;88;5;0.0;0.0;2.775698762431204
325;34;7;11.676251930738466;11.676251930738466;6.945625016871667
326;38;8;5.510300158567711;5.510300158567711;4.902985993862393
327;171;3;0.0;0.0;nan
328;39;8;5.823452338814923;5.823452338814923;5.362742671899327
329;87;9;4.305960420726022;4.305960420726022;4.476176293888491
330;68;9;4.056637322565932;4.056637322565932;4.167984953587687
331;72;8;3.1534330989931134;3.1534330989931134;3.0399556476242995
332;104;8;11.942844449579601;11.942844449579601;8.631819382338664
333;120;9;3.94754532381317;3.94754532381317;4.241953098826754
334;119;9;3.7529105538531833;3.7529105538531833;4.033900939014828
335;108;5;0.0;0.0;2.597615343814307
336;122;9;4.531472817775965;4.531472817775965;4.854565795584915
337;89;5;0.0;0.0;2.775698762431204
338;126;3;0.0;0.0;5.1786123273922335
339;101;9;3.6392612741915307;3.6392612741915307;4.009975528277137
340;62;9;3.9919946438319234;3.9919946438319234;3.9056906418125776
341;93;5;0.0;0.0;2.775698762431204
342;105;3;0.0;0.0;3.356358492551623
343;119;5;0.0;0.0;2.597615343814307
344;81;9;6.878278792712893;6.878278792712893;6.311854074654295
345;116;5;0.0;0.0;2.597615343814307
346;52;8;16.98505510540966;16.98505510540966;9.331002730864688
347;5;7;7.564813787419904;7.564813787419904;3.761269948534798
348;18;7;8.770296259381093;8.770296259381093;4.46545919185581
349;93;8;5.271105265259091;5.271105265259091;5.255905774338543
350;49;7;0.0;0.0;5.054982037228206
351;94;4;0.0;0.0;3.7119415624244754
352;54;7;6.895290387758188;6.895290387758188;5.783121411358906
353;54;9;4.116943244065836;4.116943244065836;3.9398422188763775
354;150;3;0.0;0.0;nan
355;52;5;18.555997478832207;18.555997478832207;12.363540088117164
356;63;9;9.185966989133322;9.185966989133322;5.628874028990032
357;47;9;6.138675446875171;6.138675446875171;5.585237791965628
358;62;9;5.176594617335008;5.176594617335008;5.069369387401221
359;111;9;5.218439675251083;5.218439675251083;5.224666880519938
360;30;9;3.7275058657314113;3.7275058657314113;3.5769989261611643
361;30;9;7.306094210139038;7.306094210139038;5.806799381042498
362;49;7;10.291886083824084;10.291886083824084;6.193381219534177
363;52;9;7.538718964053103;7.538718964053103;5.446414010674677
364;94;4;0.0;0.0;3.7119415624244754
365;176;3;0.0;0.0;2.9540666163441824
366;59;9;3.190930426530296;3.190930426530296;3.3551211706059054
367;99;9;3.4350374815142284;3.4350374815142284;3.7914554055515466
368;21;5;0.0;0.0;5.30093274769626
369;17;6;6.473993461850247;6.473993461850247;4.822785566520639
370;52;8;10.460244249550996;10.460244249550996;7.1429355498838465
371;22;5;0.0;0.0;5.30093274769626
372;140;4;0.0;0.0;nan
373;105;7;5.321722751476386;5.321722751476386;nan
374;118;5;0.0;0.0;nan
375;108;5;0.0;0.0;2.597615343814307
376;154;3;0.0;0.0;nan
377;121;3;0.0;0.0;5.1786123273922335
378;26;6;7.336609381610463;7.336609381610463;4.877612820871504
379;37;9;7.798753412630684;7.798753412630684;4.909507578176269
380;106;5;0.0;0.0;2.597615343814307
381;107;9;5.423826242873951;5.423826242873951;5.537320440568032
382;56;7;15.920235395296805;15.920235395296805;10.209995488256254
383;127;3;0.0;0.0;3.356358492551623
384;123;3;0.0;0.0;3.356358492551623
385;27;8;17.2600943041427;17.2600943041427;8.058422576635047
386;89;9;3.7114612085412486;3.7114612085412486;4.061150287429893
387;59;8;8.743387554305267;8.743387554305267;6.065099357959161
388;54;4;4.217929419880445;4.217929419880445;3.9497631017583745
389;76;7;8.301715416353037;8.301715416353037;5.775281381163495
390;116;4;10.361173475475281;10.361173475475281;9.358988631267179
391;113;9;3.8506923637083132;3.8506923637083132;4.189922053923264
392;166;4;0.0;0.0;nan
393;72;5;0.0;0.0;2.882509183823802
394;23;6;6.352452082289298;6.352452082289298;5.300263343646895
395;164;4;0.0;0.0;nan
396;107;7;0.0;0.0;3.951428707041678
397;127;6;0.0;0.0;4.020030181849551
398;50;7;13.573060965787446;13.573060965787446;10.018741724484174
399;18;5;7.005845776469101;7.005845776469101;5.202190070669382
400;45;9;6.752499198806341;6.752499198806341;5.631340259074483
401;106;6;0.0;0.0;3.5528066096177056
402;57;8;6.334158423373668;6.334158423373668;4.848155777395167
403;34;6;7.557740201187775;7.557740201187775;6.514935753339198
404;16;7;14.796418997401117;14.796418997401117;7.857247116491962
405;173;3;0.0;0.0;nan
406;85;5;0.0;0.0;nan
407;171;3;0.0;0.0;nan
408;41;7;15.581263637462326;15.581263637462326;9.836073975041684
409;105;5;0.0;0.0;nan
410;164;3;0.0;0.0;nan
411;27;5;0.0;0.0;5.29026111019479
412;71;9;5.744948220809304;5.744948220809304;5.514023132268361
413;106;8;0.0;0.0;3.3759816883723466
414;135;9;4.305377553791499;4.305377553791499;4.593122522458177
415;35;8;9.1518225281519;9.1518225281519;5.459326734046916
416;67;9;5.403333356060131;5.403333356060131;5.377553595598334
417;171;3;0.0;0.0;nan
418;78;9;8.321403972683855;8.321403972683855;5.252403304589263
419;9;6;19.61535104880309;19.61535104880309;7.674864392517126
420;54;7;10.002621885841801;10.002621885841801;6.916493953062475
421;45;9;4.489727842161874;4.489727842161874;4.326040326802072
422;56;8;7.588269592809816;7.588269592809816;5.018273642084172
423;63;6;0.0;0.0;3.5364608345365087
424;120;6;0.0;0.0;3.5528066096177056
425;53;9;4.590181568994134;4.590181568994134;4.345626093360518
426;17;8;6.008700108955939;6.008700108955939;3.705296993221099
427;52;9;4.178862694115971;4.178862694115971;4.351898416261057
428;168;3;0.0;0.0;nan
429;217;3;0.0;0.0;2.9540666163441824
430;17;7;20.882362517383992;20.882362517383992;9.526477534429896
431;36;8;13.047654222102162;13.047654222102162;6.205883768266192
432;101;7;0.0;0.0;5.259632320196207
433;31;6;10.935573716007681;10.935573716007681;7.595844932189631
434;116;9;4.99706570108179;4.99706570108179;5.0655534052500295
435;44;9;4.341777408969529;4.341777408969529;3.9920084163951612
436;28;9;4.9003631922335495;4.9003631922335495;4.387489942619737
437;105;6;0.0;0.0;4.020030181849551
438;48;6;6.953392760551519;6.953392760551519;5.149218087096513
439;81;7;0.0;0.0;2.5519486410894094
440;27;9;5.028448743843014;5.028448743843014;4.4425901049809875
441;45;8;9.2089655711605;9.2089655711605;5.97572346024626
442;28;5;11.327108033226576;11.327108033226576;6.543226130501092
443;68;5;3.4525442162081736;3.4525442162081736;3.4790383772233415
444;13;8;6.1941386492266455;6.1941386492266455;3.839787885289098
445;107;3;0.0;0.0;3.356358492551623
446;106;5;0.0;0.0;2.597615343814307
447;91;7;0.0;0.0;2.5519486410894094
448;61;5;0.0;0.0;2.882509183823802
449;102;9;3.2978895464371174;3.2978895464371174;3.65574532653976
450;34;6;8.086876060246999;8.086876060246999;6.293247921332909
451;84;7;0.0;0.0;2.5519486410894094
452;37;5;5.2746312207081125;5.2746312207081125;4.110430095572802
453;97;9;4.433738942219656;4.433738942219656;4.394468250091342
454;14;4;8.721952750225412;8.721952750225412;5.080284937696896
455;26;5;15.395839747486145;15.395839747486145;5.492476609812265
456;134;9;5.290737939211709;5.290737939211709;5.222954110310243
457;75;9;4.041942760543267;4.041942760543267;4.1670482756599325
458;101;7;0.0;0.0;3.3405703056881446
459;62;7;5.0905614202218965;5.0905614202218965;4.462984685766349
460;49;7;0.0;0.0;5.054982037228206
461;34;7;5.2995220218876105;5.2995220218876105;4.752882406353855
462;28;7;0.0;0.0;3.6018901994714536
463;74;7;5.8078141631234415;5.8078141631234415;5.243619747745833
464;125;6;0.0;0.0;4.020030181849551
465;95;9;4.403844923850593;4.403844923850593;4.658916638658656
466;93;9;4.767104024290926;4.767104024290926;4.969805039865949
467;202;9;4.653641541236661;4.653641541236661;4.835004621420077
468;121;6;0.0;0.0;4.020030181849551
469;94;4;0.0;0.0;nan
470;73;4;0.0;0.0;2.981171544026707
471;29;7;0.0;0.0;3.6018901994714536
472;37;7;5.434784423522856;5.434784423522856;4.317724447397534
473;92;6;0.0;0.0;4.020030181849551
474;92;7;0.0;0.0;2.5519486410894094
475;97;6;0.0;0.0;3.5528066096177056
476;96;5;4.460975605920665;4.460975605920665;4.224831348625407
477;130;6;0.0;0.0;4.020030181849551
478;86;8;2.7788547188316484;2.7788547188316484;2.780127146524279
479;104;9;4.592928962927343;4.592928962927343;4.7695329594434925
480;66;7;2.949419750380354;2.949419750380354;2.925987297870036
481;35;8;6.61651749508766;6.61651749508766;4.6983958089605204
482;28;9;5.121904211026168;5.121904211026168;4.593615101009958
483;119;9;3.415434931489314;3.415434931489314;3.719458037060674
484;98;7;0.0;0.0;3.3405703056881446
485;24;5;10.800291624790697;10.800291624790697;5.663302285321684
486;81;4;0.0;0.0;2.981171544026707
487;49;9;6.312523560451896;6.312523560451896;5.565953231727452
488;26;7;8.493460231130218;8.493460231130218;6.627609364963661
489;60;8;11.197590722425465;11.197590722425465;5.799256975841454
490;109;5;0.0;0.0;2.597615343814307
491;72;9;4.341040280135169;4.341040280135169;4.453188503187188
492;85;5;0.0;0.0;3.6099091003630557
493;93;9;4.369096631073874;4.369096631073874;4.591197473493686
494;21;6;9.20219644378948;9.20219644378948;4.879641455174996
495;68;4;0.0;0.0;2.981171544026707
496;58;5;0.0;0.0;2.882509183823802
497;62;6;5.448935994983637;5.448935994983637;5.006620017237646
498;187;5;0.0;0.0;3.07318235452067
499;185;5;0.0;0.0;3.07318235452067
500;66;7;0.0;0.0;2.9805058178221953
501;166;5;0.0;0.0;3.07318235452067
502;114;5;0.0;0.0;3.755804288945815
503;114;5;0.0;0.0;4.67648313465727
504;100;5;0.0;0.0;2.597615343814307
505;25;6;7.945740195194548;7.945740195194548;4.882060182297521
506;61;9;5.932838239623304;5.932838239623304;5.417967561152853
507;27;6;6.054298955890121;6.054298955890121;4.862309641315446
508;93;7;0.0;0.0;2.5519486410894094
509;107;3;0.0;0.0;3.356358492551623
510;106;5;0.0;0.0;2.597615343814307
511;141;6;0.0;0.0;nan
512;92;7;0.0;0.0;2.5519486410894094
513;72;4;0.0;0.0;2.981171544026707
514;94;9;4.236026588545748;4.236026588545748;4.388745113058321
515;60;9;5.104223762362786;5.104223762362786;4.6209470390384055
516;60;5;0.0;0.0;2.882509183823802
517;111;3;0.0;0.0;5.1786123273922335
518;53;5;5.093547848981039;5.093547848981039;4.136590307474152
519;64;9;4.685517682050137;4.685517682050137;4.651557452073239
520;50;6;2.3730602640532066;2.3730602640532066;2.4479314546995026
521;58;5;5.895684716740969;5.895684716740969;5.1796979785620385
522;106;9;5.183971555623903;5.183971555623903;5.235786685447745
523;95;9;4.276919800291201;4.276919800291201;4.560193944645053
524;138;4;0.0;0.0;nan
525;66;6;0.0;0.0;4.08127402301987
526;109;6;0.0;0.0;4.020030181849551
527;115;5;0.0;0.0;4.67648313465727
528;52;7;5.1670578565266885;5.1670578565266885;4.01686418807298
529;97;5;0.0;0.0;3.6099091003630557
530;101;9;4.343764475290125;4.343764475290125;4.553022304391009
531;103;5;0.0;0.0;nan
532;50;5;0.0;0.0;2.861300811405875
533;154;4;0.0;0.0;nan
534;204;3;0.0;0.0;2.9540666163441824
535;21;5;9.503377189931724;9.503377189931724;6.004460875967031
536;100;8;0.0;0.0;2.514617984265396
537;97;8;0.0;0.0;3.3759816883723466
538;169;5;0.0;0.0;3.07318235452067
539;89;7;3.078971602205078;3.078971602205078;3.1273292145106923
540;107;7;6.27546885369567;6.27546885369567;nan
541;107;6;0.0;0.0;3.5528066096177056
542;44;8;5.776372588674003;5.776372588674003;4.010937512789643
543;162;5;0.0;0.0;3.07318235452067
544;33;6;8.629630534050905;8.629630534050905;6.926859747776232
545;129;6;0.0;0.0;nan
546;74;9;3.2381212089423905;3.2381212089423905;3.4834266254978514
547;80;3;3.807207081828051;3.807207081828051;3.5637868779569604
548;55;6;4.111754770601223;4.111754770601223;3.9281060834076698
549;119;9;6.140743917155772;6.140743917155772;5.984260129590049
550;161;4;0.0;0.0;nan
551;69;5;0.0;0.0;2.775698762431204
552;46;7;7.135472716561194;7.135472716561194;4.696023752176807
553;44;8;6.494361571416059;6.494361571416059;4.544723126936777
554;109;6;0.0;0.0;3.5528066096177056
555;19;6;9.700922982794642;9.700922982794642;4.326380542135556
556;79;8;12.886101446020886;12.886101446020886;9.084494520402819
557;39;7;0.0;0.0;5.054982037228206
558;205;3;0.0;0.0;2.9540666163441824
559;126;6;0.0;0.0;nan
560;99;8;0.0;0.0;2.514617984265396
561;96;8;0.0;0.0;2.514617984265396
562;88;5;0.0;0.0;2.775698762431204
563;162;4;0.0;0.0;nan
564;69;6;0.0;0.0;5.203029473794508
565;68;9;3.643434813668894;3.643434813668894;3.7817356150970634
566;78;5;4.6588176822818435;4.6588176822818435;4.363762808360906
567;40;7;14.438070521281341;14.438070521281341;10.012867299201575
568;75;9;4.600771782573983;4.600771782573983;4.643568176820298
569;52;9;6.519103359730941;6.519103359730941;5.740401880144285
570;56;9;7.126672900146161;7.126672900146161;6.423312814443341
571;89;9;3.975186046063819;3.975186046063819;4.016485100770865
572;164;4;0.0;0.0;nan
573;161;3;0.0;0.0;nan
574;64;9;4.294075819979885;4.294075819979885;4.335216185213566
575;103;8;0.0;0.0;3.3759816883723466
576;134;6;0.0;0.0;nan
577;160;3;0.0;0.0;nan
578;151;3;0.0;0.0;nan
579;88;5;0.0;0.0;2.775698762431204
580;118;7;3.951718052208763;3.951718052208763;nan
581;145;9;4.851164806435748;4.851164806435748;4.892844742943942
582;106;9;5.19201884621647;5.19201884621647;5.093341719590638
583;96;6;0.0;0.0;3.5528066096177056
584;11;8;6.518737669946782;6.518737669946782;3.8844938140380565
585;99;5;0.0;0.0;2.597615343814307
586;67;9;3.482452707516284;3.482452707516284;3.7466415384846927
587;104;7;0.0;0.0;5.259632320196207
588;40;9;7.437947899533974;7.437947899533974;6.518855108575738
589;85;7;0.0;0.0;2.5519486410894094
590;20;8;7.513956185063896;7.513956185063896;6.107274911268689
591;99;9;4.94369115053164;4.94369115053164;5.025716695805652
592;66;9;3.5662994596742936;3.5662994596742936;3.8444672741307135
593;89;7;0.0;0.0;3.3405703056881446
594;73;9;4.068682963032152;4.068682963032152;4.204681813145175
595;132;6;0.0;0.0;nan
596;125;4;0.0;0.0;nan
597;66;6;5.431892256780448;5.431892256780448;4.757430337322838
598;157;4;0.0;0.0;nan
599;28;7;6.603449068815351;6.603449068815351;4.587825512671969
600;157;4;0.0;0.0;nan
601;79;3;0.0;0.0;5.1786123273922335
602;162;5;0.0;0.0;3.07318235452067
603;39;8;5.871193396871852;5.871193396871852;5.316164612146681
604;55;9;4.704108135736714;4.704108135736714;4.32550045755849
605;107;9;4.990470227142119;4.990470227142119;5.020083869632054
606;73;5;4.715190712313201;4.715190712313201;4.401839870198883
607;97;5;0.0;0.0;2.597615343814307
608;33;9;5.365914629366198;5.365914629366198;4.50737454728183
609;83;7;0.0;0.0;2.5519486410894094
610;42;9;3.9350913173841007;3.9350913173841007;3.9841920817288536
611;44;9;5.483711698588864;5.483711698588864;4.929136749502803
612;34;9;4.161623474967893;4.161623474967893;3.9797525294114107
613;23;5;21.99878378079338;21.99878378079338;13.337585299634599
614;42;3;11.397290823022809;11.397290823022809;nan
615;55;5;5.962229698003626;5.962229698003626;5.239551135676764
616;149;4;0.0;0.0;nan
617;24;5;7.669093219638661;7.669093219638661;4.926758273065379
618;162;5;0.0;0.0;3.07318235452067
619;112;6;0.0;0.0;nan
620;152;4;0.0;0.0;nan
621;42;8;10.677939136748583;10.677939136748583;5.259234785676759
622;38;7;8.428492059764;8.428492059764;5.090517597397618
623;96;5;0.0;0.0;2.597615343814307
624;85;7;6.299201438593832;6.299201438593832;5.34375519043252
625;35;6;7.4432972100146255;7.4432972100146255;5.758155420703666
626;169;9;5.8188634250427675;5.8188634250427675;5.844982699377992
627;30;7;4.739139634302871;4.739139634302871;4.597280441719993
628;104;3;0.0;0.0;3.356358492551623
629;110;6;0.0;0.0;4.020030181849551
630;48;7;5.344138131514853;5.344138131514853;4.07338453446536
631;132;6;0.0;0.0;nan
632;96;5;0.0;0.0;2.597615343814307
633;72;8;5.075344930157387;5.075344930157387;5.210696597571279
634;107;6;0.0;0.0;3.5528066096177056
635;20;6;7.1820848120804;7.1820848120804;5.405544654735737
636;44;9;4.649958374199735;4.649958374199735;4.432243595226168
637;50;8;6.469368644378291;6.469368644378291;4.984979464039977
638;107;6;0.0;0.0;4.020030181849551
639;39;7;0.0;0.0;5.054982037228206
640;40;5;4.8115966089837485;4.8115966089837485;4.117204963099139
641;150;4;0.0;0.0;nan
642;150;4;0.0;0.0;nan
643;96;5;0.0;0.0;2.597615343814307
644;100;3;0.0;0.0;3.356358492551623
645;152;4;0.0;0.0;nan
646;26;5;0.0;0.0;3.400867799095568
647;16;5;0.0;0.0;3.7422572671904697
648;16;9;5.915485060205477;5.915485060205477;4.644408424429705
649;144;4;0.0;0.0;nan
650;36;6;7.9205481987506925;7.9205481987506925;6.350094456784025
651;16;7;13.488383968752105;13.488383968752105;8.220435854542671
652;102;7;0.0;0.0;5.259632320196207
653;166;5;0.0;0.0;3.07318235452067
654;101;7;0.0;0.0;3.951428707041678
655;145;4;0.0;0.0;nan
656;112;6;0.0;0.0;nan
657;34;8;8.18564607215823;8.18564607215823;5.45561824869653
658;119;9;5.1899538328974435;5.1899538328974435;5.220569671250314
659;92;5;0.0;0.0;2.597615343814307
660;143;3;0.0;0.0;nan
661;108;5;0.0;0.0;4.67648313465727
662;24;5;0.0;0.0;5.179250912919058
663;24;5;0.0;0.0;5.179250912919058
664;40;5;8.35256001922295;8.35256001922295;6.3248988008176585
665;75;5;0.0;0.0;2.597615343814307
666;73;6;7.430205934038401;7.430205934038401;5.371638560334888
667;110;7;0.0;0.0;3.951428707041678
668;38;9;5.027220764254692;5.027220764254692;4.634704873230954
669;96;9;4.439913992729851;4.439913992729851;4.45251902166978
670;95;9;5.836823997875435;5.836823997875435;5.795238767036106
671;58;7;6.406220476974706;6.406220476974706;5.069626003300524
672;92;4;0.0;0.0;3.7119415624244754
673;39;7;8.06742298287868;8.06742298287868;5.106001564524946
674;142;3;0.0;0.0;nan
675;26;6;6.271967861134748;6.271967861134748;4.941710600722621
676;30;4;0.0;0.0;nan
677;93;7;0.0;0.0;2.5519486410894094
678;74;5;0.0;0.0;2.597615343814307
679;98;3;0.0;0.0;3.356358492551623
680;46;9;4.196977708312099;4.196977708312099;4.145669953946335
681;81;9;4.439671963044079;4.439671963044079;4.565989556815567
682;81;8;2.6928194771822604;2.6928194771822604;2.7391871224077224
683;75;5;0.0;0.0;2.597615343814307
684;73;5;0.0;0.0;2.597615343814307
685;74;5;0.0;0.0;2.597615343814307
686;73;5;0.0;0.0;2.597615343814307
687;28;6;12.922156355097707;12.922156355097707;7.968292145186537
688;105;6;0.0;0.0;4.020030181849551
689;3;5;25.126961630570914;25.126961630570914;4.150989920945054
690;16;5;0.0;0.0;3.7422572671904697
691;79;8;7.349166469573682;7.349166469573682;6.806920423803457
692;104;6;0.0;0.0;3.5528066096177056
693;65;4;3.7044881688555824;3.7044881688555824;3.623097777326448
694;28;6;6.768653142626116;6.768653142626116;4.94426969419822
695;98;3;0.0;0.0;3.356358492551623
696;56;9;4.730440793925762;4.730440793925762;4.591653939998999
697;64;8;6.568192850092783;6.568192850092783;6.170206511434994
698;75;9;5.838983305918075;5.838983305918075;5.585685219947299
