Skewness: 0.3470105682767124, Average LID: LPCA: 6.92274678111588  |||  MLE: 3.677332987804931  |||  MLENB: 3.677332987804931  |||  TLE: nan
LPCA: -0.3666575817001978  |||  MLE: -0.5833373459353866  |||  MLENB: -0.5833373459353866  |||  TLE: nan
node;in_degree;local_intrinsic_dimensionality_LPCA;local_intrinsic_dimensionality_MLE;local_intrinsic_dimensionality_MLENB;local_intrinsic_dimensionality_TLE
0;112;8;0.0;0.0;2.454489003712345
1;111;9;4.3074767010766895;4.3074767010766895;4.499320114615682
2;130;7;3.4137519890746644;3.4137519890746644;3.2099173363751783
3;87;9;5.341407697182785;5.341407697182785;5.157663271250869
4;50;6;0.0;0.0;6.460416663733062
5;117;9;3.777853741413757;3.777853741413757;4.080631621168817
6;18;5;7.447242377117551;7.447242377117551;3.6441577288515647
7;102;4;6.334099102991664;6.334099102991664;5.553670398666454
8;5;5;31.08695463716061;31.08695463716061;6.529409984143752
9;180;6;5.0749280644975565;5.0749280644975565;nan
10;68;6;0.0;0.0;2.1406361106730527
11;242;3;0.0;0.0;nan
12;99;8;8.132033957226852;8.132033957226852;5.320058672188531
13;74;6;6.890965781784488;6.890965781784488;4.316884496964631
14;146;9;5.731579614585562;5.731579614585562;5.6084591318602595
15;72;9;7.579919266584255;7.579919266584255;4.736010776008319
16;222;5;0.0;0.0;nan
17;127;6;0.0;0.0;3.0360112136601303
18;112;9;3.9743158780899783;3.9743158780899783;4.175036322352337
19;79;8;0.0;0.0;2.490481452968803
20;68;9;4.088035730125642;4.088035730125642;4.037765420584926
21;118;9;4.395192626200987;4.395192626200987;4.474381473937924
22;176;4;0.0;0.0;nan
23;89;6;6.84988389691593;6.84988389691593;4.662741793992929
24;103;6;0.0;0.0;1.9085369214209569
25;104;7;7.009086057982042;7.009086057982042;6.038078304731997
26;52;6;4.890322126076879;4.890322126076879;4.1495268628168045
27;158;7;0.0;0.0;2.206579108692077
28;244;3;0.0;0.0;nan
29;25;6;0.0;0.0;4.052927969798815
30;81;5;0.0;0.0;3.751935504033324
31;100;3;0.0;0.0;4.517631136909884
32;139;9;7.6907629276471035;7.6907629276471035;7.145140538888403
33;96;4;0.0;0.0;5.548331914522511
34;135;4;0.0;0.0;3.8022685155823517
35;253;3;0.0;0.0;nan
36;54;9;4.248399289517001;4.248399289517001;4.147494849483616
37;13;8;8.844624165670023;8.844624165670023;3.100997245715711
38;108;9;4.262091561527394;4.262091561527394;4.338945856624299
39;93;8;6.077510393378802;6.077510393378802;5.7649407281695275
40;128;9;5.501251169422309;5.501251169422309;5.460944159455485
41;67;6;7.112999145835366;7.112999145835366;4.849377286844939
42;76;9;0.0;0.0;4.741152687766
43;19;7;10.03442273207148;10.03442273207148;5.820133708461479
44;48;9;4.358534379472491;4.358534379472491;4.220424886619963
45;133;4;3.941316558920203;3.941316558920203;3.7836630462952137
46;154;9;5.144469147390536;5.144469147390536;5.15910247794016
47;163;3;0.0;0.0;2.5353626800265094
48;58;6;0.0;0.0;6.460416663733062
49;146;9;4.8633504879686695;4.8633504879686695;4.960094408343806
50;31;7;7.858085224662884;7.858085224662884;4.194149400394049
51;112;8;8.966186620311868;8.966186620311868;6.269623032007142
52;71;9;5.066132582104204;5.066132582104204;4.847957064331887
53;65;9;8.255552798136618;8.255552798136618;7.024958007737277
54;92;9;5.416544231593088;5.416544231593088;5.163186488025784
55;141;9;5.653534771303457;5.653534771303457;5.548511062263394
56;62;9;4.855632103145688;4.855632103145688;4.516563431990717
57;44;9;9.381879008159173;9.381879008159173;4.0142012262512505
58;56;7;5.010540683168437;5.010540683168437;4.6367364666914455
59;54;9;7.092180837417074;7.092180837417074;3.849212899566248
60;70;8;5.328987124271063;5.328987124271063;5.030386994688716
61;163;4;3.731011426082378;3.731011426082378;3.5496905233109373
62;36;9;0.0;0.0;5.254594728845903
63;44;7;6.564101080853511;6.564101080853511;4.788622043677076
64;180;3;0.0;0.0;2.5353626800265094
65;10;8;15.199298433443488;15.199298433443488;4.55029545796359
66;153;6;0.0;0.0;3.0360112136601303
67;58;9;5.247694355775079;5.247694355775079;4.690300692667549
68;53;9;6.3838961250814465;6.3838961250814465;5.311344995216449
69;64;7;2.2688890806993167;2.2688890806993167;2.3481051092331504
70;77;7;0.0;0.0;4.339213168770762
71;19;9;8.016358477547941;8.016358477547941;5.901879577896627
72;16;8;8.293207342206337;8.293207342206337;3.2561032300816994
73;106;9;5.126833761957785;5.126833761957785;4.944519762033063
74;70;8;6.728050679033357;6.728050679033357;4.693562293121961
75;27;8;5.858284458069213;5.858284458069213;3.628730841396374
76;19;7;7.612815120018446;7.612815120018446;5.468757729600277
77;66;8;9.391842362506518;9.391842362506518;6.23090565730618
78;58;8;8.157400737407915;8.157400737407915;6.070460500217623
79;168;3;0.0;0.0;4.718829181753763
80;10;7;6.824066250961464;6.824066250961464;3.082435381632185
81;165;6;0.0;0.0;4.6409659969653205
82;113;8;3.6876778992208843;3.6876778992208843;3.580416841597966
83;14;4;13.039733385162412;13.039733385162412;4.868588490444136
84;72;9;5.24639123519012;5.24639123519012;4.782549855187619
85;20;9;7.999447165038675;7.999447165038675;6.009023146275581
86;126;8;4.692806749175097;4.692806749175097;4.749847299404327
87;165;9;4.182546671650054;4.182546671650054;4.393878672094028
88;124;6;0.0;0.0;3.0360112136601303
89;45;4;6.235955693890171;6.235955693890171;4.961709956014753
90;99;6;0.0;0.0;1.9085369214209569
91;114;5;0.0;0.0;4.984993946629143
92;147;6;0.0;0.0;3.0360112136601303
93;180;3;0.0;0.0;2.5353626800265094
94;101;3;0.0;0.0;4.517631136909884
95;104;6;0.0;0.0;1.9085369214209569
96;105;4;5.579990966963733;5.579990966963733;5.089009367017701
97;112;8;0.0;0.0;2.454489003712345
98;27;9;7.836636609618463;7.836636609618463;6.295378172652754
99;131;9;4.0030657217955925;4.0030657217955925;4.105442384946754
100;35;9;6.954861856130495;6.954861856130495;5.643565251488561
101;55;8;9.581956155507331;9.581956155507331;5.738089005956129
102;147;6;3.2426838979891124;3.2426838979891124;3.1090295956222436
103;41;8;9.99524880674962;9.99524880674962;3.721600883330876
104;33;9;4.9892412309685605;4.9892412309685605;4.138356811512859
105;27;8;12.113128821404553;12.113128821404553;5.145789340193052
106;57;9;5.39039545414468;5.39039545414468;4.646887440786093
107;65;9;4.526285565414002;4.526285565414002;4.266447662666796
108;16;5;7.926792239991276;7.926792239991276;4.355046846312458
109;171;9;4.367593298042179;4.367593298042179;4.622871697010412
110;23;8;9.985251002130628;9.985251002130628;3.894310706138435
111;98;9;3.7358083863985625;3.7358083863985625;4.029913989416426
112;53;9;3.836315636211488;3.836315636211488;3.8157668453873947
113;40;9;4.7977600667983635;4.7977600667983635;4.5322433497833154
114;68;8;8.574985811659534;8.574985811659534;5.119610228379851
115;30;6;0.0;0.0;3.7568679544950796
116;53;8;7.31817230475281;7.31817230475281;3.745701771727883
117;69;9;5.953156755611045;5.953156755611045;5.205566440859471
118;23;7;10.584203981550589;10.584203981550589;5.148840186151392
119;80;8;8.12495669436736;8.12495669436736;6.227373399829027
120;72;8;3.5079747592670882;3.5079747592670882;3.003292034941456
121;114;7;6.564813512317525;6.564813512317525;5.014631313033839
122;46;9;5.00930051287765;5.00930051287765;4.816959062430008
123;78;8;4.485097464435951;4.485097464435951;4.480293088753896
124;111;9;5.606057456282265;5.606057456282265;5.276103174187875
125;181;3;0.0;0.0;2.5353626800265094
126;154;9;5.06495610664731;5.06495610664731;5.014749471344822
127;129;7;0.0;0.0;2.768705341801053
128;103;9;4.339557795161608;4.339557795161608;4.346151676780758
129;3;6;21.049799484594715;21.049799484594715;2.9706574260439504
130;77;7;0.0;0.0;4.339213168770762
131;125;3;0.0;0.0;4.517631136909884
132;98;9;5.367979997933935;5.367979997933935;5.192634100414103
133;136;5;4.068442222093756;4.068442222093756;4.066603745944515
134;108;6;0.0;0.0;4.346555351014187
135;57;8;5.645975212318481;5.645975212318481;3.728508797045381
136;219;5;0.0;0.0;nan
137;122;6;0.0;0.0;2.557006251940111
138;222;4;0.0;0.0;3.8332323081948996
139;28;5;0.0;0.0;6.08397046226288
140;128;6;0.0;0.0;2.557006251940111
141;138;3;0.0;0.0;nan
142;170;9;5.16879066370964;5.16879066370964;5.1145265533422695
143;30;6;0.0;0.0;3.7568679544950796
144;245;3;0.0;0.0;nan
145;36;7;8.887626745898693;8.887626745898693;5.960235485708461
146;74;7;5.315713111246117;5.315713111246117;4.791367138660281
147;115;4;5.268624710785737;5.268624710785737;4.010822160210299
148;16;6;12.245639925534293;12.245639925534293;5.110371011128633
149;89;9;6.017098989759214;6.017098989759214;5.518929236411136
150;67;6;0.0;0.0;2.1406361106730527
151;99;9;4.225620519275528;4.225620519275528;4.292363263815611
152;101;9;3.707717747562505;3.707717747562505;3.8591933868398174
153;46;6;12.20611489328216;12.20611489328216;7.0783285372128795
154;114;6;0.0;0.0;1.8261736855544162
155;96;8;3.709269130349639;3.709269130349639;3.9432711656042785
156;105;5;12.66819820598333;12.66819820598333;9.001677417490168
157;129;3;0.0;0.0;4.517631136909884
158;32;6;7.062651010929264;7.062651010929264;4.352835439485516
159;100;9;5.192961982828934;5.192961982828934;4.833543025574551
160;193;9;4.431694789683243;4.431694789683243;4.671334541434401
161;120;6;0.0;0.0;3.387671390348379
162;135;7;0.0;0.0;2.768705341801053
163;4;7;23.8187753847828;23.8187753847828;4.578317090760797
164;61;8;6.50008566750358;6.50008566750358;4.00877552307188
165;115;7;8.355752465790252;8.355752465790252;6.405986116309685
166;110;9;4.659214948456147;4.659214948456147;4.591111330247223
167;12;9;8.800913949760783;8.800913949760783;6.182743223547735
168;137;7;0.0;0.0;2.768705341801053
169;59;7;3.258291097111769;3.258291097111769;2.8976351982941555
170;140;6;0.0;0.0;2.557006251940111
171;112;6;0.0;0.0;1.9085369214209569
172;179;3;0.0;0.0;2.5353626800265094
173;62;9;3.6176547872203364;3.6176547872203364;3.6734229694049363
174;119;9;3.3324525377587433;3.3324525377587433;3.7717156930173226
175;131;9;5.4976024058655595;5.4976024058655595;5.344012360944367
176;151;3;0.0;0.0;4.517631136909884
177;47;9;4.756324231985992;4.756324231985992;4.443092089195994
178;154;6;0.0;0.0;3.0360112136601303
179;76;7;4.6113429489676605;4.6113429489676605;4.529462422367188
180;91;6;0.0;0.0;2.1406361106730527
181;158;6;0.0;0.0;1.8261736855544162
182;77;8;0.0;0.0;2.490481452968803
183;158;9;3.2390675721267317;3.2390675721267317;3.6118165565743117
184;128;9;3.2918386671836846;3.2918386671836846;3.717784910181853
185;98;3;4.8802701215569035;4.8802701215569035;4.437381686573178
186;76;9;4.321660613461711;4.321660613461711;4.127435306956021
187;47;9;6.498474319890488;6.498474319890488;5.372870060071153
188;101;9;4.120191034835176;4.120191034835176;4.065387943952475
189;27;6;6.730075522786369;6.730075522786369;4.386401429996087
190;109;9;3.8704636558621823;3.8704636558621823;4.074174103064621
191;63;9;4.945793652424763;4.945793652424763;4.383218784619542
192;157;7;0.0;0.0;2.206579108692077
193;142;6;0.0;0.0;1.9085369214209569
194;182;7;0.0;0.0;2.768705341801053
195;159;6;0.0;0.0;3.0360112136601303
196;176;9;4.9266520944182215;4.9266520944182215;5.153566666711291
197;37;8;6.525864560090843;6.525864560090843;4.266221145759739
198;157;6;0.0;0.0;1.8261736855544162
199;199;4;0.0;0.0;nan
200;201;9;4.29105352246416;4.29105352246416;4.729503100858941
201;52;9;4.876878841041931;4.876878841041931;4.716571525220985
202;140;6;0.0;0.0;1.9085369214209569
203;126;8;0.0;0.0;2.454489003712345
204;145;6;0.0;0.0;1.9085369214209569
205;89;9;3.2697763287825348;3.2697763287825348;3.4993627924795683
206;89;9;5.929131416141906;5.929131416141906;5.6838992451641435
207;93;6;0.0;0.0;2.1406361106730527
208;67;6;0.0;0.0;2.1406361106730527
209;83;7;2.815898169257549;2.815898169257549;2.7539577739550998
210;80;9;3.3645976826169215;3.3645976826169215;3.5722974732000647
211;169;9;4.2666871088274485;4.2666871088274485;4.535669230094059
212;112;6;0.0;0.0;1.9085369214209569
213;84;9;3.419728184954063;3.419728184954063;3.5589943343302406
214;72;9;4.666996197339185;4.666996197339185;4.401468301499414
215;140;9;4.242868270504819;4.242868270504819;4.369592050111191
216;181;3;0.0;0.0;2.5353626800265094
217;141;6;0.0;0.0;1.9085369214209569
218;114;9;3.9928599197616506;3.9928599197616506;4.159732224605608
219;57;7;4.2133656968259015;4.2133656968259015;3.1750016725750054
220;98;6;2.186318156884888;2.186318156884888;2.2876581368430897
221;57;9;6.2103654230157685;6.2103654230157685;5.186584540709989
222;41;7;8.152369975442792;8.152369975442792;5.270570872839896
223;174;9;4.27094715444169;4.27094715444169;4.511439139782363
224;148;9;4.3435969272901565;4.3435969272901565;4.608350621923994
225;183;3;0.0;0.0;2.5353626800265094
226;147;9;4.1956535471688365;4.1956535471688365;4.598140551476791
227;148;9;4.384088642703158;4.384088642703158;4.51619179149496
228;92;6;0.0;0.0;2.1406361106730527
229;72;9;5.013285760841274;5.013285760841274;4.380747067577557
230;198;9;5.450871884716662;5.450871884716662;5.571762207253728
231;175;9;3.847845067016478;3.847845067016478;4.145159716307864
232;71;8;6.931715218922282;6.931715218922282;3.9992285064768662
233;97;9;3.331721244454705;3.331721244454705;3.629286278765862
234;31;8;11.239968327456193;11.239968327456193;5.40371297088985
235;48;7;8.594119613739272;8.594119613739272;5.879969856023661
236;39;9;6.536175287830855;6.536175287830855;5.498661432864384
237;78;9;4.235654186511631;4.235654186511631;4.331485854382014
238;38;9;4.938104432343977;4.938104432343977;4.395402254613605
239;97;9;3.495778732265638;3.495778732265638;3.735882673137636
240;65;8;8.317195638334077;8.317195638334077;5.225501523629061
241;28;7;8.705396467419694;8.705396467419694;5.556989599858346
242;130;3;0.0;0.0;4.517631136909884
243;20;7;7.883303905765279;7.883303905765279;3.7597975634808605
244;144;6;0.0;0.0;1.9085369214209569
245;103;8;4.293561986617523;4.293561986617523;3.7091467363029444
246;133;9;3.6218705040677723;3.6218705040677723;4.0359993592147365
247;88;8;4.02402737457334;4.02402737457334;4.116904606316162
248;18;7;12.796301766642872;12.796301766642872;4.640096941476971
249;53;6;0.0;0.0;5.659150120720801
250;68;7;0.0;0.0;2.8639939662822047
251;64;9;3.756638032559102;3.756638032559102;3.885563929583259
252;113;9;4.2980624680447175;4.2980624680447175;4.423413244747078
253;79;9;0.0;0.0;4.741152687766
254;37;9;0.0;0.0;5.254594728845903
255;141;9;4.238384443655653;4.238384443655653;4.448779217354211
256;141;6;0.0;0.0;2.557006251940111
257;186;4;0.0;0.0;nan
258;178;7;0.0;0.0;2.768705341801053
259;123;9;4.831784975810053;4.831784975810053;4.858350115433922
260;62;9;4.436557761657082;4.436557761657082;4.234059204980739
261;85;9;5.200340962694912;5.200340962694912;4.803274759863785
262;174;9;4.579237325739659;4.579237325739659;4.987810158523647
263;95;9;4.701742881010752;4.701742881010752;4.707638257488247
264;40;9;7.4967926337186555;7.4967926337186555;6.454666947846974
265;61;8;6.877523232374604;6.877523232374604;4.548266890795966
266;101;9;4.471693998727212;4.471693998727212;4.340183518520315
267;61;7;0.0;0.0;4.636032802706298
268;51;9;6.5708198269587195;6.5708198269587195;5.487218978085906
269;113;6;0.0;0.0;1.9085369214209569
270;81;9;4.4069576228337715;4.4069576228337715;4.31110020434075
271;116;8;0.0;0.0;2.454489003712345
272;62;7;0.0;0.0;4.636032802706298
273;89;8;8.678556310764991;8.678556310764991;4.588172312579988
274;109;7;3.330405414009164;3.330405414009164;3.2049662570852675
275;50;6;8.482149979923806;8.482149979923806;6.1398331970559665
276;187;4;0.0;0.0;nan
277;168;3;0.0;0.0;2.5353626800265094
278;103;6;0.0;0.0;1.9085369214209569
279;56;9;6.274776163926227;6.274776163926227;5.253312955431421
280;140;7;0.0;0.0;2.768705341801053
281;96;4;0.0;0.0;5.548331914522511
282;54;9;4.613298408932894;4.613298408932894;4.1825888344526465
283;93;9;3.4805879307682295;3.4805879307682295;3.6864536745428187
284;85;9;5.0204531312760095;5.0204531312760095;4.789023790933419
285;91;9;3.7917810977769157;3.7917810977769157;3.9610498919978268
286;30;9;4.6815784087731815;4.6815784087731815;4.12143034329024
287;112;6;0.0;0.0;4.346555351014187
288;43;8;6.276509757225711;6.276509757225711;5.325709075112357
289;131;9;4.460269121775454;4.460269121775454;4.559700753577974
290;118;6;0.0;0.0;1.8261736855544162
291;112;6;0.0;0.0;1.9085369214209569
292;64;9;4.271415414266593;4.271415414266593;4.2143659388280375
293;78;9;3.821257619153038;3.821257619153038;3.970017067801703
294;38;5;9.423985713300457;9.423985713300457;6.7162139730730495
295;171;9;5.151687518472625;5.151687518472625;5.238328000274895
296;125;7;5.349273092356451;5.349273092356451;4.9684058409836505
297;80;9;7.802225602828748;7.802225602828748;4.919720943985842
298;15;7;9.41427888572442;9.41427888572442;3.3224053559737694
299;77;9;4.723596199829546;4.723596199829546;4.434941878533201
300;91;9;4.918400433580529;4.918400433580529;4.705576439739731
301;137;6;0.0;0.0;1.9085369214209569
302;39;9;4.40280942568081;4.40280942568081;4.1061232511186825
303;114;6;0.0;0.0;1.9085369214209569
304;75;9;3.5879232697640124;3.5879232697640124;3.7842286750744254
305;93;9;5.481572515805961;5.481572515805961;5.035901502855484
306;112;6;0.0;0.0;1.9085369214209569
307;104;6;0.0;0.0;1.9085369214209569
308;124;9;4.69869792245796;4.69869792245796;4.838671595380351
309;35;8;8.273139519037143;8.273139519037143;4.590766937868813
310;180;3;0.0;0.0;4.718829181753763
311;149;6;0.0;0.0;1.8261736855544162
312;25;9;7.800693318909275;7.800693318909275;6.4979325247536295
313;115;6;0.0;0.0;1.8261736855544162
314;137;3;0.0;0.0;6.077212775179779
315;99;9;5.159750639608834;5.159750639608834;5.0985194359118715
316;121;9;3.3394574103367485;3.3394574103367485;3.6793971820421723
317;164;9;3.4590957226970764;3.4590957226970764;3.818776013415706
318;7;6;7.974741889191048;7.974741889191048;3.2586807319592976
319;126;7;7.260703708456493;7.260703708456493;6.386959421299926
320;103;9;6.778681255745338;6.778681255745338;5.978567241413924
321;52;6;0.0;0.0;5.659150120720801
322;128;7;0.0;0.0;2.768705341801053
323;62;9;4.086999549259182;4.086999549259182;3.9782132658140195
324;104;6;0.0;0.0;1.9085369214209569
325;43;7;14.632265077760863;14.632265077760863;8.223278934019708
326;46;8;5.4726029088136015;5.4726029088136015;4.782870008694801
327;177;3;0.0;0.0;2.5353626800265094
328;48;9;5.846214048156659;5.846214048156659;5.300755091633477
329;100;9;3.7570220846420335;3.7570220846420335;3.937633607436555
330;85;9;4.396566304663475;4.396566304663475;4.494729068394814
331;93;8;2.9525785542023852;2.9525785542023852;2.8700829466972353
332;145;8;6.481130232437981;6.481130232437981;4.992591410884702
333;139;9;3.5052323596201047;3.5052323596201047;3.80254069711261
334;143;9;3.8065933790425186;3.8065933790425186;4.119823151144898
335;126;6;0.0;0.0;1.8261736855544162
336;147;9;4.277462062688936;4.277462062688936;4.569043206423891
337;111;6;0.0;0.0;1.9085369214209569
338;138;3;0.0;0.0;6.077212775179779
339;129;9;3.4083582369751606;3.4083582369751606;3.7660992914897684
340;71;9;4.016348444425479;4.016348444425479;3.9427916017683624
341;110;6;0.0;0.0;1.9085369214209569
342;130;3;0.0;0.0;nan
343;137;6;0.0;0.0;1.8261736855544162
344;102;9;6.522152914593123;6.522152914593123;5.955482964281273
345;117;6;0.0;0.0;1.8261736855544162
346;67;8;10.90754118686385;10.90754118686385;6.13424886852359
347;12;8;5.921385062465322;5.921385062465322;3.2850281801165213
348;20;6;9.614917547048938;9.614917547048938;4.70248996608583
349;111;8;5.348749942991207;5.348749942991207;5.291916773778448
350;58;7;0.0;0.0;3.2339525158690448
351;143;3;0.0;0.0;4.517631136909884
352;73;7;7.131143340687901;7.131143340687901;5.764684934281134
353;65;9;4.0036347277384;4.0036347277384;3.845388013092455
354;176;3;0.0;0.0;2.5353626800265094
355;119;5;6.223085325126407;6.223085325126407;4.892143566103346
356;76;8;9.413663999042175;9.413663999042175;5.452512328610041
357;57;9;5.529020706536937;5.529020706536937;4.990245109170835
358;73;9;5.002319084912846;5.002319084912846;4.860064056415611
359;120;9;4.923694270340578;4.923694270340578;4.962486757656487
360;37;9;3.91301293559648;3.91301293559648;3.6646546700627143
361;40;9;6.705757661845664;6.705757661845664;5.382002982489362
362;60;7;12.897426864539042;12.897426864539042;7.2554046929045946
363;64;8;6.696925018957534;6.696925018957534;4.773951748637589
364;117;3;0.0;0.0;4.517631136909884
365;257;3;0.0;0.0;nan
366;69;9;3.50040660910984;3.50040660910984;3.661692375669003
367;111;9;2.9131317762152547;2.9131317762152547;3.2237552455767773
368;24;6;0.0;0.0;4.052927969798815
369;29;6;8.112979148394613;8.112979148394613;5.73273292495934
370;61;8;13.108407350703146;13.108407350703146;8.707422107614756
371;24;6;0.0;0.0;4.052927969798815
372;204;4;0.0;0.0;3.8332323081948996
373;118;7;3.4038070943883385;3.4038070943883385;3.324787393639394
374;150;4;0.0;0.0;3.8022685155823517
375;121;6;0.0;0.0;1.8261736855544162
376;176;3;0.0;0.0;2.5353626800265094
377;137;3;0.0;0.0;6.077212775179779
378;34;7;9.193978845309314;9.193978845309314;5.670772717075028
379;45;8;7.787904729759142;7.787904729759142;4.495584119337588
380;113;6;0.0;0.0;1.8261736855544162
381;138;9;4.941364208960108;4.941364208960108;4.99554377579942
382;78;8;7.678450740088103;7.678450740088103;5.155190804604641
383;117;3;0.0;0.0;nan
384;117;3;0.0;0.0;nan
385;31;9;21.629738431773763;21.629738431773763;9.461596178987108
386;104;9;3.9454081924824975;3.9454081924824975;4.313141868031403
387;66;8;7.722071295869404;7.722071295869404;5.028939061110549
388;162;4;5.285759652761571;5.285759652761571;4.857061964958272
389;121;7;5.485360282395497;5.485360282395497;4.078008084607444
390;140;4;3.6009939681627827;3.6009939681627827;3.443548369338194
391;147;9;4.172849338649224;4.172849338649224;4.517448690351927
392;187;4;0.0;0.0;nan
393;103;6;0.0;0.0;2.103319355546354
394;30;6;7.960667799324562;7.960667799324562;6.224108476877473
395;186;4;0.0;0.0;nan
396;136;7;0.0;0.0;2.768705341801053
397;151;6;0.0;0.0;2.7613612991146286
398;81;7;5.275485363404265;5.275485363404265;4.31020740686108
399;23;6;5.650878500015738;5.650878500015738;4.127669704755749
400;53;9;6.703183590125495;6.703183590125495;5.5853365363915275
401;119;6;0.0;0.0;2.557006251940111
402;61;8;5.716383172030383;5.716383172030383;4.1243079139090915
403;43;6;6.69395041998959;6.69395041998959;4.93008873465305
404;20;8;8.934228182068894;8.934228182068894;4.831481906264163
405;168;3;0.0;0.0;2.5353626800265094
406;131;7;0.0;0.0;4.285450031929477
407;167;3;0.0;0.0;2.5353626800265094
408;47;7;9.334343639996318;9.334343639996318;5.622355004435879
409;164;4;0.0;0.0;3.8022685155823517
410;178;3;0.0;0.0;2.5353626800265094
411;28;5;0.0;0.0;6.08397046226288
412;90;9;5.478433107444275;5.478433107444275;5.250956122516048
413;126;8;0.0;0.0;3.1095587696623626
414;155;9;3.504058884307987;3.504058884307987;3.776869154398121
415;42;8;9.340681720407256;9.340681720407256;5.25677175464568
416;89;9;5.104434698298513;5.104434698298513;5.01167814171099
417;176;3;0.0;0.0;2.5353626800265094
418;92;9;6.485441573954974;6.485441573954974;4.233702757425266
419;11;6;14.367269710680498;14.367269710680498;5.440987958025788
420;63;7;12.5349312240296;12.5349312240296;8.02883740003652
421;62;9;4.565594675701746;4.565594675701746;4.349035252210212
422;64;8;9.509350502381922;9.509350502381922;5.80595052073055
423;74;7;0.0;0.0;4.339213168770762
424;138;6;0.0;0.0;2.557006251940111
425;64;9;4.149282966273052;4.149282966273052;3.9370078047156336
426;22;8;6.794099461276068;6.794099461276068;3.872704344681415
427;69;9;3.6727542330326073;3.6727542330326073;3.773074192156913
428;179;3;0.0;0.0;2.5353626800265094
429;250;3;0.0;0.0;nan
430;25;7;26.169036572417916;26.169036572417916;10.990641085748559
431;45;8;7.214799824296299;7.214799824296299;3.9164613982028986
432;126;8;0.0;0.0;3.494312251654107
433;45;6;13.704073390946334;13.704073390946334;9.122269936024122
434;148;9;5.110295346356999;5.110295346356999;5.169411690633755
435;59;9;4.227210707543372;4.227210707543372;3.9199173795512587
436;34;9;5.052500044792407;5.052500044792407;4.4877879544021875
437;161;6;0.0;0.0;2.7613612991146286
438;56;6;8.713745358159498;8.713745358159498;6.007900738662296
439;99;8;0.0;0.0;2.470883403791877
440;40;9;5.076063100846446;5.076063100846446;4.4479119639591485
441;54;8;9.293873551554409;9.293873551554409;5.65676442544994
442;32;6;8.312238803590924;8.312238803590924;4.582307354847749
443;72;6;2.135536921235235;2.135536921235235;2.2453260846015977
444;15;8;6.8277558351563;6.8277558351563;3.790625965293341
445;146;3;0.0;0.0;nan
446;134;6;0.0;0.0;1.8261736855544162
447;113;8;0.0;0.0;2.470883403791877
448;102;6;0.0;0.0;2.103319355546354
449;122;9;3.026683342428005;3.026683342428005;3.3488633688254823
450;39;6;10.13418645524624;10.13418645524624;7.723567531876385
451;116;8;0.0;0.0;2.470883403791877
452;43;5;6.609980896836749;6.609980896836749;5.049280072821548
453;120;9;4.639714644116222;4.639714644116222;4.611899339533588
454;19;5;10.930042054079946;10.930042054079946;6.0264942837976845
455;31;5;14.850735370193158;14.850735370193158;4.925764430502851
456;167;9;4.971770915466211;4.971770915466211;4.951551597494797
457;89;9;4.032542754836517;4.032542754836517;4.132089829252377
458;108;7;0.0;0.0;3.1516208410283215
459;68;7;3.464261136582364;3.464261136582364;3.0263864202421527
460;59;7;0.0;0.0;3.2339525158690448
461;39;7;5.599804750726145;5.599804750726145;4.1996081958197475
462;38;7;0.0;0.0;3.4091450371471548
463;113;7;3.5741639730303403;3.5741639730303403;3.336405303804783
464;154;6;0.0;0.0;2.7613612991146286
465;121;9;4.092120539185446;4.092120539185446;4.2968906631512365
466;127;9;4.884793267178605;4.884793267178605;5.040357224126251
467;215;9;4.550598798587013;4.550598798587013;4.753705322397972
468;150;6;0.0;0.0;2.7613612991146286
469;140;5;0.0;0.0;nan
470;109;5;0.0;0.0;3.751935504033324
471;38;7;0.0;0.0;3.4091450371471548
472;56;7;3.6323116947638803;3.6323116947638803;3.0406005381220242
473;128;6;0.0;0.0;2.7613612991146286
474;113;8;0.0;0.0;2.470883403791877
475;114;6;0.0;0.0;2.557006251940111
476;127;6;5.590336518811973;5.590336518811973;5.097504167624784
477;152;6;0.0;0.0;2.7613612991146286
478;99;7;3.4823622425864964;3.4823622425864964;3.4718955012090364
479;119;9;4.603024220747806;4.603024220747806;4.774619643238487
480;79;7;3.696108294780444;3.696108294780444;3.6076771919776762
481;40;8;8.291585215363016;8.291585215363016;5.424232881859121
482;31;9;4.089315933337735;4.089315933337735;3.552482120458231
483;137;9;3.489100675097102;3.489100675097102;3.8229522961016205
484;111;7;0.0;0.0;3.1516208410283215
485;28;5;8.270538951140072;8.270538951140072;4.2152638341788125
486;126;5;0.0;0.0;3.751935504033324
487;62;9;5.834552447486019;5.834552447486019;5.123091900779817
488;36;7;8.943068730313103;8.943068730313103;6.654548380377971
489;75;8;8.73141239054653;8.73141239054653;4.480633603900795
490;134;6;0.0;0.0;1.8261736855544162
491;90;9;4.338939745530383;4.338939745530383;4.4426357257854905
492;154;5;0.0;0.0;4.42018912830579
493;110;9;4.01781966210927;4.01781966210927;4.209443393440128
494;30;5;9.770307282110503;9.770307282110503;4.961376944964126
495;121;5;0.0;0.0;3.751935504033324
496;80;6;0.0;0.0;2.103319355546354
497;106;6;3.479688339006729;3.479688339006729;3.262974999888012
498;219;5;0.0;0.0;nan
499;223;5;0.0;0.0;nan
500;78;8;0.0;0.0;2.490481452968803
501;219;5;0.0;0.0;nan
502;158;6;0.0;0.0;4.6409659969653205
503;127;6;0.0;0.0;3.0360112136601303
504;107;6;0.0;0.0;1.8261736855544162
505;26;7;9.957319991446333;9.957319991446333;6.051630223816291
506;75;9;5.240732587472462;5.240732587472462;4.812576782148182
507;31;6;5.725892074043323;5.725892074043323;3.9448656344693793
508;116;8;0.0;0.0;2.470883403791877
509;120;3;0.0;0.0;nan
510;143;6;0.0;0.0;1.8261736855544162
511;156;7;0.0;0.0;2.206579108692077
512;117;8;0.0;0.0;2.470883403791877
513;104;5;0.0;0.0;3.751935504033324
514;114;9;3.534520189560489;3.534520189560489;3.6838911505449317
515;80;9;4.43838276876431;4.43838276876431;4.10310052515942
516;102;6;0.0;0.0;2.103319355546354
517;124;3;0.0;0.0;6.077212775179779
518;88;5;6.3830536335332;6.3830536335332;5.003716360547234
519;79;9;4.408643552256972;4.408643552256972;4.35076870008229
520;70;6;2.3144929201089997;2.3144929201089997;2.428804399714441
521;89;7;3.737377101141963;3.737377101141963;3.4847082133862606
522;131;9;5.418593108864712;5.418593108864712;5.419907157677796
523;118;9;4.141900547059491;4.141900547059491;4.3960103930238335
524;165;4;0.0;0.0;nan
525;112;5;0.0;0.0;4.984993946629143
526;123;6;0.0;0.0;2.7613612991146286
527;128;6;0.0;0.0;3.0360112136601303
528;56;7;4.995038476831258;4.995038476831258;3.728016056171999
529;157;5;0.0;0.0;4.42018912830579
530;133;9;4.05808410061906;4.05808410061906;4.253065356947535
531;137;7;0.0;0.0;4.285450031929477
532;68;6;0.0;0.0;2.1406361106730527
533;186;4;0.0;0.0;nan
534;240;3;0.0;0.0;nan
535;29;6;6.730075522786369;6.730075522786369;4.225031786425296
536;118;8;0.0;0.0;2.454489003712345
537;118;8;0.0;0.0;3.1095587696623626
538;219;5;0.0;0.0;nan
539;101;7;2.8771247638144892;2.8771247638144892;2.8630398201937224
540;121;8;3.8429344914615284;3.8429344914615284;3.698454495078077
541;115;6;0.0;0.0;2.557006251940111
542;58;7;5.187476309488934;5.187476309488934;3.7482515331662882
543;214;5;0.0;0.0;nan
544;39;5;10.814347124949869;10.814347124949869;8.227346535461168
545;155;7;0.0;0.0;2.206579108692077
546;85;9;3.124014391003229;3.124014391003229;3.360210254040836
547;91;3;4.771056975961735;4.771056975961735;4.347504120699466
548;92;6;3.037702075381899;3.037702075381899;nan
549;154;9;5.5284434921101875;5.5284434921101875;5.402154461467194
550;185;4;0.0;0.0;nan
551;128;6;0.0;0.0;1.9085369214209569
552;62;7;8.941921505564029;8.941921505564029;5.63779543169654
553;55;8;7.117158813941651;7.117158813941651;4.504471904715735
554;148;6;0.0;0.0;2.557006251940111
555;22;6;10.153771786165464;10.153771786165464;3.9628682673510793
556;89;7;6.950321465253695;6.950321465253695;5.184387704712092
557;60;7;0.0;0.0;3.2339525158690448
558;248;3;0.0;0.0;nan
559;153;7;0.0;0.0;2.206579108692077
560;112;8;0.0;0.0;2.454489003712345
561;116;8;0.0;0.0;2.454489003712345
562;98;6;0.0;0.0;1.9085369214209569
563;183;4;0.0;0.0;nan
564;107;6;0.0;0.0;3.387671390348379
565;87;9;3.354844244538772;3.354844244538772;3.4852855687292856
566;101;7;3.217855500057554;3.217855500057554;3.1192292991326123
567;48;6;7.61001573376991;7.61001573376991;nan
568;97;9;3.9809999656440995;3.9809999656440995;4.045089170891281
569;71;9;5.943686152644176;5.943686152644176;5.2327047229162265
570;73;9;6.512043345146271;6.512043345146271;5.84820914903874
571;112;9;4.029803997216079;4.029803997216079;4.1030614633709055
572;179;4;0.0;0.0;nan
573;178;3;0.0;0.0;2.5353626800265094
574;75;9;3.9362479258631327;3.9362479258631327;3.9560138147864348
575;126;8;0.0;0.0;3.1095587696623626
576;153;7;0.0;0.0;2.206579108692077
577;178;3;0.0;0.0;2.5353626800265094
578;168;3;0.0;0.0;2.5353626800265094
579;103;6;0.0;0.0;1.9085369214209569
580;138;7;2.9042711453133503;2.9042711453133503;2.9491434366323257
581;171;9;4.576150138185318;4.576150138185318;4.679929199126888
582;132;9;4.616854454221256;4.616854454221256;4.588912988416938
583;116;6;0.0;0.0;2.557006251940111
584;13;8;7.293560997903726;7.293560997903726;3.974086812882434
585;114;6;0.0;0.0;1.8261736855544162
586;78;9;3.2632101611425974;3.2632101611425974;3.4700508324472863
587;133;8;0.0;0.0;3.494312251654107
588;56;9;7.245668689772453;7.245668689772453;6.26266830080784
589;103;8;0.0;0.0;2.470883403791877
590;25;8;8.068755984632352;8.068755984632352;6.433553861928466
591;129;9;4.376553987814318;4.376553987814318;4.458428749143033
592;82;9;3.496375590019914;3.496375590019914;3.7492117711556054
593;119;7;0.0;0.0;3.1516208410283215
594;92;9;3.812292828771646;3.812292828771646;3.9457240245908074
595;157;7;0.0;0.0;2.206579108692077
596;170;4;0.0;0.0;3.8332323081948996
597;76;8;3.6169517896881267;3.6169517896881267;3.1297748544261546
598;182;4;0.0;0.0;nan
599;34;7;6.528123899853154;6.528123899853154;4.2693644810518885
600;185;4;0.0;0.0;nan
601;128;3;0.0;0.0;6.077212775179779
602;216;5;0.0;0.0;nan
603;48;9;5.563379080915815;5.563379080915815;5.002254071546694
604;68;9;4.720195882228205;4.720195882228205;4.368753180762959
605;149;9;4.951728510955119;4.951728510955119;4.979770156684432
606;110;5;5.908909879987429;5.908909879987429;5.363704305197335
607;114;6;0.0;0.0;1.8261736855544162
608;41;9;5.257155478229763;5.257155478229763;4.404953268297696
609;98;8;0.0;0.0;2.470883403791877
610;53;9;4.037388640438617;4.037388640438617;4.020632694273775
611;61;9;5.571900187463132;5.571900187463132;5.001107505789859
612;39;9;3.9418133699342555;3.9418133699342555;3.6563518381965676
613;27;5;8.801085074162403;8.801085074162403;5.666999225714941
614;147;3;3.809401866640356;3.809401866640356;3.647229036245869
615;66;5;4.462709427909277;4.462709427909277;3.7428748266491976
616;184;4;0.0;0.0;nan
617;26;5;6.497088584464268;6.497088584464268;4.005541012910742
618;216;5;0.0;0.0;nan
619;154;7;0.0;0.0;2.206579108692077
620;167;4;0.0;0.0;nan
621;61;8;8.445748681423355;8.445748681423355;4.225552415215311
622;46;8;5.042375253496747;5.042375253496747;3.3460772737454887
623;114;6;0.0;0.0;1.8261736855544162
624;99;7;7.893935980009992;7.893935980009992;6.392603521883322
625;42;6;9.327676250524657;9.327676250524657;6.713511972926951
626;200;9;5.521829462530238;5.521829462530238;5.551914827892235
627;33;7;5.092101329771591;5.092101329771591;4.052305670743232
628;140;3;0.0;0.0;nan
629;139;6;0.0;0.0;2.7613612991146286
630;60;7;5.1683597272302055;5.1683597272302055;3.851166120946992
631;159;7;0.0;0.0;2.206579108692077
632;110;6;0.0;0.0;1.8261736855544162
633;88;9;4.520517590718583;4.520517590718583;4.617985173353442
634;123;6;0.0;0.0;2.557006251940111
635;22;5;9.000334131594425;9.000334131594425;6.286296012172872
636;53;9;4.576826481934894;4.576826481934894;4.291445708058141
637;59;8;6.522561534542225;6.522561534542225;4.9233778374259245
638;137;6;0.0;0.0;2.7613612991146286
639;56;7;0.0;0.0;3.2339525158690448
640;52;6;6.029722332777102;6.029722332777102;5.009008795112994
641;170;4;0.0;0.0;nan
642;174;4;0.0;0.0;nan
643;110;6;0.0;0.0;1.8261736855544162
644;117;3;0.0;0.0;nan
645;174;4;0.0;0.0;nan
646;66;7;0.0;0.0;2.8639939662822047
647;19;6;0.0;0.0;4.643298729080409
648;22;9;5.37200939994074;5.37200939994074;4.158745177868468
649;171;4;0.0;0.0;nan
650;42;6;9.925750274383779;9.925750274383779;7.499975567931314
651;25;7;16.903164720334917;16.903164720334917;9.272538024198896
652;114;8;0.0;0.0;3.494312251654107
653;215;5;0.0;0.0;nan
654;128;7;0.0;0.0;2.768705341801053
655;162;4;0.0;0.0;nan
656;158;7;0.0;0.0;2.206579108692077
657;45;8;9.185921162876983;9.185921162876983;5.561941744798607
658;152;9;5.147867973272318;5.147867973272318;5.162089921644611
659;108;6;0.0;0.0;1.8261736855544162
660;156;3;0.0;0.0;2.5353626800265094
661;124;6;0.0;0.0;3.0360112136601303
662;27;6;0.0;0.0;6.128640190750676
663;26;6;0.0;0.0;6.128640190750676
664;48;5;10.467132175988255;10.467132175988255;7.920280222088515
665;104;6;0.0;0.0;1.8261736855544162
666;78;7;5.561709458688903;5.561709458688903;4.181926210647567
667;133;7;0.0;0.0;2.768705341801053
668;49;9;5.341204044942087;5.341204044942087;4.840869452317503
669;106;9;3.873795397520729;3.873795397520729;3.919290262597279
670;128;9;5.29215686051138;5.29215686051138;5.246897804371608
671;82;7;8.028048445829063;8.028048445829063;6.096237604146095
672;98;3;0.0;0.0;4.517631136909884
673;49;8;5.114538088456409;5.114538088456409;3.519176891894178
674;155;3;0.0;0.0;2.5353626800265094
675;31;7;5.830390038892027;5.830390038892027;4.227748778417913
676;132;5;0.0;0.0;nan
677;103;8;0.0;0.0;2.470883403791877
678;110;6;0.0;0.0;1.8261736855544162
679;112;3;0.0;0.0;nan
680;57;9;3.824192704399552;3.824192704399552;3.71131577211918
681;101;9;4.4118795840487035;4.4118795840487035;4.533875523190757
682;110;8;2.5929890477838162;2.5929890477838162;2.623615661497905
683;103;6;0.0;0.0;1.8261736855544162
684;109;6;0.0;0.0;1.8261736855544162
685;104;6;0.0;0.0;1.8261736855544162
686;109;6;0.0;0.0;1.8261736855544162
687;35;5;7.095066457287695;7.095066457287695;4.5575804547105685
688;130;6;0.0;0.0;2.7613612991146286
689;3;7;19.994371283030024;19.994371283030024;3.059612630361273
690;19;6;0.0;0.0;4.643298729080409
691;103;9;6.581041320057128;6.581041320057128;6.064847290021013
692;114;6;0.0;0.0;2.557006251940111
693;93;4;4.642333274894971;4.642333274894971;4.529644948933947
694;49;7;4.513118024798502;4.513118024798502;3.583804652021167
695;113;3;0.0;0.0;nan
696;73;9;4.547881446478021;4.547881446478021;4.370169110095079
697;83;9;5.797412221834885;5.797412221834885;5.4358702283744185
698;105;9;5.847880738787145;5.847880738787145;5.553684646595929
