Skewness: 1.9511871067198778, Average LID: LPCA: 39.0  |||  MLE: 74.48849040892678  |||  MLENB: 74.48849040892678  |||  TLE: 59.57531313356832
LPCA: nan  |||  MLE: -0.22246661239830884  |||  MLENB: -0.22246661239830884  |||  TLE: -0.19323034954799573
node;in_degree;local_intrinsic_dimensionality_LPCA;local_intrinsic_dimensionality_MLE;local_intrinsic_dimensionality_MLENB;local_intrinsic_dimensionality_TLE
0;37;39;106.49105360125282;106.49105360125282;83.76955369833142
1;52;39;10.976009529512188;10.976009529512188;9.72742418679715
2;9;39;113.84602027357244;113.84602027357244;87.89436238267065
3;37;39;15.587187514095577;15.587187514095577;12.289900542371095
4;15;39;84.34270633042591;84.34270633042591;70.16913814903552
5;41;39;77.30924319574672;77.30924319574672;63.5432642366424
6;9;39;78.39549629478455;78.39549629478455;61.69368749649229
7;9;39;115.86611438853808;115.86611438853808;89.53890692839546
8;12;39;94.482813900178;94.482813900178;73.32836985106684
9;9;39;85.46406442424757;85.46406442424757;66.67890751337144
10;5;39;117.86335417808088;117.86335417808088;91.10811552042216
11;22;39;76.35917254659678;76.35917254659678;62.23183762074483
12;183;39;10.135119342320833;10.135119342320833;9.012127550273522
13;107;39;115.83073334778351;115.83073334778351;91.96869122288464
14;11;39;44.64453889439206;44.64453889439206;43.40719447588493
15;9;39;113.36806319436205;113.36806319436205;87.80899087113104
16;54;39;53.621691780653805;53.621691780653805;44.820391367767975
17;43;39;51.21763439495259;51.21763439495259;48.14789602755192
18;38;39;80.24554518561276;80.24554518561276;64.81189124889232
19;96;39;112.18342435329782;112.18342435329782;89.16917053559064
20;11;39;109.1263162238783;109.1263162238783;85.04464790150034
21;9;39;108.18772572221103;108.18772572221103;84.50869786673732
22;23;39;78.31233679676204;78.31233679676204;62.14316851412879
23;62;39;94.93056775146592;94.93056775146592;74.94626407835992
24;20;39;100.9436666036749;100.9436666036749;79.26446871018534
25;19;39;83.75916948049067;83.75916948049067;67.32286267439292
26;13;39;87.67521399244696;87.67521399244696;68.5897461122125
27;56;39;15.60939377591816;15.60939377591816;13.027778525711842
28;112;39;97.5820428029243;97.5820428029243;78.16073828781964
29;64;39;12.409003983856532;12.409003983856532;10.691675465674164
30;12;39;91.99397485159021;91.99397485159021;73.21189254793715
31;38;39;11.57650520170372;11.57650520170372;9.981772493151812
32;225;39;33.87545046106282;33.87545046106282;28.447740747361237
33;3;39;127.31927446009125;127.31927446009125;96.764920947112
34;22;39;86.52176673560832;86.52176673560832;69.30632799796473
35;168;39;110.05515685774574;110.05515685774574;89.10144464359188
36;13;39;108.52986777685834;108.52986777685834;85.25406898076636
37;118;39;55.45543449889848;55.45543449889848;46.16655017801322
38;3;39;84.20742799888369;84.20742799888369;64.84675588321863
39;46;39;13.002999073561085;13.002999073561085;11.294959339245217
40;48;39;10.629049915365673;10.629049915365673;9.637540061414601
41;21;39;28.363467504410647;28.363467504410647;21.59405028864946
42;6;39;49.1920104151101;49.1920104151101;41.24153898463906
43;4;39;105.11977867332274;105.11977867332274;81.61878800386677
44;53;39;71.87454206956758;71.87454206956758;58.823722585856856
45;38;39;14.440792629979438;14.440792629979438;11.764550300255422
46;88;39;11.334428337826543;11.334428337826543;10.184037917495164
47;10;39;57.38816080174353;57.38816080174353;46.588374030414656
48;10;39;92.98810528757403;92.98810528757403;72.5788360481162
49;52;39;109.27087995858932;109.27087995858932;86.31213555360432
50;0;39;107.87733437238535;107.87733437238535;79.42490411983914
51;6;39;97.8642065027301;97.8642065027301;75.38715422579077
52;2;39;82.83635619006584;82.83635619006584;63.388992700510585
53;19;39;116.14661209488189;116.14661209488189;91.19570736058226
54;130;39;12.627710360229237;12.627710360229237;10.919453808948639
55;13;39;80.4751493134398;80.4751493134398;64.0268135409888
56;21;39;134.85244934035566;134.85244934035566;105.32689857377734
57;57;39;58.82908327891922;58.82908327891922;50.42624503011054
58;158;39;127.7421321965326;127.7421321965326;102.3414048286392
59;36;39;77.1335303985848;77.1335303985848;66.33952863983474
60;12;39;54.911814321886204;54.911814321886204;51.788302925191005
61;5;39;45.80495103056351;45.80495103056351;36.20668517816793
62;63;39;12.407947588955004;12.407947588955004;10.797171986095915
63;6;39;34.69062596708844;34.69062596708844;33.05512841583996
64;25;39;108.6525465632816;108.6525465632816;84.84647591562482
65;21;39;81.01438817481575;81.01438817481575;65.55395989498709
66;30;39;28.579946668663545;28.579946668663545;28.435432198666447
67;10;39;37.4871702835558;37.4871702835558;34.37033752364752
68;16;39;91.94428088057006;91.94428088057006;71.75980100651732
69;4;39;72.7770501982907;72.7770501982907;56.969247444816695
70;8;39;30.330585407709982;30.330585407709982;28.01366647255317
71;63;39;17.769409319272583;17.769409319272583;14.376696423795599
72;39;39;76.29282276750718;76.29282276750718;63.24976915607142
73;18;39;94.37310967972525;94.37310967972525;75.72985078923968
74;29;39;117.92123275283527;117.92123275283527;92.8334054974471
75;57;39;72.56978194893684;72.56978194893684;58.4631945213272
76;17;39;62.67194807670102;62.67194807670102;50.99592675585864
77;0;39;104.93533264948262;104.93533264948262;79.07612710434732
78;16;39;121.1777518731244;121.1777518731244;94.91805988736691
79;3;39;90.14757553211238;90.14757553211238;70.39689037124627
80;5;39;37.21401047829654;37.21401047829654;26.84504746772938
81;14;39;62.67768016252356;62.67768016252356;49.82909738250354
82;71;39;113.67193008286743;113.67193008286743;90.09642444252061
83;44;39;8.59624513760079;8.59624513760079;7.750322859138042
84;35;39;50.35848207465835;50.35848207465835;48.50404297028688
85;10;39;88.49834639012091;88.49834639012091;69.22664381305363
86;18;39;68.62960173268563;68.62960173268563;57.13191613515593
87;4;39;127.52404827342488;127.52404827342488;97.74440833005376
88;0;39;106.10243390387637;106.10243390387637;79.2627725598211
89;1;39;91.69095240227367;91.69095240227367;69.05722167568804
90;33;39;107.25549657184028;107.25549657184028;83.33132629930753
91;194;39;7.7372833545080955;7.7372833545080955;7.711728876665844
92;218;39;122.687279117725;122.687279117725;98.77759599178842
93;70;39;8.674520253267223;8.674520253267223;8.082164082443027
94;31;39;89.07714628478789;89.07714628478789;71.0265370878092
95;7;39;60.334230758592334;60.334230758592334;48.937889789155506
96;63;39;66.50931055214647;66.50931055214647;55.6219188384579
97;36;39;106.60467464184369;106.60467464184369;83.95339190195848
98;10;39;125.62758814600559;125.62758814600559;96.51660528442375
99;46;39;93.44931322286003;93.44931322286003;74.60312222255072
100;4;39;88.00056804178652;88.00056804178652;72.49919802252231
101;13;39;109.33737501589327;109.33737501589327;84.37563175422665
102;108;39;14.13433690674181;14.13433690674181;12.126017887713372
103;1;39;96.60141921026765;96.60141921026765;73.38836646678332
104;40;39;98.13252619212673;98.13252619212673;78.04142039297766
105;0;39;121.17012784935255;121.17012784935255;91.48729968233032
106;7;39;93.43048576259118;93.43048576259118;75.40944924424399
107;4;39;28.806618757405612;28.806618757405612;27.909300050345703
108;9;39;126.76620123092398;126.76620123092398;98.60078491439661
109;3;39;67.76659278004132;67.76659278004132;54.17589178360509
110;56;39;9.27889776843743;9.27889776843743;8.409118486141766
111;33;39;67.88636320999936;67.88636320999936;54.40150165275172
112;17;39;111.19955943329649;111.19955943329649;86.70130358784192
113;33;39;16.59081088983287;16.59081088983287;13.727411178435323
114;73;39;99.32406559704768;99.32406559704768;79.96730118540769
115;3;39;48.99323611290528;48.99323611290528;45.94745658360541
116;39;39;9.574924403215709;9.574924403215709;8.43447905472166
117;68;39;8.21905690822159;8.21905690822159;7.703396142725549
118;21;39;144.29367682822925;144.29367682822925;111.6269718777883
119;3;39;97.90181041701263;97.90181041701263;74.92296582840645
120;60;39;10.54590765399792;10.54590765399792;9.623372657621747
121;6;39;27.303717603924294;27.303717603924294;26.179042459779282
122;0;39;111.44238949337344;111.44238949337344;83.20597101654586
123;77;39;72.57104038308005;72.57104038308005;59.480181497522196
124;48;39;44.4736690927726;44.4736690927726;43.46833913604808
125;3;39;51.93522789724756;51.93522789724756;45.39770751482009
126;126;39;80.25481945405157;80.25481945405157;65.66609078712885
127;5;39;87.5289949418363;87.5289949418363;68.26481727797909
128;143;39;85.0468130688076;85.0468130688076;69.12595926960608
129;41;39;114.64173489941749;114.64173489941749;89.75366395498901
130;13;39;78.84663924416549;78.84663924416549;63.03919571168667
131;3;39;44.03438714385037;44.03438714385037;41.497252326928475
132;226;39;57.393036097959566;57.393036097959566;49.57430794783703
133;25;39;72.47828738638319;72.47828738638319;58.48843382161403
134;56;39;78.13461944727851;78.13461944727851;62.19321163571919
135;186;39;94.7905489674589;94.7905489674589;77.20478813941298
136;145;39;38.3362118331375;38.3362118331375;30.142625724434602
137;25;39;63.81794226065514;63.81794226065514;51.68545003435144
138;5;39;64.20055172080967;64.20055172080967;53.993762659486336
139;7;39;87.56440981836055;87.56440981836055;68.1467538697794
140;213;39;80.39137768114456;80.39137768114456;66.26305662517942
141;104;39;38.736969532891834;38.736969532891834;42.35049308008463
142;48;39;76.62342569942315;76.62342569942315;61.78681053135074
143;62;39;75.21079283015543;75.21079283015543;60.80531074649119
144;141;39;105.54806255528737;105.54806255528737;85.71265293658928
145;113;39;86.59681640520776;86.59681640520776;69.04893878890738
146;0;39;89.083645866742;89.083645866742;66.93584456156324
147;3;39;104.43379713199982;104.43379713199982;80.51453481881127
148;16;39;81.7875197808779;81.7875197808779;63.989844075971725
149;9;39;41.06072462225599;41.06072462225599;29.911418275875995
150;8;39;108.1189200291746;108.1189200291746;84.61561806343006
151;11;39;44.12779649170917;44.12779649170917;35.2651122957917
152;87;39;104.42311064312673;104.42311064312673;84.22822739973208
153;31;39;71.22055407390589;71.22055407390589;57.86639233941483
154;43;39;35.66860291667368;35.66860291667368;37.80347372966878
155;7;39;29.680440203366537;29.680440203366537;24.61862208022127
156;8;39;95.64709056732592;95.64709056732592;74.58655773876254
157;21;39;50.101767948808074;50.101767948808074;41.89345779171372
158;178;39;89.23411401757716;89.23411401757716;75.31057009179456
159;12;39;80.8678877192001;80.8678877192001;64.09849197876632
160;22;39;79.47321501931144;79.47321501931144;63.0349515994608
161;3;39;112.63612034298825;112.63612034298825;85.73143104172999
162;38;39;81.43942720800175;81.43942720800175;64.6073598072468
163;4;39;62.965591948192404;62.965591948192404;49.12851903677672
164;7;39;86.9755976028003;86.9755976028003;68.6725415624808
165;12;39;87.34052695915904;87.34052695915904;68.85991492310288
166;57;39;82.7642644934279;82.7642644934279;67.55782973284843
167;28;39;87.45113301674043;87.45113301674043;69.79311503048311
168;174;39;104.86402330234449;104.86402330234449;84.43587098728484
169;92;39;60.35117250143679;60.35117250143679;47.84307900841302
170;174;39;77.18161621995542;77.18161621995542;66.20928928979147
171;29;39;95.7288724904444;95.7288724904444;75.34370295615656
172;22;39;81.53120555681288;81.53120555681288;64.10994064580653
173;4;39;100.96370719770194;100.96370719770194;79.7235373545026
174;27;39;89.80568378026021;89.80568378026021;71.15046718127854
175;107;39;48.75711714169164;48.75711714169164;43.77564723461498
176;89;39;69.80830399391584;69.80830399391584;57.43125230534231
177;2;39;109.55483252742762;109.55483252742762;80.09206427983952
178;12;39;92.06299357886498;92.06299357886498;72.44006922272858
179;82;39;70.16517962477478;70.16517962477478;57.62479134113309
180;4;39;102.90990089066564;102.90990089066564;79.48409078523025
181;10;39;100.44614432215745;100.44614432215745;78.29536466660335
182;1;39;70.56701789328883;70.56701789328883;54.2340194945549
183;57;39;12.54205941565421;12.54205941565421;11.041269348696739
184;17;39;102.46055801818409;102.46055801818409;78.860810740411
185;9;39;45.913312936063825;45.913312936063825;35.085042870881
186;234;39;29.42253027013978;29.42253027013978;30.586245778288415
187;50;39;93.97403589379172;93.97403589379172;73.68206508318386
188;25;39;85.26276448706469;85.26276448706469;68.81672061647485
189;55;39;72.96802145076192;72.96802145076192;59.28306098279609
190;69;39;9.920787067126037;9.920787067126037;8.757036395097238
191;5;39;57.11770362088886;57.11770362088886;47.52144083694651
192;33;39;18.740381996021014;18.740381996021014;14.734087696366087
193;5;39;61.183101760054164;61.183101760054164;49.035617072926684
194;11;39;89.04639942831312;89.04639942831312;69.5013985412143
195;15;39;98.65151968640778;98.65151968640778;75.24053305836193
196;13;39;93.22401358450006;93.22401358450006;73.22852081180712
197;4;39;99.87652172813647;99.87652172813647;77.14803586769922
198;4;39;77.11588524212085;77.11588524212085;60.267833097829914
199;29;39;18.168164438248507;18.168164438248507;14.16874137643314
200;7;39;66.73010184178746;66.73010184178746;55.63150758832667
201;39;39;58.74335049408947;58.74335049408947;47.9436670211835
202;50;39;96.65256102003339;96.65256102003339;76.60795901446923
203;10;39;33.227390117364976;33.227390117364976;30.927847018725846
204;108;39;29.632201118009153;29.632201118009153;29.631085253415907
205;10;39;93.37120198131996;93.37120198131996;73.03339736584326
206;12;39;59.83218371163221;59.83218371163221;48.617948535003556
207;3;39;89.28889010574301;89.28889010574301;68.63108549003947
208;33;39;94.49991686121757;94.49991686121757;74.46034499188137
209;0;39;106.69530617558272;106.69530617558272;80.78537049496607
210;35;39;92.18058252320417;92.18058252320417;74.18175737661988
211;56;39;100.51252625866597;100.51252625866597;79.23915546229742
212;50;39;102.76791004788124;102.76791004788124;82.01694725795608
213;21;39;84.87798751375145;84.87798751375145;67.62071373337345
214;5;39;131.2669010521309;131.2669010521309;100.78804622096425
215;4;39;133.79034395950737;133.79034395950737;102.87835130840209
216;45;39;81.79790408918541;81.79790408918541;67.3841587652982
217;0;39;145.8264825842859;145.8264825842859;109.01636502551963
218;55;39;90.49067568010777;90.49067568010777;71.7016313458864
219;38;39;9.488158870686334;9.488158870686334;8.362035217101264
220;16;39;35.44692521817342;35.44692521817342;31.28157352500364
221;9;39;98.20436091362846;98.20436091362846;76.75047885629367
222;53;39;107.04872225216248;107.04872225216248;84.21033417416145
223;83;39;7.818746092705934;7.818746092705934;7.731290999361467
224;124;39;7.380991264398616;7.380991264398616;7.244480216414674
225;128;39;78.35825869293932;78.35825869293932;63.63014072003478
226;2;39;113.82856526420089;113.82856526420089;87.2954806922261
227;2;39;105.58902303209959;105.58902303209959;80.24397137565127
228;29;39;115.84097280542426;115.84097280542426;92.3529325683913
229;26;39;101.0153403874322;101.0153403874322;79.29708275758176
230;3;39;74.28171387458595;74.28171387458595;57.941901541664535
231;83;39;79.82128692652826;79.82128692652826;66.74520761825659
232;135;39;69.2487552960516;69.2487552960516;58.439936448046616
233;8;39;93.67891385745702;93.67891385745702;72.63387807890986
234;9;39;97.07356479784755;97.07356479784755;75.58660274787744
235;29;39;93.60166845101831;93.60166845101831;74.09719077537392
236;15;39;61.31235462042227;61.31235462042227;49.69542784286379
237;1;39;105.74071120026268;105.74071120026268;80.25394538793442
238;13;39;117.38172378867574;117.38172378867574;92.29633836765021
239;45;39;20.22552815847339;20.22552815847339;15.769153741253554
240;83;39;90.0475391471102;90.0475391471102;72.12757142976601
241;16;39;130.20608227474852;130.20608227474852;100.77905911830094
242;82;39;98.66774646576135;98.66774646576135;78.50184146932844
243;10;39;88.7479950198959;88.7479950198959;69.4289331969053
244;5;39;93.79807525259272;93.79807525259272;73.21982668557546
245;44;39;56.808493195321546;56.808493195321546;54.0921316234361
246;25;39;104.4450394328019;104.4450394328019;81.58367221667207
247;21;39;72.43099290257724;72.43099290257724;58.02091396745781
248;9;39;53.649353540942684;53.649353540942684;43.14012122681103
249;44;39;58.59943880800959;58.59943880800959;52.70980904855888
250;3;39;62.82581133445175;62.82581133445175;56.064656705847035
251;41;39;17.21062999788793;17.21062999788793;13.768300888142173
252;35;39;82.47385741716828;82.47385741716828;68.24621805624064
253;130;39;7.504846550629113;7.504846550629113;7.407697294422121
254;31;39;107.73881616231651;107.73881616231651;84.5752355628414
255;8;39;69.62698022705699;69.62698022705699;54.485908728522226
256;35;39;112.46847066593986;112.46847066593986;88.85379531854421
257;163;39;73.68004255104893;73.68004255104893;60.90390450082959
258;51;39;10.700108326302178;10.700108326302178;9.593820080792172
259;4;39;28.33859162263341;28.33859162263341;27.498506557094615
260;5;39;72.12061359961639;72.12061359961639;56.23798190198331
261;0;39;102.81874976039008;102.81874976039008;78.20678613308492
262;56;39;11.004801131824264;11.004801131824264;9.707205498654762
263;36;39;81.18041692379433;81.18041692379433;65.86359701634852
264;16;39;65.92194326589504;65.92194326589504;53.79623464628693
265;46;39;11.744190703726913;11.744190703726913;10.206164306332116
266;44;39;68.2788864394749;68.2788864394749;56.82379757874991
267;4;39;95.40956437128492;95.40956437128492;73.65344991973795
268;0;39;115.33854427324076;115.33854427324076;84.4913973507264
269;9;39;40.97051692220861;40.97051692220861;38.588231536355806
270;25;39;135.1930730701493;135.1930730701493;104.88296760406574
271;48;39;143.46814062722206;143.46814062722206;112.18076793735457
272;52;39;63.375313030847316;63.375313030847316;52.08081397986044
273;14;39;89.69804173379745;89.69804173379745;71.104855984118
274;104;39;60.90748596049843;60.90748596049843;52.77434856951698
275;5;39;85.71050854467501;85.71050854467501;66.05798898786227
276;25;39;41.01996416918375;41.01996416918375;36.72131217230558
277;35;39;70.17333128549494;70.17333128549494;56.768620933661055
278;5;39;74.62969403906624;74.62969403906624;58.17424854000281
279;3;39;108.26270409921557;108.26270409921557;82.91186948374825
280;70;39;15.270038567809152;15.270038567809152;12.740850038530372
281;1;39;97.83280384930238;97.83280384930238;73.97390566769454
282;1;39;100.91366035649912;100.91366035649912;76.90756096660954
283;7;39;58.59685577810827;58.59685577810827;48.176145648308946
284;105;39;69.71038530278247;69.71038530278247;59.260892265775986
285;162;39;76.47524079123819;76.47524079123819;67.69004086040732
286;19;39;83.11919816262782;83.11919816262782;64.96488857229161
287;10;39;81.47226444276573;81.47226444276573;65.05911112516978
288;5;39;74.16174770900165;74.16174770900165;57.6607344286894
289;41;39;13.188137258382977;13.188137258382977;10.949402565889214
290;60;39;12.288045032352423;12.288045032352423;10.641932600311458
291;58;39;137.4058821631342;137.4058821631342;108.28635639516587
292;12;39;53.471241532430945;53.471241532430945;50.413821241010126
293;71;39;100.93838361802258;100.93838361802258;79.90663939439945
294;13;39;80.03838520965184;80.03838520965184;63.895411970592605
295;53;39;17.489791873585446;17.489791873585446;13.987968729891497
296;11;39;108.73463437095482;108.73463437095482;84.39513071618289
297;82;39;8.18782093562605;8.18782093562605;7.6851686253527225
298;1;39;96.3354988707477;96.3354988707477;73.8656143871016
299;8;39;70.83667544029637;70.83667544029637;58.64885895477538
