Skewness: 0.14044606963336145, Average LID: LPCA: 5.009416195856874  |||  MLE: 3.4806574784819166  |||  MLENB: 3.4806574784819166  |||  TLE: 3.3152950170251145
LPCA: 0.5482652800744975  |||  MLE: -0.045943714442179096  |||  MLENB: -0.045943714442179096  |||  TLE: 0.3507498474422087
node;in_degree;local_intrinsic_dimensionality_LPCA;local_intrinsic_dimensionality_MLE;local_intrinsic_dimensionality_MLENB;local_intrinsic_dimensionality_TLE
0;27;5;4.6107217806330025;4.6107217806330025;3.4005518896557794
1;25;4;3.0860933324806727;3.0860933324806727;2.248262282495951
2;16;4;3.7515719984042164;3.7515719984042164;2.6183662621206363
3;46;3;1.036367918997021;1.036367918997021;1.4544438301405618
4;124;6;4.492132232060866;4.492132232060866;4.163005866619935
5;14;5;5.823468465812996;5.823468465812996;3.511030246908917
6;78;6;3.312354874033345;3.312354874033345;3.4870397014548846
7;37;5;2.6270267782286827;2.6270267782286827;2.5947571376649283
8;45;3;1.13803572928894;1.13803572928894;1.4781259212795788
9;65;6;4.352914681897974;4.352914681897974;3.7101577085224937
10;141;6;3.4852377483946158;3.4852377483946158;3.686528956465559
11;44;3;1.2176258836668852;1.2176258836668852;1.533643183784854
12;119;6;2.6018746806674646;2.6018746806674646;3.0292280605346313
13;52;3;1.2039604361522422;1.2039604361522422;1.5091218006586045
14;128;5;2.7011237898438556;2.7011237898438556;3.018763523552619
15;116;7;2.8791075905163033;2.8791075905163033;3.059494064733096
16;112;6;3.2961129161213725;3.2961129161213725;3.541972176417853
17;77;5;3.2581369341850666;3.2581369341850666;3.5386349823645773
18;102;6;3.1523930921359318;3.1523930921359318;3.4241188773990583
19;81;6;3.343834079738867;3.343834079738867;3.2903629292207737
20;60;3;2.9701068621557276;2.9701068621557276;2.593706232072968
21;48;5;2.790463390152206;2.790463390152206;2.916883537138466
22;86;5;3.7692646132868663;3.7692646132868663;3.89776749047129
23;83;7;2.4089502293566736;2.4089502293566736;2.6804599004315244
24;52;5;5.357693081071155;5.357693081071155;4.896634839212497
25;47;3;1.05137469783366;1.05137469783366;1.45013227935372
26;139;6;2.831503676211218;2.831503676211218;3.2666651403550238
27;86;7;2.1814740602310256;2.1814740602310256;2.4361253624365244
28;71;5;4.826471310863811;4.826471310863811;4.388250140506827
29;103;6;2.940507180043915;2.940507180043915;3.204264648016613
30;109;6;4.2006985785501145;4.2006985785501145;4.148496552804526
31;72;4;2.3916242279922133;2.3916242279922133;2.4063759613364284
32;88;4;4.137815110487764;4.137815110487764;3.6176020632583414
33;74;5;4.812404616616227;4.812404616616227;4.684916061075006
34;74;5;4.478899826034958;4.478899826034958;4.285790774772701
35;24;6;3.760461392404773;3.760461392404773;2.7641096448755555
36;87;5;4.268728619967847;4.268728619967847;4.2780704869328865
37;109;6;4.26762176786964;4.26762176786964;4.050577305037597
38;41;5;4.831055531940961;4.831055531940961;4.2997800800419075
39;59;3;2.2776727157451213;2.2776727157451213;2.38199806537754
40;80;6;3.799108805592532;3.799108805592532;3.6790626645874043
41;78;7;5.081652326263883;5.081652326263883;4.058051007354258
42;126;6;3.40066983630349;3.40066983630349;3.753193124993338
43;65;3;2.1206212952585326;2.1206212952585326;2.2655692690382714
44;122;5;4.5056461839819635;4.5056461839819635;4.090919802010136
45;136;6;3.801454176912578;3.801454176912578;3.8949476655616575
46;56;2;2.966422955789525;2.966422955789525;2.3927095881954865
47;48;3;1.0988043090203619;1.0988043090203619;1.4649417921790424
48;104;6;4.12770098984772;4.12770098984772;4.260324905987534
49;78;6;2.6219448554677838;2.6219448554677838;2.9231237982736338
50;137;6;4.056461974662203;4.056461974662203;4.101991240978075
51;80;4;2.8192171239728925;2.8192171239728925;2.882719655624503
52;80;4;3.2640950761772354;3.2640950761772354;3.273195613607102
53;49;3;2.402675598094909;2.402675598094909;2.185391733197812
54;71;4;2.1990299591950864;2.1990299591950864;2.328715835232312
55;56;3;2.11210674396118;2.11210674396118;2.173539167979166
56;91;6;4.033953806679953;4.033953806679953;4.009079395878977
57;61;7;2.6194134372408424;2.6194134372408424;2.671086372520974
58;112;6;5.181334951325548;5.181334951325548;4.462329423682639
59;43;5;2.796375721288159;2.796375721288159;2.9652732744436543
60;25;4;4.802708924918987;4.802708924918987;3.996483596508903
61;107;5;2.6963483473723455;2.6963483473723455;2.955510616749455
62;75;4;2.463329402214888;2.463329402214888;2.5057694403231117
63;42;5;3.3834207033820873;3.3834207033820873;3.1516113915039217
64;49;4;4.674431434567661;4.674431434567661;4.4306220164810295
65;42;3;1.1914695121810888;1.1914695121810888;1.4807951045724004
66;27;4;3.058037433909453;3.058037433909453;2.226823268852321
67;41;3;2.642693156634323;2.642693156634323;2.252234619924883
68;49;5;3.470740623528586;3.470740623528586;3.5856611744370954
69;61;5;3.9861026840992935;3.9861026840992935;3.9281814095114527
70;96;5;3.839527062310769;3.839527062310769;4.070953938329679
71;84;4;3.9867382937193643;3.9867382937193643;3.5102145785173704
72;95;4;2.519774663469852;2.519774663469852;2.8155150675598883
73;43;6;6.359628034698503;6.359628034698503;4.777189821065155
74;29;6;5.098954215861807;5.098954215861807;3.6852867501741935
75;80;6;4.017988761622682;4.017988761622682;4.026200283789114
76;43;3;1.4767655579708956;1.4767655579708956;1.5850188961870961
77;80;6;2.8114126558096486;2.8114126558096486;3.145179365147614
78;47;6;5.06950803008536;5.06950803008536;4.244864931143361
79;53;3;1.3261725513772287;1.3261725513772287;1.5667661396076087
80;125;6;2.9784399506485184;2.9784399506485184;3.245230053581609
81;49;3;1.1434983614181056;1.1434983614181056;1.493256082443948
82;73;5;3.8539679640822015;3.8539679640822015;3.6220396485135837
83;146;6;2.9306448782933403;2.9306448782933403;3.2724251074788713
84;42;3;1.1666577281576227;1.1666577281576227;1.4695373352363863
85;129;5;2.9588350767505758;2.9588350767505758;3.1927118353605075
86;134;6;3.9224760978545095;3.9224760978545095;3.8737316860356734
87;44;3;3.3582404591516544;3.3582404591516544;2.5137742851124303
88;47;3;1.0278963828887484;1.0278963828887484;1.437555975832274
89;16;4;2.989587698786661;2.989587698786661;1.9208562546502146
90;99;5;3.583319539531549;3.583319539531549;3.5351680971198665
91;81;5;3.684220750809374;3.684220750809374;3.730196445194205
92;46;3;1.1125706716454127;1.1125706716454127;1.4574522101637393
93;97;5;2.8795328221834215;2.8795328221834215;3.147559335049333
94;126;6;3.452149560386776;3.452149560386776;3.7780196639177914
95;103;5;3.1638192102817397;3.1638192102817397;3.1500920780423143
96;92;5;2.6831130659168703;2.6831130659168703;2.8026543989028507
97;42;5;2.6232719392419637;2.6232719392419637;2.71611804270931
98;132;5;3.4757871717594533;3.4757871717594533;3.581956986276683
99;57;3;1.7018287989717684;1.7018287989717684;1.7455878432796756
100;57;5;6.990911777731343;6.990911777731343;5.801433689892483
101;100;6;4.063112323112728;4.063112323112728;4.065135627875667
102;100;5;4.167698783813204;4.167698783813204;4.200988900756664
103;144;6;3.6443277263034943;3.6443277263034943;3.882650207795323
104;55;3;4.963677580806221;4.963677580806221;3.4668073143065556
105;45;5;3.3805578423321894;3.3805578423321894;3.3810851629279584
106;63;4;2.6063267567061073;2.6063267567061073;2.5828756668067814
107;161;6;2.487226057470304;2.487226057470304;2.7806077242932554
108;96;5;3.1331396009627785;3.1331396009627785;3.0896548013278324
109;99;6;4.491910975323863;4.491910975323863;4.16894108097295
110;56;5;3.602654098732654;3.602654098732654;3.5909009138344565
111;18;4;2.932749379731513;2.932749379731513;1.953796399932114
112;26;5;3.495001132190172;3.495001132190172;2.777346216507876
113;156;6;3.9093398024460204;3.9093398024460204;4.097453698800714
114;77;6;3.029211627129241;3.029211627129241;3.1729369338908757
115;108;6;3.8266063705241535;3.8266063705241535;3.882111315663081
116;120;6;3.4086000369058485;3.4086000369058485;3.4532926068587475
117;79;5;3.140416268339025;3.140416268339025;3.23387295578494
118;54;3;1.387937667072508;1.387937667072508;1.6129302623102182
119;84;4;4.088641000201276;4.088641000201276;3.9056332178172095
120;16;4;5.035099362912867;5.035099362912867;3.7813948927138568
121;61;4;3.2213012090628945;3.2213012090628945;2.6924133236670977
122;146;6;3.742133275008928;3.742133275008928;3.8885133070470244
123;123;5;4.015653352031505;4.015653352031505;3.9401912003920985
124;56;6;3.5220304246695506;3.5220304246695506;3.523006739286437
125;50;5;3.017578981180431;3.017578981180431;3.2464438882400164
126;119;6;3.3676916255342824;3.3676916255342824;3.664522923636461
127;71;4;2.1126807344764993;2.1126807344764993;2.2626043985302613
128;47;5;3.572572441535801;3.572572441535801;3.715426891089776
129;62;5;5.133271194294866;5.133271194294866;4.6083544480197745
130;46;6;2.516463225911964;2.516463225911964;2.4386286337614314
131;118;6;4.324078880517373;4.324078880517373;3.74363963204248
132;57;5;3.5962428181176045;3.5962428181176045;3.568212779805633
133;65;5;3.5350851498204743;3.5350851498204743;3.706372474303094
134;97;6;3.370038045028307;3.370038045028307;3.4245662982074503
135;67;3;2.2694375945053573;2.2694375945053573;2.3267741031603206
136;128;6;5.1345376647886285;5.1345376647886285;5.005399763472693
137;100;5;3.2089928103483367;3.2089928103483367;3.330682742320175
138;83;5;3.107196849734162;3.107196849734162;3.1906747600302485
139;84;6;3.810852893589562;3.810852893589562;3.913139586206209
140;74;5;3.416883125739075;3.416883125739075;3.3055877618071277
141;111;6;2.8144592922048077;2.8144592922048077;3.0765351984807996
142;79;6;3.6284997634316536;3.6284997634316536;3.7486582133643442
143;48;3;2.30702436760452;2.30702436760452;2.1386356047134747
144;44;3;1.0445137179179889;1.0445137179179889;1.4406107040410463
145;47;3;1.0450951818234815;1.0450951818234815;1.4400483650641016
146;23;3;4.319067752633576;4.319067752633576;2.8885202391662523
147;94;5;3.6689644595398883;3.6689644595398883;3.3396993071656804
148;78;6;3.3232481900726865;3.3232481900726865;3.2758951525892774
149;124;6;4.617586040215155;4.617586040215155;4.42647895485914
150;74;6;3.5204874747553556;3.5204874747553556;3.299314619166864
151;64;3;3.846308949869583;3.846308949869583;3.2831267919166094
152;128;6;3.6886502783757407;3.6886502783757407;3.810048795066849
153;130;5;3.090341559656409;3.090341559656409;3.2761749395303514
154;80;5;2.7748386826364615;2.7748386826364615;2.919793167660799
155;75;4;5.215555620441368;5.215555620441368;4.182144394658734
156;90;6;3.394913669217602;3.394913669217602;3.598835640893967
157;130;6;3.328399005766602;3.328399005766602;3.44336290024069
158;56;3;2.670461886966323;2.670461886966323;2.5723020330420265
159;68;3;2.848112087143233;2.848112087143233;2.5124152139950073
160;109;7;6.60458609536399;6.60458609536399;4.968247310566125
161;90;5;4.833821770573931;4.833821770573931;4.479610400987746
162;96;5;2.8571686131583744;2.8571686131583744;3.0237031798802203
163;96;6;3.964023814266603;3.964023814266603;3.7520758716441303
164;139;6;3.497464563116135;3.497464563116135;3.750270637544302
165;141;6;3.570735938812575;3.570735938812575;3.7028288858650322
166;71;4;2.078126283745033;2.078126283745033;2.2525910391658104
167;86;6;5.118652333794843;5.118652333794843;4.610654699190969
168;93;6;3.2361985512383833;3.2361985512383833;3.306285372830264
169;90;5;3.450121538511949;3.450121538511949;3.7569115075151096
170;127;6;3.091937047641791;3.091937047641791;3.3413211507126355
171;129;6;2.7976549240691555;2.7976549240691555;3.0360876315456933
172;21;4;4.626391820522442;4.626391820522442;2.5640159716616324
173;94;6;3.556897733581931;3.556897733581931;3.2824724626747437
174;55;5;3.33305680304478;3.33305680304478;3.4931772916199044
175;45;3;1.0874959144045584;1.0874959144045584;1.440128092326882
176;92;6;3.206188034266617;3.206188034266617;3.3323565850720067
177;85;4;3.8398031346193444;3.8398031346193444;3.834549564561276
178;91;5;5.530142963723545;5.530142963723545;5.1029169039900175
179;44;3;2.6788748313700013;2.6788748313700013;2.3517057069391374
180;96;4;3.4582300583838066;3.4582300583838066;3.398324474162287
181;113;6;2.8270821930768246;2.8270821930768246;3.2159997484036094
182;29;5;3.8698149925490735;3.8698149925490735;3.4189955280786237
183;110;6;3.486235926344578;3.486235926344578;3.6517558359671614
184;54;3;2.4719609667970346;2.4719609667970346;2.390787242611767
185;131;6;2.5167297725827598;2.5167297725827598;2.9084170013797306
186;66;4;2.330479003424187;2.330479003424187;2.4320508748878753
187;117;6;2.9084258419859754;2.9084258419859754;3.2615188405872777
188;77;4;3.4279955425920066;3.4279955425920066;3.2298690198206823
189;47;5;4.546769458694597;4.546769458694597;3.4555386253985763
190;110;6;5.081062442214446;5.081062442214446;4.544944421619879
191;90;5;3.355646416145326;3.355646416145326;3.476162047284154
192;21;4;2.9911092198709666;2.9911092198709666;2.1426223409686704
193;88;5;3.346582521519543;3.346582521519543;3.521068460187286
194;33;4;5.18173296006146;5.18173296006146;4.34688824471831
195;150;6;3.6524559861504606;3.6524559861504606;3.892318319721645
196;113;6;3.1732099638380564;3.1732099638380564;3.369599979953016
197;107;6;2.7408619866803683;2.7408619866803683;2.8763311568621113
198;56;3;4.160815461132493;4.160815461132493;3.3524841799032132
199;84;4;3.3598845489680986;3.3598845489680986;3.2642285117062912
200;110;5;3.2553136062959047;3.2553136062959047;3.4114358316623283
201;39;5;2.8519093682241565;2.8519093682241565;2.836992080327184
202;43;5;2.669409615461375;2.669409615461375;2.8452675372913627
203;118;6;3.2088996025033554;3.2088996025033554;3.608542409137966
204;71;5;3.969089247036318;3.969089247036318;3.7549205086403603
205;119;5;2.668435578097834;2.668435578097834;3.0775727451130965
206;111;6;4.265916544847583;4.265916544847583;3.998180166926937
207;151;7;3.78877352102777;3.78877352102777;3.6878691142701725
208;102;6;3.6931023161844356;3.6931023161844356;3.7377655296686934
209;13;3;5.411784735732482;5.411784735732482;2.1772003593229163
210;105;5;3.115643740704595;3.115643740704595;3.295197708436533
211;127;6;4.425152282094018;4.425152282094018;4.320667767765511
212;88;5;4.54261880388032;4.54261880388032;4.553853894604343
213;69;5;4.735021534611655;4.735021534611655;4.383820985903419
214;149;6;2.4985142044934183;2.4985142044934183;2.798931093078669
215;80;5;3.4793934930900132;3.4793934930900132;3.5877722073827774
216;106;5;2.505291654205463;2.505291654205463;2.8403875708770183
217;93;4;3.180381274101192;3.180381274101192;3.2522372992248108
218;71;6;5.231945675542104;5.231945675542104;4.364458736091281
219;68;6;6.3180354274434665;6.3180354274434665;5.151717016572283
220;141;6;2.795708247132656;2.795708247132656;3.129421606255748
221;70;5;4.564556344615539;4.564556344615539;4.260023908610791
222;62;5;3.818285074497259;3.818285074497259;3.902309546508042
223;71;5;4.679125633443447;4.679125633443447;4.470286588927567
224;36;4;6.655829410174444;6.655829410174444;3.7400066241893817
225;97;6;3.3775037643905095;3.3775037643905095;3.6323002829418845
226;52;5;6.306446521620976;6.306446521620976;5.292880983672044
227;115;6;3.188061901671871;3.188061901671871;3.549028688919404
228;40;6;5.456875641543883;5.456875641543883;4.268498925327373
229;88;4;5.039223391709457;5.039223391709457;4.723178458860741
230;83;6;3.6124276736693908;3.6124276736693908;3.7266962674919246
231;119;6;3.5669394594479082;3.5669394594479082;3.6320350736248685
232;145;5;2.9680011005626814;2.9680011005626814;3.2634960328714477
233;28;5;3.3516232235410675;3.3516232235410675;3.0732979178727144
234;18;4;3.922793010307108;3.922793010307108;2.344166270448422
235;77;6;3.864123369717339;3.864123369717339;3.818258516780429
236;76;4;2.672461010974353;2.672461010974353;2.7667500021227256
237;39;5;3.6241064377571264;3.6241064377571264;3.012595456688872
238;118;7;2.56719271442157;2.56719271442157;2.9575460338805
239;33;5;3.2314609167438593;3.2314609167438593;3.0978460965523564
240;32;4;5.256867654018734;5.256867654018734;4.500006608656042
241;39;6;4.389176740521617;4.389176740521617;3.377473662277494
242;92;6;3.296539137641684;3.296539137641684;3.2330213180142766
243;78;5;4.975515613537344;4.975515613537344;4.327015830839726
244;44;5;4.456170717372128;4.456170717372128;3.556590047192125
245;103;5;2.6341233481660957;2.6341233481660957;2.9286317148284344
246;158;6;3.8033690219948424;3.8033690219948424;3.8983626739869983
247;47;6;2.6395384623363665;2.6395384623363665;2.7030625314412187
248;71;6;3.4360225328565797;3.4360225328565797;3.5576190671702443
249;120;6;4.271190080811111;4.271190080811111;4.079639784571367
250;129;5;3.7000342815465816;3.7000342815465816;3.785289874484894
251;87;4;3.460302428996672;3.460302428996672;3.3754110848461774
252;81;6;2.6116226304934034;2.6116226304934034;2.9023861915034703
253;90;6;5.375399518864518;5.375399518864518;4.318603044868574
254;78;5;4.370295350322796;4.370295350322796;4.336979281310542
255;118;7;2.406336057562643;2.406336057562643;2.773857046746006
256;67;5;3.444783216793147;3.444783216793147;3.3705763823183834
257;81;3;2.7879209311510356;2.7879209311510356;2.848011857437498
258;53;3;2.6803733537091707;2.6803733537091707;2.580309398845783
259;74;6;3.7387350950006972;3.7387350950006972;3.7879499416912004
260;37;5;2.7519077043574938;2.7519077043574938;2.797579223188403
261;90;4;3.01402830108073;3.01402830108073;3.1508712542572126
262;37;6;4.719343733104753;4.719343733104753;3.9512317788579203
263;73;6;3.919741130034179;3.919741130034179;3.977553556064853
264;45;3;1.009919590463259;1.009919590463259;1.4044406417146058
265;50;5;2.6467571701829398;2.6467571701829398;2.7375894253358095
266;78;7;2.5076121235998565;2.5076121235998565;2.737188306883432
267;35;6;3.283086570067576;3.283086570067576;2.7604125495708014
268;57;5;3.430544895685838;3.430544895685838;3.3291243939816417
269;100;6;3.9775134732699886;3.9775134732699886;3.9720512131904897
270;70;4;4.169785007033783;4.169785007033783;3.6854973390281307
271;90;6;3.327249393562325;3.327249393562325;3.511437184168721
272;116;5;3.1560372482205215;3.1560372482205215;3.3297263413463476
273;93;5;3.239434315486649;3.239434315486649;3.3840420872375043
274;88;5;6.144496902341856;6.144496902341856;5.462270625599854
275;104;5;4.4864830539415665;4.4864830539415665;4.277663332447939
276;108;6;3.122484737289376;3.122484737289376;3.327287197375817
277;89;4;3.073927792279751;3.073927792279751;3.1480027674295945
278;97;5;3.2552964569531064;3.2552964569531064;3.1768156050513365
279;17;3;8.828689961460162;8.828689961460162;4.107022721357163
280;16;4;3.746385932589485;3.746385932589485;2.0690188601631627
281;71;6;5.467436629096885;5.467436629096885;4.644603778463229
282;57;4;5.9267180831234825;5.9267180831234825;3.5643633837982347
283;45;3;1.0377661237981735;1.0377661237981735;1.433130243028615
284;40;5;3.804009510785345;3.804009510785345;3.3511560645317338
285;61;2;2.19636577746415;2.19636577746415;2.0194574484942587
286;82;4;4.077774551506142;4.077774551506142;3.620076301885802
287;74;4;2.2292228453066896;2.2292228453066896;2.434275037886402
288;42;3;1.2237278869641088;1.2237278869641088;1.492546724943997
289;89;6;2.8742452702690264;2.8742452702690264;3.133417917352768
290;65;6;3.166827985992732;3.166827985992732;3.1158367937152045
291;82;6;3.8174270170952367;3.8174270170952367;3.8626045737316326
292;53;6;2.7520078300217383;2.7520078300217383;2.9501497888661317
293;106;6;3.0857227710448076;3.0857227710448076;3.4966224144756275
294;119;6;3.6158234314791766;3.6158234314791766;3.744212689257391
295;14;4;5.138634511543038;5.138634511543038;2.6494978823772004
296;90;5;3.2207097055728076;3.2207097055728076;3.239954000035211
297;80;4;2.5003612331758345;2.5003612331758345;2.660758297474861
298;117;7;3.6638157730311693;3.6638157730311693;3.6536347938052485
299;64;6;2.6516923467815716;2.6516923467815716;2.940994829073342
300;88;6;3.014756829687033;3.014756829687033;3.2069135259023165
301;46;3;5.475575064336799;5.475575064336799;3.8783344118535155
302;91;6;4.646217481707689;4.646217481707689;4.282327166764578
303;88;4;2.9776348927959004;2.9776348927959004;3.013662398089398
304;31;3;10.013873850948272;10.013873850948272;4.504998300364528
305;112;6;3.6975555773571562;3.6975555773571562;4.032295825265517
306;2;3;12.42350428472527;12.42350428472527;2.5053608539350014
307;88;6;3.3646886064610513;3.3646886064610513;3.32263756730104
308;90;6;4.392630191053442;4.392630191053442;4.344809049775602
309;88;4;2.9401954434839292;2.9401954434839292;2.992841180771192
310;139;6;4.054405320375701;4.054405320375701;4.194363670263353
311;132;6;3.0174533793298153;3.0174533793298153;3.3016388196760076
312;113;6;3.1768208527962982;3.1768208527962982;3.1776004435294265
313;90;5;3.809218510342852;3.809218510342852;4.028803148884182
314;86;6;3.3057961828529154;3.3057961828529154;3.505605120866885
315;105;6;2.466905258184261;2.466905258184261;2.8602135494685936
316;115;5;3.850505951969019;3.850505951969019;3.9718685582475666
317;84;5;4.103169379060356;4.103169379060356;3.9941363443684867
318;128;6;2.563985967204067;2.563985967204067;2.913202887006546
319;77;5;4.095921638585614;4.095921638585614;3.9562943492769223
320;37;6;3.158764582723241;3.158764582723241;2.8842144260405167
321;41;6;3.5637722962245126;3.5637722962245126;2.8897431672612437
322;84;5;3.325085368100954;3.325085368100954;3.427577190816764
323;83;7;2.385013930838011;2.385013930838011;2.504669058583981
324;93;5;4.648965181178358;4.648965181178358;4.4878754140930175
325;77;3;2.851598686991842;2.851598686991842;2.8604709310816543
326;132;6;2.824677554746035;2.824677554746035;3.246943514785866
327;66;5;3.404828674706418;3.404828674706418;3.24293381091155
328;49;3;1.1294260651356653;1.1294260651356653;1.4800591817967776
329;69;5;3.2925849093665986;3.2925849093665986;3.2089335075761287
330;41;5;3.698244173105288;3.698244173105288;3.303601458353937
331;81;4;3.44831614487764;3.44831614487764;3.3279790389945183
332;62;3;2.5291877977370394;2.5291877977370394;2.2463862487372586
333;75;4;3.146104187283179;3.146104187283179;3.0722261994377256
334;75;6;3.3932979928434523;3.3932979928434523;3.169874012914026
335;90;6;3.4420535208754477;3.4420535208754477;3.303972279123492
336;97;5;3.343181657026392;3.343181657026392;3.429112590427137
337;55;3;2.0740498304437645;2.0740498304437645;2.111831613954835
338;110;5;3.2984444667183896;3.2984444667183896;3.394607742102939
339;112;5;3.7242137591136064;3.7242137591136064;3.86253655972759
340;127;5;2.994942828689377;2.994942828689377;3.450092849700207
341;56;3;2.6023977433573635;2.6023977433573635;2.301067805144806
342;92;6;3.5214700813472444;3.5214700813472444;3.4463437850574916
343;12;5;4.404273763926731;4.404273763926731;2.9983840733941696
344;102;7;2.6096144545333186;2.6096144545333186;2.78852853671109
345;76;5;2.806675494342839;2.806675494342839;2.8928667978885603
346;136;5;2.810027727050241;2.810027727050241;3.1356883734375343
347;77;4;2.687765435941119;2.687765435941119;2.854704950786699
348;142;6;2.577117955827237;2.577117955827237;2.953016847650717
349;93;6;4.658381172476965;4.658381172476965;4.197821087115233
350;104;5;3.472571613864404;3.472571613864404;3.7133888034110054
351;99;6;3.087385206587644;3.087385206587644;3.3977229424798137
352;128;6;3.3531411852693154;3.3531411852693154;3.524883921791219
353;85;4;3.2843509377199815;3.2843509377199815;3.325079643838947
354;82;5;2.9679035109946104;2.9679035109946104;3.074038373134685
355;79;6;4.914646672736556;4.914646672736556;4.64041379978198
356;76;4;2.447306652935828;2.447306652935828;2.6081787663011644
357;125;6;3.3242141944211143;3.3242141944211143;3.498299764552085
358;35;5;4.310270359375889;4.310270359375889;3.7612123531988506
359;11;4;5.069366469751089;5.069366469751089;3.8347943036011967
360;129;5;3.210177861583345;3.210177861583345;3.3062151344532325
361;73;5;4.066899211369931;4.066899211369931;4.171061683752896
362;95;5;4.999434780049814;4.999434780049814;4.608191018262979
363;28;4;3.0104607698489896;3.0104607698489896;2.2434460912559
364;141;6;3.3682640824795334;3.3682640824795334;3.5651490478121444
365;60;5;5.230480719130906;5.230480719130906;4.6972795764765
366;65;3;4.636113475175993;4.636113475175993;3.7952644219063627
367;136;6;2.7720898673495373;2.7720898673495373;3.216021710452066
368;67;6;4.4641262350098625;4.4641262350098625;4.021517461376313
369;43;3;3.3114587967135174;3.3114587967135174;2.6035197643420314
370;48;3;2.7583042563586613;2.7583042563586613;2.2850128058577703
371;146;6;3.7970260103850277;3.7970260103850277;4.030456115439394
372;85;6;3.722945116304651;3.722945116304651;3.4182226282711317
373;116;7;3.0711759150481774;3.0711759150481774;3.198546707599616
374;94;7;2.3800467334808144;2.3800467334808144;2.6821324126481305
375;126;5;2.6625320722453543;2.6625320722453543;2.9797907031799595
376;43;3;1.128512859027085;1.128512859027085;1.469530835139264
377;54;6;4.05350276899254;4.05350276899254;3.678659408884491
378;154;6;2.7669974299152016;2.7669974299152016;3.1259443069070225
379;63;5;5.138084616717457;5.138084616717457;4.452417947209926
380;122;5;2.9561127479116185;2.9561127479116185;3.1578025466605757
381;14;3;4.3240827334044125;4.3240827334044125;2.6684494168143744
382;77;5;3.577160991989992;3.577160991989992;3.7862433151600166
383;128;6;3.8306852211338107;3.8306852211338107;4.051923062524067
384;109;6;3.9433379590902713;3.9433379590902713;3.9462677812159717
385;114;6;3.2441337412298106;3.2441337412298106;3.4044562035168053
386;64;5;3.196396669245391;3.196396669245391;3.293160267663987
387;71;3;3.1937749840245404;3.1937749840245404;3.2333215212681954
388;54;5;4.541742864997906;4.541742864997906;4.0191032599054175
389;48;3;1.0885249740596445;1.0885249740596445;1.4715006374590738
390;86;4;3.4815506082182104;3.4815506082182104;3.332806540338661
391;142;6;2.782757764457329;2.782757764457329;3.0632663307594163
392;103;6;3.65451641390091;3.65451641390091;3.7928916833078903
393;50;3;1.176145989145678;1.176145989145678;1.4875033214040863
394;48;5;3.603926367284182;3.603926367284182;3.673313586163153
395;38;5;2.6316179480482567;2.6316179480482567;2.6554675573337163
396;58;4;4.333963823311189;4.333963823311189;3.393451787101263
397;18;3;3.895115408984789;3.895115408984789;2.684997024196918
398;121;6;2.3662893317871587;2.3662893317871587;2.789094781959623
399;153;6;3.891258179055233;3.891258179055233;4.008651342247851
400;99;7;3.0270183046730046;3.0270183046730046;3.111031231050999
401;124;6;2.8504932557909126;2.8504932557909126;3.1344431617339827
402;53;6;3.841196075018208;3.841196075018208;3.6761895135430263
403;79;6;3.293586371411142;3.293586371411142;3.4319020957321587
404;110;6;6.317017651020805;6.317017651020805;5.20604335788755
405;55;5;3.6326773297204906;3.6326773297204906;3.777362076801616
406;61;2;2.4029770388267497;2.4029770388267497;2.1813622269463586
407;126;5;2.7733444197950683;2.7733444197950683;2.983710989493387
408;69;6;4.3720812791137;4.3720812791137;3.6008663981598485
409;116;6;4.071749704580755;4.071749704580755;4.059407693607751
410;83;5;3.4196938449343586;3.4196938449343586;3.246090153818897
411;70;5;4.4004150213037265;4.4004150213037265;4.2488884772474895
412;37;5;3.2167004731124273;3.2167004731124273;3.160124486154988
413;23;5;6.694061748783935;6.694061748783935;4.419828309896394
414;64;5;6.338027176446559;6.338027176446559;5.378011537440617
415;74;5;4.840251382414228;4.840251382414228;4.851080239797345
416;110;5;2.549319169832543;2.549319169832543;3.0190650576567215
417;69;6;3.666821687529717;3.666821687529717;3.358340157362552
418;138;6;5.695844511310291;5.695844511310291;5.193446104639323
419;82;5;3.0636288500713835;3.0636288500713835;3.1915568246496906
420;36;3;2.8124632784241026;2.8124632784241026;2.2324153234106885
421;44;6;4.218858687299792;4.218858687299792;3.7227881003812087
422;76;5;4.384825692887162;4.384825692887162;3.9540925696849256
423;66;4;5.518646760135909;5.518646760135909;4.117593240156967
424;98;4;3.5791714097817033;3.5791714097817033;3.2369384476593055
425;96;7;2.31906828850173;2.31906828850173;2.668566620321493
426;54;3;1.3892470117644853;1.3892470117644853;1.596886960581559
427;82;5;4.19130129140464;4.19130129140464;4.060241545462209
428;97;6;3.0932476254680425;3.0932476254680425;3.189675795107045
429;108;5;3.286835766815322;3.286835766815322;3.454996028164054
430;66;6;4.7899608646648275;4.7899608646648275;4.446305924948337
431;66;6;2.9602828949499984;2.9602828949499984;3.1798898635311463
432;117;6;2.9335680104159407;2.9335680104159407;3.30109303798883
433;140;6;3.534358991564248;3.534358991564248;3.6525868197334996
434;41;5;4.4343048074136275;4.4343048074136275;4.003506461423813
435;107;6;3.1304053178339784;3.1304053178339784;3.1974768079873184
436;78;4;2.729014299926035;2.729014299926035;2.747273377771714
437;63;5;4.217119631006719;4.217119631006719;4.334152978526579
438;45;6;2.672277799693149;2.672277799693149;2.5181402714401533
439;105;6;3.627232886113333;3.627232886113333;3.922535133831943
440;90;7;2.2035389915605252;2.2035389915605252;2.528217568356971
441;170;6;4.15470320996186;4.15470320996186;4.251233831312754
442;122;6;2.8350954159302866;2.8350954159302866;3.146678877685769
443;91;5;4.120795419484467;4.120795419484467;3.765653738775411
444;46;6;2.6545354810370303;2.6545354810370303;2.860679770241158
445;101;5;3.981774132819661;3.981774132819661;3.6550916022005353
446;40;4;4.365710825714052;4.365710825714052;3.8960671432016634
447;43;7;2.7863850805868577;2.7863850805868577;2.5740845639698264
448;95;6;3.7897547412537573;3.7897547412537573;3.6944147183428204
449;123;5;2.6123668299984955;2.6123668299984955;3.054712651211077
450;14;4;4.251114177074884;4.251114177074884;2.4771092145011355
451;75;6;3.5712169941084286;3.5712169941084286;3.3982766650624923
452;48;3;1.0977978191677678;1.0977978191677678;1.4754310104423343
453;31;5;3.072026815185654;3.072026815185654;3.064677824160932
454;107;7;2.4521571316753596;2.4521571316753596;2.7357651713673055
455;145;5;4.433226182602905;4.433226182602905;4.450446452736351
456;70;5;3.078498893994477;3.078498893994477;2.9992334227821957
457;83;5;3.7394230056998756;3.7394230056998756;3.817080334003973
458;79;3;2.864848207806465;2.864848207806465;3.1022544912071974
459;53;5;2.94048078446022;2.94048078446022;2.943242147197808
460;89;4;2.6218660268585223;2.6218660268585223;2.7477691038879035
461;116;6;4.052958877591879;4.052958877591879;4.08136372624685
462;130;6;2.918227705501199;2.918227705501199;3.246811870964114
463;119;6;3.7013181698824855;3.7013181698824855;3.7705414640191734
464;108;6;3.707140800798825;3.707140800798825;3.7516308516312384
465;49;6;2.867389633047312;2.867389633047312;2.825359774381633
466;67;5;3.5657939698897954;3.5657939698897954;3.7180126799860225
467;59;3;3.1107822807419434;3.1107822807419434;2.7194660863761295
468;56;6;4.407967801127171;4.407967801127171;3.8198253804430062
469;43;3;1.2773595093262635;1.2773595093262635;1.5351319349356232
470;124;6;3.3298050988979946;3.3298050988979946;3.6051269378894553
471;75;6;6.2057452050875;6.2057452050875;4.780395530899314
472;141;6;3.6644859496083777;3.6644859496083777;3.8222102292980757
473;97;5;4.262052778996836;4.262052778996836;4.21845397180506
474;101;6;3.426752418669697;3.426752418669697;3.703643807739726
475;50;3;1.2118026071093526;1.2118026071093526;1.5264574813191307
476;38;3;2.581769193097621;2.581769193097621;2.182472987384503
477;65;4;2.187531257678581;2.187531257678581;2.261036624003889
478;130;6;4.657107984933968;4.657107984933968;4.767354746131618
479;52;5;4.85278835154314;4.85278835154314;4.365916834967461
480;83;6;3.276177165323774;3.276177165323774;3.5242366416756683
481;42;3;1.2019267302641075;1.2019267302641075;1.4948054371365502
482;71;5;3.589205289747981;3.589205289747981;3.406216644006734
483;76;6;2.6689381327351716;2.6689381327351716;2.9880858825985945
484;41;3;1.261206722044354;1.261206722044354;1.4945541948358998
485;122;6;4.695090805192523;4.695090805192523;4.54773147655873
486;39;4;2.480821411218269;2.480821411218269;2.1414509351046944
487;33;4;3.9371597501599855;3.9371597501599855;3.7479959977474664
488;138;6;4.397548404849929;4.397548404849929;4.395803782433582
489;42;5;3.538689399157054;3.538689399157054;3.5327913436786518
490;117;6;3.6411380073065067;3.6411380073065067;3.8110946158498775
491;84;7;2.2347464350786144;2.2347464350786144;2.526348786619899
492;109;6;2.9949760408250916;2.9949760408250916;3.2792377362520306
493;75;5;5.28975035735037;5.28975035735037;4.765937152527014
494;46;3;1.0524698715373706;1.0524698715373706;1.4456564173597157
495;22;3;4.741615679811251;4.741615679811251;2.979279276262477
496;96;6;4.936000062823593;4.936000062823593;4.411452751506309
497;66;5;5.348166473672888;5.348166473672888;4.488895742526815
498;80;4;2.7652243445524682;2.7652243445524682;2.9467105746208144
499;115;6;3.544711522742955;3.544711522742955;3.740538896514345
500;38;5;3.1757674979403396;3.1757674979403396;3.138928643981038
501;70;7;3.1755301037500576;3.1755301037500576;3.102970743500277
502;66;5;4.155362606405335;4.155362606405335;3.8872541375703715
503;77;3;2.7236393236540044;2.7236393236540044;2.6738526859893605
504;45;5;2.758462011456683;2.758462011456683;2.950848725191952
505;88;7;2.5835842591916895;2.5835842591916895;2.869482326714125
506;78;5;2.77248407436331;2.77248407436331;3.072384302234381
507;92;6;3.884384578399766;3.884384578399766;4.117775289889145
508;49;3;1.5055514739380504;1.5055514739380504;1.6958915905705807
509;110;6;3.597070039342645;3.597070039342645;3.9505184706646514
510;114;5;2.571515641810747;2.571515641810747;2.99394927106119
511;43;5;2.7867079934807895;2.7867079934807895;2.8043378186539485
512;46;3;1.0092921772341634;1.0092921772341634;1.4250466625641394
513;88;4;2.641661439015414;2.641661439015414;2.788006374740208
514;97;4;2.9350995708094727;2.9350995708094727;3.0740095996820673
515;44;5;2.689474394384723;2.689474394384723;2.777542264679402
516;24;4;3.7522835307236324;3.7522835307236324;2.444289271880518
517;72;3;3.2110619132474;3.2110619132474;3.2224035682448484
518;102;6;4.820366495348456;4.820366495348456;4.597376362121996
519;153;6;3.531370820382057;3.531370820382057;3.8301739858976522
520;41;5;3.5580988212634685;3.5580988212634685;3.2694010373499145
521;44;3;1.1741665093370832;1.1741665093370832;1.495228136481592
522;134;6;2.745047570440043;2.745047570440043;3.1905247471150173
523;68;5;4.423961795354669;4.423961795354669;4.339309520192896
524;33;5;4.487628701816741;4.487628701816741;3.2867931314297967
525;93;6;4.86252620619427;4.86252620619427;4.4575202965720635
526;73;5;3.418126553743713;3.418126553743713;3.371145568208849
527;126;6;3.6497328549062398;3.6497328549062398;3.836566878714143
528;86;6;3.122167309685876;3.122167309685876;3.4831336299490596
529;77;3;3.4330502426037692;3.4330502426037692;3.2270361734916526
530;4;3;6.990293200468796;6.990293200468796;4.090917037176631
