Skewness: -0.02566123186667153, Average LID: LPCA: 4.868173258003766  |||  MLE: 3.2985579794532995  |||  MLENB: 3.2985579794532995  |||  TLE: 3.1361286898603846
LPCA: 0.6687264807637323  |||  MLE: -0.07105503651060413  |||  MLENB: -0.07105503651060413  |||  TLE: 0.3840082351385811
node;in_degree;local_intrinsic_dimensionality_LPCA;local_intrinsic_dimensionality_MLE;local_intrinsic_dimensionality_MLENB;local_intrinsic_dimensionality_TLE
0;32;5;4.735477248000539;4.735477248000539;3.3710801583725063
1;28;3;3.154319165133534;3.154319165133534;2.1645133294883823
2;19;4;4.07785702848192;4.07785702848192;2.6600782440986825
3;48;3;1.1582067624114132;1.1582067624114132;1.5827439161859322
4;148;6;3.8514774451051736;3.8514774451051736;3.7327434997595255
5;48;4;5.1491421318329875;5.1491421318329875;3.209759852965228
6;94;6;3.058315932125449;3.058315932125449;3.234109623707595
7;39;5;2.7806259017299957;2.7806259017299957;2.601403296718398
8;46;3;1.2676999306044345;1.2676999306044345;1.6055521305575002
9;86;6;3.745687763799209;3.745687763799209;3.290083730977759
10;173;5;2.823356502124977;2.823356502124977;2.99219292884243
11;45;3;1.336863732318973;1.336863732318973;1.6352772602988783
12;139;6;2.4674621083774744;2.4674621083774744;2.842451709258175
13;55;3;1.3137372906924547;1.3137372906924547;1.6317321164314755
14;164;5;2.5957346764563303;2.5957346764563303;2.871427549038962
15;131;6;2.4074857714867943;2.4074857714867943;2.615985363699466
16;150;6;2.9854497936345608;2.9854497936345608;3.1901456403096624
17;111;5;3.16640729977109;3.16640729977109;3.3534234543392762
18;154;6;2.8540024325310696;2.8540024325310696;3.0726166896985134
19;94;5;3.2118633689533898;3.2118633689533898;3.127990992940008
20;62;3;2.568623150297902;2.568623150297902;2.302079016219711
21;102;5;2.840614682420093;2.840614682420093;2.886566804839304
22;119;5;3.85113832862371;3.85113832862371;3.9354724258203144
23;100;6;2.2444139914537247;2.2444139914537247;2.5071768959042506
24;72;5;4.5992304975999465;4.5992304975999465;4.25951305266653
25;48;3;1.1711715046421953;1.1711715046421953;1.5769883532746245
26;167;6;2.598841452631873;2.598841452631873;2.980770630757614
27;102;6;2.2013133510706213;2.2013133510706213;2.4829368018774147
28;98;5;4.871047004102408;4.871047004102408;4.352480282017554
29;135;6;2.921473159338893;2.921473159338893;3.1944949229165176
30;142;6;3.769560727277446;3.769560727277446;3.794966328801836
31;72;4;2.5006715791704313;2.5006715791704313;2.4717926544575364
32;92;4;3.4046366415735694;3.4046366415735694;3.0392793341292452
33;99;5;4.517970372590348;4.517970372590348;4.3997509742210905
34;90;5;3.988260391407813;3.988260391407813;3.8767251497620143
35;33;6;3.316624333869833;3.316624333869833;2.5262715714808013
36;130;4;4.1172845145566415;4.1172845145566415;4.051734021309083
37;139;6;3.1171865633992257;3.1171865633992257;3.079040172603653
38;62;4;4.822834663006632;4.822834663006632;4.269952932074879
39;59;3;2.363722282208172;2.363722282208172;2.3620807662850383
40;113;6;3.639619143563244;3.639619143563244;3.587347042907714
41;106;6;4.442117747279131;4.442117747279131;3.728093534043106
42;158;6;3.5064561587576524;3.5064561587576524;3.8321379684629058
43;66;4;2.2468173739294515;2.2468173739294515;2.307228191384233
44;138;6;3.8549459340943817;3.8549459340943817;3.6662807090601053
45;172;5;3.4711310859589632;3.4711310859589632;3.5764649005752145
46;60;3;2.9217590404544427;2.9217590404544427;2.4766184136579015
47;49;3;1.2197670057406467;1.2197670057406467;1.6020906968023048
48;133;6;3.7489184970175207;3.7489184970175207;3.826496435812266
49;108;6;2.624107314638445;2.624107314638445;2.9128595927748124
50;163;6;3.8078956090626166;3.8078956090626166;3.9211146554240783
51;98;4;2.8825623443037798;2.8825623443037798;2.9495144327437703
52;85;4;3.2490458239228253;3.2490458239228253;3.195395961483913
53;52;3;2.523372997959775;2.523372997959775;2.220729817060493
54;75;3;2.3383234710769982;2.3383234710769982;2.409473534452716
55;57;3;2.250864352857791;2.250864352857791;2.224623709178041
56;136;6;3.7305491564999995;3.7305491564999995;3.690182525313164
57;81;6;2.5686336216230536;2.5686336216230536;2.6243601069773823
58;129;6;4.582659473990342;4.582659473990342;4.126407817431921
59;45;5;2.868214053999422;2.868214053999422;2.917193782683
60;31;4;4.52500438453993;4.52500438453993;3.758464197484587
61;149;5;2.599666303862049;2.599666303862049;2.8361535811651515
62;75;4;2.643462496760401;2.643462496760401;2.6439521570931177
63;46;5;3.412096485874296;3.412096485874296;3.0947917511272682
64;65;4;4.542203547633331;4.542203547633331;4.208822408095415
65;45;3;1.3377830178192016;1.3377830178192016;1.6172059100437066
66;29;4;3.1797305748895215;3.1797305748895215;2.2092397535567727
67;43;3;2.7471496752959768;2.7471496752959768;2.2503726134138384
68;70;5;3.6269836195386405;3.6269836195386405;3.6564127658782213
69;80;4;3.8592284008924955;3.8592284008924955;3.787986156489735
70;130;5;3.726059682575445;3.726059682575445;3.8852232754612603
71;94;4;3.983707824157454;3.983707824157454;3.486906002207731
72;109;4;2.528586369019776;2.528586369019776;2.7704751976168427
73;68;6;5.278998134211386;5.278998134211386;4.147583057996658
74;52;5;3.8876160081408275;3.8876160081408275;3.029583782433393
75;110;5;3.9867618136351677;3.9867618136351677;3.952738730340659
76;43;3;1.6150789669680343;1.6150789669680343;1.6922144049630017
77;113;6;3.012586823028256;3.012586823028256;3.338795627319394
78;112;6;4.819620573160112;4.819620573160112;4.042715013445345
79;56;3;1.4326558008279497;1.4326558008279497;1.6861309520530876
80;155;6;2.3354760030156436;2.3354760030156436;2.6074762511915286
81;51;3;1.2516425099746173;1.2516425099746173;1.6119860949397857
82;101;5;3.691227794265138;3.691227794265138;3.4999817498395043
83;169;6;2.7479490590392333;2.7479490590392333;3.0854361634321066
84;44;3;1.3228704368052755;1.3228704368052755;1.621037963858156
85;179;5;2.5844470203524232;2.5844470203524232;2.81990347343245
86;153;5;3.524959649981035;3.524959649981035;3.507714460559961
87;46;3;3.4160704915617863;3.4160704915617863;2.491037094392416
88;48;3;1.1517891079956701;1.1517891079956701;1.574909101901347
89;17;4;3.275890003304352;3.275890003304352;1.946599506714137
90;105;5;3.460930153276997;3.460930153276997;3.3786783399525664
91;99;5;3.467998047685813;3.467998047685813;3.476788126639562
92;47;3;1.2429369134236625;1.2429369134236625;1.5965798410608436
93;122;5;2.976723444339751;2.976723444339751;3.159184770469054
94;150;6;3.460145834185481;3.460145834185481;3.7729827264612834
95;114;5;2.9652137645728316;2.9652137645728316;2.949376647853569
96;118;5;2.7018163252983416;2.7018163252983416;2.8328680334777547
97;46;5;2.8508399456715003;2.8508399456715003;2.8422822799171783
98;147;5;3.25606457659775;3.25606457659775;3.3678690954313595
99;60;3;1.7705663754669971;1.7705663754669971;1.8440601572247746
100;88;5;6.396640512585551;6.396640512585551;5.323250813377346
101;125;6;3.523015332390026;3.523015332390026;3.5849368358771336
102;115;5;3.6791677945136807;3.6791677945136807;3.70877375364906
103;166;6;2.9764300401557784;2.9764300401557784;3.2023489538855516
104;60;3;5.043612599906902;5.043612599906902;3.566429418850053
105;58;5;3.329974489566264;3.329974489566264;3.3161505153500803
106;67;3;2.8025973724580684;2.8025973724580684;2.6811196264667023
107;170;6;2.286965481665067;2.286965481665067;2.6130880009882826
108;111;6;3.2158735646144976;3.2158735646144976;3.2097907822613214
109;127;5;3.7102165972431465;3.7102165972431465;3.5239410754953124
110;82;5;3.633493339244236;3.633493339244236;3.570104818963783
111;19;4;3.2098667686010303;3.2098667686010303;1.9778836025951179
112;29;5;3.73492132745543;3.73492132745543;2.8457030915084514
113;181;6;3.1617771804562507;3.1617771804562507;3.342036420166389
114;89;6;3.0050047231891153;3.0050047231891153;3.1723949748472657
115;139;5;3.5345852617191094;3.5345852617191094;3.6009093869190454
116;137;5;2.975398002294394;2.975398002294394;3.0149235044763354
117;110;5;2.866187964145302;2.866187964145302;2.942994810962866
118;56;3;1.479706971518052;1.479706971518052;1.717519770685095
119;89;4;3.786371100857815;3.786371100857815;3.524480623486916
120;18;4;4.904434130366573;4.904434130366573;3.718286072895494
121;62;3;3.228156850662904;3.228156850662904;2.67938806965518
122;167;6;3.4077308519716447;3.4077308519716447;3.575955839578244
123;166;5;3.574546509851877;3.574546509851877;3.5856977231466267
124;71;6;3.642710078869416;3.642710078869416;3.593574193535118
125;60;5;3.112989892043812;3.112989892043812;3.2313686484443305
126;184;6;3.1071013376556724;3.1071013376556724;3.334298967473603
127;71;3;2.2449942309335036;2.2449942309335036;2.3317826982256835
128;54;5;3.599743416964938;3.599743416964938;3.6247620038620214
129;107;5;4.7778228603203114;4.7778228603203114;4.296732043844095
130;61;6;2.57456044035359;2.57456044035359;2.4960305745338918
131;137;6;3.635479728689845;3.635479728689845;3.3148914023415763
132;80;5;3.361187797161284;3.361187797161284;3.2732548525239404
133;79;4;3.4680729742105187;3.4680729742105187;3.590733298273607
134;113;6;2.686008186647594;2.686008186647594;2.8205320753086975
135;69;3;2.3389131754752714;2.3389131754752714;2.3096193932234175
136;178;6;4.088644865956395;4.088644865956395;4.034573006723697
137;124;5;3.0121273937667814;3.0121273937667814;3.1588025599068663
138;119;4;2.954404676521038;2.954404676521038;3.047099188911399
139;128;6;3.488340015358385;3.488340015358385;3.5260463179912085
140;98;5;3.3013879673007627;3.3013879673007627;3.1891443318066885
141;155;6;2.5691420047922966;2.5691420047922966;2.8124388912925276
142;91;5;3.523234853560289;3.523234853560289;3.658751037976771
143;50;4;2.467993387327525;2.467993387327525;2.203174907336148
144;47;3;1.1744808040840946;1.1744808040840946;1.5810122056271976
145;48;3;1.1675117532485275;1.1675117532485275;1.5706773115634602
146;24;3;4.4285892717483915;4.4285892717483915;2.822337464749029
147;123;6;3.2042546574794364;3.2042546574794364;3.005533810429428
148;111;5;3.45324454412191;3.45324454412191;3.438964781138485
149;160;6;3.588683889226328;3.588683889226328;3.5283393303782513
150;92;5;3.5019396045091122;3.5019396045091122;3.270951683492589
151;74;3;3.8823457144423803;3.8823457144423803;3.2934073794693135
152;171;5;3.6138661020591316;3.6138661020591316;3.747516862601407
153;147;5;2.765183922487004;2.765183922487004;2.9708857687004073
154;112;5;2.748217260615156;2.748217260615156;2.8957045321678887
155;86;4;5.407870483805464;5.407870483805464;4.263906588200966
156;104;6;3.11575786201231;3.11575786201231;3.3098126651236974
157;161;6;2.7080093350814494;2.7080093350814494;2.9078346897260574
158;58;3;2.8540241250093894;2.8540241250093894;2.654246610554766
159;72;3;2.5858276914016622;2.5858276914016622;2.2875365755876493
160;147;6;4.997420204487659;4.997420204487659;4.102889001315627
161;104;5;4.588657286330633;4.588657286330633;4.216224784412448
162;120;5;2.7027532558041254;2.7027532558041254;2.8718500070393578
163;130;6;3.8746483887453262;3.8746483887453262;3.7061915175196742
164;168;6;2.906150315601869;2.906150315601869;3.1310860758976258
165;167;6;3.475036697268236;3.475036697268236;3.644079046164238
166;71;3;2.18163280217779;2.18163280217779;2.2914582941516146
167;110;6;4.57064879149289;4.57064879149289;4.2406079404033585
168;135;5;3.506891197527314;3.506891197527314;3.5724444756422513
169;120;5;3.5000467414690437;3.5000467414690437;3.713921230204834
170;160;5;2.9557335495320616;2.9557335495320616;3.18409269138676
171;153;5;2.9769569891046532;2.9769569891046532;3.2143737974397366
172;23;3;4.674986043198942;4.674986043198942;2.487194461906152
173;117;6;2.9519322015003975;2.9519322015003975;2.8505171076089586
174;76;4;3.2943860147131185;3.2943860147131185;3.4315623993435254
175;45;3;1.2247832991134115;1.2247832991134115;1.5845941113489002
176;126;6;3.128106488032798;3.128106488032798;3.270282398966353
177;110;5;4.120553449007346;4.120553449007346;4.083357457998776
178;112;5;5.531958813485785;5.531958813485785;5.128565596475509
179;47;4;2.8007434853029167;2.8007434853029167;2.350579451700633
180;109;4;3.2523671526263382;3.2523671526263382;3.156779806980421
181;137;6;2.785774235603497;2.785774235603497;3.1375371756310777
182;37;4;4.215443783277578;4.215443783277578;3.5888682405519807
183;144;6;3.409552712132078;3.409552712132078;3.574505282066395
184;56;3;2.635583093219925;2.635583093219925;2.4545366442370398
185;148;5;2.660941504581091;2.660941504581091;3.0226153997839305
186;69;4;2.3890718795946673;2.3890718795946673;2.391597163504743
187;172;6;2.8008628241413955;2.8008628241413955;3.121386840402032
188;88;4;3.6541945530355155;3.6541945530355155;3.3792755883418355
189;65;5;4.081982013041481;4.081982013041481;3.250064353245569
190;161;6;4.33917571629095;4.33917571629095;4.0168020457565135
191;115;5;3.1074677825019332;3.1074677825019332;3.21457420046549
192;24;4;3.1236079210367564;3.1236079210367564;2.090264614173097
193;108;5;3.477497400942647;3.477497400942647;3.607036059759493
194;45;4;4.780702742378618;4.780702742378618;3.8737085088505485
195;176;6;3.5577953856682054;3.5577953856682054;3.7951213820948495
196;131;6;2.8411127616669223;2.8411127616669223;3.061225409521597
197;135;6;2.345203196634773;2.345203196634773;2.540695213644768
198;59;3;4.687729606678149;4.687729606678149;3.619880744169308
199;94;4;3.2729762600929444;3.2729762600929444;3.1077244388327094
200;142;6;3.184107915117043;3.184107915117043;3.351423983771095
201;44;5;2.852780104738708;2.852780104738708;2.7091162142772864
202;48;5;2.759175950262221;2.759175950262221;2.813218796870864
203;176;6;2.9939357908284814;2.9939357908284814;3.338029483727737
204;93;5;3.4459485453644754;3.4459485453644754;3.269559900966269
205;148;5;2.6439737681475277;2.6439737681475277;2.959595062253508
206;154;6;3.81698247225817;3.81698247225817;3.6238348356624446
207;162;6;3.3166972472022844;3.3166972472022844;3.3580285537146755
208;124;6;3.329065028844743;3.329065028844743;3.3731558630499325
209;13;3;6.064633651001923;6.064633651001923;2.298331366760094
210;148;5;2.8648912343690367;2.8648912343690367;3.054130907631869
211;167;6;3.6413527081681307;3.6413527081681307;3.656991724989578
212;122;5;4.152723933116708;4.152723933116708;4.146864415283831
213;93;5;4.088882450575074;4.088882450575074;3.7722026450594477
214;163;6;2.4170840873383015;2.4170840873383015;2.7549788101293835
215;115;5;3.5749779650593174;3.5749779650593174;3.6814501609571617
216;126;5;2.6262600245635874;2.6262600245635874;2.904425654910967
217;96;4;3.221616280941506;3.221616280941506;3.2320672495152207
218;104;6;4.150995609705053;4.150995609705053;3.64182438925153
219;90;5;5.531588705374108;5.531588705374108;4.6103139278895595
220;156;6;2.4721263464059073;2.4721263464059073;2.8095504171309265
221;93;5;4.073209084660534;4.073209084660534;3.7634796041965846
222;84;5;3.7154775529398925;3.7154775529398925;3.6907884283570778
223;96;5;4.504674792830826;4.504674792830826;4.292859010389869
224;60;4;6.032565794436476;6.032565794436476;3.4586088126569283
225;177;6;2.987491892776891;2.987491892776891;3.168382326855315
226;77;5;6.196097717742819;6.196097717742819;5.190814619359274
227;164;6;2.635971203719359;2.635971203719359;2.9176616770773043
228;106;6;5.104286793333139;5.104286793333139;4.034179191737439
229;132;4;5.123194835192629;5.123194835192629;4.777883482811894
230;108;5;3.481917850957277;3.481917850957277;3.585733486039349
231;167;6;3.1167428587701953;3.1167428587701953;3.2059194694286584
232;186;5;2.7336488348238204;2.7336488348238204;3.01575108462561
233;31;5;3.1037184244813996;3.1037184244813996;2.65720099700615
234;18;4;4.3181545242841555;4.3181545242841555;2.4003410650987247
235;108;6;3.4804387424892953;3.4804387424892953;3.488825157496284
236;79;4;2.6576701123744604;2.6576701123744604;2.6717497977392797
237;40;5;3.4986773469060983;3.4986773469060983;2.7908944561303626
238;139;6;2.3351264860459793;2.3351264860459793;2.696353175536178
239;39;4;3.2107076247819273;3.2107076247819273;2.9364928886580266
240;41;4;5.125151221179729;5.125151221179729;4.384802912567895
241;63;5;3.753146621220155;3.753146621220155;3.04877799414489
242;114;5;3.155817242063813;3.155817242063813;3.0773368823635
243;107;5;4.24139930684111;4.24139930684111;3.7880584218289233
244;62;5;4.057663384813851;4.057663384813851;3.335593064796676
245;115;4;2.73745834378118;2.73745834378118;2.967452678733129
246;175;6;3.115639210597927;3.115639210597927;3.300023653058555
247;55;6;2.8532631455746515;2.8532631455746515;2.8913866565209276
248;106;6;3.328419561455577;3.328419561455577;3.4382987845868294
249;141;6;3.488369855711681;3.488369855711681;3.432482837269288
250;169;5;3.3149196613466847;3.3149196613466847;3.433455473086002
251;96;4;3.4026613699414123;3.4026613699414123;3.284699906181864
252;109;6;2.6693891909842034;2.6693891909842034;2.964197018448496
253;108;5;4.324437352397692;4.324437352397692;3.6093356724654924
254;110;5;3.8267535910997674;3.8267535910997674;3.79991347804699
255;138;6;2.195954181562317;2.195954181562317;2.5537244140299333
256;83;5;3.1290335568063568;3.1290335568063568;3.0396523079276694
257;92;3;2.778605972493451;2.778605972493451;2.7689767749959366
258;57;3;2.8051533466391194;2.8051533466391194;2.590708442503874
259;93;6;3.2749204518551376;3.2749204518551376;3.3502852882595815
260;44;5;2.8828875645381262;2.8828875645381262;2.793102210889722
261;96;4;3.0798887514880358;3.0798887514880358;3.1591829605578914
262;51;5;3.748931565586769;3.748931565586769;3.1807553675974787
263;93;6;3.493777212435021;3.493777212435021;3.5493195204533703
264;47;3;1.1381161450861064;1.1381161450861064;1.5493170885767729
265;60;5;2.7306853169646224;2.7306853169646224;2.8122835109745727
266;94;6;2.430812993398081;2.430812993398081;2.6511298222126305
267;51;6;3.248437066352784;3.248437066352784;2.7689109250207062
268;88;6;3.218534062503016;3.218534062503016;3.162218610100441
269;119;6;2.876608660127785;2.876608660127785;2.9358654492264167
270;89;4;4.180424660201762;4.180424660201762;3.6895444491870784
271;114;6;3.256442193601629;3.256442193601629;3.442148903214187
272;130;5;3.087050988443079;3.087050988443079;3.210403063621247
273;109;5;3.1154876967241756;3.1154876967241756;3.150996376999563
274;150;5;4.592451089430284;4.592451089430284;4.179282551984478
275;139;5;3.6734962050532247;3.6734962050532247;3.602893564511161
276;122;6;2.6527888961239583;2.6527888961239583;2.872680221583694
277;100;4;3.098637113485639;3.098637113485639;3.101101770816031
278;113;4;3.0706406444729826;3.0706406444729826;3.004806062224793
279;17;3;8.432901357189225;8.432901357189225;3.694872438229982
280;16;4;3.8924598559250443;3.8924598559250443;2.054912543486749
281;122;6;4.579570055356205;4.579570055356205;3.978135592052755
282;66;3;5.857320783878499;5.857320783878499;3.572494036250618
283;47;3;1.1696342722041428;1.1696342722041428;1.578161267346624
284;76;5;3.6696896741942697;3.6696896741942697;3.2052939041565605
285;61;3;2.1177000713890775;2.1177000713890775;2.005329707094328
286;97;4;3.552073205298444;3.552073205298444;3.208800630929516
287;75;4;2.237134042291112;2.237134042291112;2.3684860588373606
288;45;3;1.3679197741366318;1.3679197741366318;1.624383848448278
289;107;6;2.7505589419951204;2.7505589419951204;2.989955167514153
290;86;6;2.7617984249257908;2.7617984249257908;2.7645841518181506
291;110;6;3.435226407439765;3.435226407439765;3.4919761297825818
292;108;6;2.8747610992815904;2.8747610992815904;3.0023327552052703
293;150;6;2.5930224243575446;2.5930224243575446;2.9100146084402887
294;152;5;3.289454833375826;3.289454833375826;3.3999813656397437
295;14;3;5.99821702649644;5.99821702649644;2.8593570020812997
296;96;4;3.2302357890882223;3.2302357890882223;3.201919461420428
297;84;4;2.567650115033991;2.567650115033991;2.6667802325925334
298;136;6;3.1823192193949237;3.1823192193949237;3.2491720442921896
299;128;6;2.747879179058416;2.747879179058416;2.998974936074058
300;112;6;2.721398230281457;2.721398230281457;2.9167699459474736
301;52;3;4.812884479585992;4.812884479585992;3.4669023651616993
302;139;6;4.450007781154067;4.450007781154067;4.140698478073601
303;104;3;3.1429259106518512;3.1429259106518512;3.1764205326384554
304;41;3;8.123566191227164;8.123566191227164;3.8879195536651405
305;135;5;3.7192722498051856;3.7192722498051856;3.9552369358815773
306;2;3;11.932454363532562;11.932454363532562;2.5762017580034526
307;111;5;3.286959903262596;3.286959903262596;3.2178482063544904
308;121;5;4.514512181329803;4.514512181329803;4.408603680589176
309;92;4;3.0140051524206375;3.0140051524206375;3.0282315099883466
310;162;5;3.1694092828307983;3.1694092828307983;3.3134439403167093
311;183;6;2.686656502112384;2.686656502112384;2.943808901371057
312;137;6;3.3879139941443857;3.3879139941443857;3.3833073520014265
313;121;5;3.7020366448348363;3.7020366448348363;3.865329854263285
314;167;5;3.149589805136535;3.149589805136535;3.2961038469676787
315;133;6;2.4007481036176643;2.4007481036176643;2.7723357030889826
316;163;5;3.1503071310026853;3.1503071310026853;3.2891772130362815
317;119;5;3.961790746516568;3.961790746516568;3.8365556080754004
318;158;6;2.1106398127199846;2.1106398127199846;2.441199805827243
319;103;5;3.6644740377875826;3.6644740377875826;3.6029801840270865
320;85;5;3.3797035517299463;3.3797035517299463;3.0285625234563067
321;52;6;3.4005132605498662;3.4005132605498662;2.849749585461731
322;111;5;3.297110332230176;3.297110332230176;3.422988769391782
323;102;6;2.299178286173285;2.299178286173285;2.4671006716357335
324;119;5;4.053894244953561;4.053894244953561;3.922953202366947
325;83;4;2.8983470619086167;2.8983470619086167;2.857951631277627
326;165;6;2.8773806890365248;2.8773806890365248;3.302502999844625
327;90;5;3.362679487206324;3.362679487206324;3.2169826901813403
328;50;3;1.2407440522350246;1.2407440522350246;1.6006805757445237
329;98;5;3.159358111948332;3.159358111948332;3.1264172008550446
330;46;5;3.550977416520552;3.550977416520552;3.0762204270795284
331;88;4;3.3234879575831666;3.3234879575831666;3.1686123344900543
332;63;3;2.2598849653825113;2.2598849653825113;2.0834442004799985
333;77;4;3.109650667724739;3.109650667724739;2.959847520074945
334;92;5;3.6550053083267926;3.6550053083267926;3.397111014660643
335;123;6;3.3898937142348684;3.3898937142348684;3.280923257016282
336;137;5;3.1259020105469446;3.1259020105469446;3.2175237296646078
337;58;3;2.2567030685854013;2.2567030685854013;2.2023174988421617
338;134;5;3.052841926584549;3.052841926584549;3.1152062005736245
339;129;5;3.582259523583706;3.582259523583706;3.7129417178581963
340;144;6;2.585023603976348;2.585023603976348;2.944994483136418
341;59;3;2.552915984280967;2.552915984280967;2.3016969871965163
342;120;6;3.333673561628127;3.333673561628127;3.2781360174589693
343;14;4;3.920604914758779;3.920604914758779;2.580330179787199
344;116;6;2.5438320629656275;2.5438320629656275;2.7546187402627615
345;104;5;2.7365132918857373;2.7365132918857373;2.858982002824324
346;170;5;2.454990288494106;2.454990288494106;2.735696145115962
347;80;4;2.841328341969225;2.841328341969225;2.9352951242918666
348;167;6;2.1765173111539364;2.1765173111539364;2.518600046637702
349;157;6;4.099786566360392;4.099786566360392;3.781690994620855
350;127;5;3.5040375134102697;3.5040375134102697;3.7180673558141377
351;148;6;3.2047222003995963;3.2047222003995963;3.5139602960239333
352;146;6;2.922291858956547;2.922291858956547;3.1455657172432505
353;87;4;3.1716934164886754;3.1716934164886754;3.121224820898252
354;112;5;2.7909927901425227;2.7909927901425227;2.898714101378291
355;102;6;3.8516499687601566;3.8516499687601566;3.6645968105500284
356;79;4;2.458859757162467;2.458859757162467;2.540147264886964
357;151;6;3.1905148822571583;3.1905148822571583;3.3886231713490815
358;54;5;4.1633455065749905;4.1633455065749905;3.555078653742186
359;17;4;5.570353633333886;5.570353633333886;4.174401951295189
360;151;5;3.0090200981751387;3.0090200981751387;3.1504727263964587
361;94;5;3.7591866933384726;3.7591866933384726;3.8129716653456014
362;119;5;4.44490218663401;4.44490218663401;4.116899117627415
363;31;3;3.249181123485177;3.249181123485177;2.2870420719655247
364;155;5;3.118327755470326;3.118327755470326;3.2609096311077987
365;81;5;5.090910973961458;5.090910973961458;4.487453411876095
366;70;3;4.345156522389187;4.345156522389187;3.472601974379585
367;154;6;2.685624743240455;2.685624743240455;3.097287779648727
368;98;5;4.376000870292893;4.376000870292893;3.937348655563967
369;49;3;3.257651951589523;3.257651951589523;2.535638908440476
370;48;3;3.0587071083927353;3.0587071083927353;2.464805854488529
371;169;6;3.5401598824920684;3.5401598824920684;3.7536405595613087
372;108;5;3.6792026092650127;3.6792026092650127;3.4440541242855898
373;131;5;2.8877119174244466;2.8877119174244466;3.050692770872689
374;115;6;2.2083072744747585;2.2083072744747585;2.5063063402833676
375;164;5;2.4602362856778552;2.4602362856778552;2.740555526455085
376;44;3;1.2766439118028912;1.2766439118028912;1.620553798018994
377;69;6;3.9454320549051505;3.9454320549051505;3.619731588723746
378;168;6;2.4553699958643467;2.4553699958643467;2.8053618785763814
379;85;5;5.199700964723696;5.199700964723696;4.4474212396361175
380;158;5;2.8086239656631604;2.8086239656631604;3.0122038110529155
381;14;3;4.817596017329735;4.817596017329735;2.763444092499186
382;91;4;3.2405732778577447;3.2405732778577447;3.3736468456320425
383;171;6;3.8988778546684224;3.8988778546684224;4.111551167171362
384;132;6;3.807364694168074;3.807364694168074;3.810194805282037
385;146;6;2.9878256969652823;2.9878256969652823;3.175330637696783
386;108;5;3.0559095412957706;3.0559095412957706;3.0525025025685686
387;76;3;3.1392907329423716;3.1392907329423716;3.0900086776235565
388;82;5;3.6861577359114674;3.6861577359114674;3.31605683056618
389;49;3;1.2089407904725882;1.2089407904725882;1.6036160418355891
390;97;4;3.261329919856106;3.261329919856106;3.0877088965391684
391;157;6;2.4390810808238377;2.4390810808238377;2.73495572619864
392;146;5;3.5607865646465546;3.5607865646465546;3.689788800207309
393;54;3;1.3000761252321658;1.3000761252321658;1.6314470539055623
394;57;5;3.6410701954010958;3.6410701954010958;3.5837578454122907
395;40;5;2.6874876968322665;2.6874876968322665;2.559948304448573
396;64;4;3.8567713638248624;3.8567713638248624;3.0373392955518894
397;19;3;4.188720430344679;4.188720430344679;2.6817641087592383
398;145;5;2.561308501381666;2.561308501381666;2.9655309664648963
399;171;6;3.190296054417355;3.190296054417355;3.3489515275965416
400;113;6;2.6063582927030184;2.6063582927030184;2.743316096909122
401;156;6;2.819896994953379;2.819896994953379;3.1147896700563042
402;65;5;3.727675087363224;3.727675087363224;3.578180312567801
403;101;6;3.208204339436828;3.208204339436828;3.343080226310053
404;151;6;4.44962789230208;4.44962789230208;3.9503105628599497
405;69;4;3.412785558827305;3.412785558827305;3.4983461737074224
406;62;3;2.2128125741728346;2.2128125741728346;2.0781593271450305
407;161;6;2.377301622863263;2.377301622863263;2.6353850375566683
408;98;6;4.273489253112177;4.273489253112177;3.6129567316271483
409;152;6;3.6178035866128506;3.6178035866128506;3.6328939410696006
410;100;5;3.1952745955533897;3.1952745955533897;3.0294816788847747
411;88;5;4.620446184369915;4.620446184369915;4.442485942347846
412;44;5;3.031920985090318;3.031920985090318;2.8330679785947286
413;37;5;5.619142992721247;5.619142992721247;3.901088177283083
414;82;5;5.650849146179696;5.650849146179696;4.852966933050345
415;100;5;4.358246389026326;4.358246389026326;4.277098972749204
416;140;5;2.5973177602379236;2.5973177602379236;2.973807128356026
417;103;5;3.4680258817913026;3.4680258817913026;3.184493864135829
418;164;6;4.59633097439911;4.59633097439911;4.3360706646931195
419;107;5;2.881526126329089;2.881526126329089;2.9999583426104004
420;39;3;2.932336712190581;2.932336712190581;2.2638104612914964
421;60;6;4.333980378188324;4.333980378188324;3.8724736950032455
422;104;5;4.279436407095072;4.279436407095072;3.8748631854880133
423;74;4;5.4554996157505995;5.4554996157505995;4.022225493852605
424;104;4;3.2486000869946747;3.2486000869946747;2.984117907252544
425;111;6;2.322916362859119;2.322916362859119;2.675245906593263
426;58;3;1.4515183662965498;1.4515183662965498;1.665899407240236
427;116;5;3.570031029758936;3.570031029758936;3.468428345284007
428;110;5;3.0210816753843366;3.0210816753843366;3.0290334580741516
429;141;5;3.1972220656534827;3.1972220656534827;3.3570344431694896
430;87;6;4.422358957929807;4.422358957929807;4.185400734693544
431;85;6;3.1078043639970137;3.1078043639970137;3.3255361048835694
432;154;6;2.717368739294717;2.717368739294717;3.054005181142453
433;171;6;3.2723302673668178;3.2723302673668178;3.4325649294281955
434;75;5;4.496036203468946;4.496036203468946;4.090999185486185
435;151;6;2.4590034129159757;2.4590034129159757;2.622582564359342
436;80;3;2.919181929116072;2.919181929116072;2.910609375498478
437;87;5;4.304786285424995;4.304786285424995;4.320597244201641
438;69;6;2.537353687853367;2.537353687853367;2.4300497336320324
439;149;6;3.106466138396355;3.106466138396355;3.3345656646136446
440;101;6;2.1680960339478053;2.1680960339478053;2.4789758602266345
441;191;6;3.4411648443591676;3.4411648443591676;3.5976823318706694
442;157;6;2.8550656515232036;2.8550656515232036;3.18347197573565
443;117;6;3.9353328065098805;3.9353328065098805;3.6832437641903533
444;57;6;2.7137955241677267;2.7137955241677267;2.858096836420433
445;120;5;3.7186538559106133;3.7186538559106133;3.4309731612893755
446;50;4;3.8903972796226443;3.8903972796226443;3.4288035537206865
447;60;6;2.4545165497851253;2.4545165497851253;2.317133795861124
448;137;6;3.2829211298216645;3.2829211298216645;3.2454376766463744
449;155;5;2.610206258811998;2.610206258811998;2.9729003619838013
450;14;4;4.534410372547798;4.534410372547798;2.4419477103451674
451;94;6;3.035812691137535;3.035812691137535;2.9766135127596964
452;50;3;1.2051378008976041;1.2051378008976041;1.5871235624822866
453;40;5;2.982411443648697;2.982411443648697;2.776352627542243
454;125;6;2.339874766309734;2.339874766309734;2.6372556835316994
455;189;5;3.3855723511300173;3.3855723511300173;3.4582150733842045
456;91;5;3.090518199216895;3.090518199216895;3.004768923205975
457;134;6;3.4285922465024528;3.4285922465024528;3.46467280966134
458;82;3;2.9492951087425423;2.9492951087425423;3.0975768741609873
459;68;6;2.9608764933124014;2.9608764933124014;2.978230544535981
460;96;4;2.7635424842258756;2.7635424842258756;2.8539933700581535
461;141;6;3.568279144850165;3.568279144850165;3.6525486129570375
462;150;5;2.736092037575316;2.736092037575316;3.050846537168952
463;154;6;3.192347712268645;3.192347712268645;3.2636205561493887
464;149;6;3.357463898451787;3.357463898451787;3.4445308043255087
465;65;6;3.1329067724626074;3.1329067724626074;3.064636386001545
466;81;4;3.5651281690742733;3.5651281690742733;3.6866341417438067
467;64;3;2.7027377162577637;2.7027377162577637;2.4042829296090225
468;68;6;4.223815786428354;4.223815786428354;3.770926473134408
469;45;3;1.4171857700828943;1.4171857700828943;1.6555429677762714
470;155;6;2.9786882356843862;2.9786882356843862;3.244186742868131
471;131;6;4.762582219413731;4.762582219413731;3.921442473435366
472;156;6;2.9128453048432696;2.9128453048432696;3.0988920649122664
473;125;5;3.8190968940495145;3.8190968940495145;3.7601249122883402
474;127;6;3.015652628347328;3.015652628347328;3.2319002918141817
475;50;3;1.3015414001566132;1.3015414001566132;1.6076894628562342
476;41;3;2.7228884416472794;2.7228884416472794;2.2140195175174755
477;65;4;2.295444043009588;2.295444043009588;2.2957034452970597
478;167;5;3.632180251258363;3.632180251258363;3.656267757392522
479;98;5;4.3066509114527625;4.3066509114527625;3.8661551418781204
480;131;6;3.3067163852444175;3.3067163852444175;3.5427974806928475
481;45;3;1.354926733047131;1.354926733047131;1.6395118988554047
482;90;5;3.5036906289516025;3.5036906289516025;3.3409849389189836
483;108;6;2.8925526349762203;2.8925526349762203;3.2073360104433877
484;42;3;1.4223684885488619;1.4223684885488619;1.6403902060616224
485;141;6;3.937775662629517;3.937775662629517;3.879793977824397
486;42;3;2.6600551366355187;2.6600551366355187;2.195617540648866
487;48;4;4.139355972797967;4.139355972797967;3.891956888506574
488;167;6;4.052253436475013;4.052253436475013;4.061627464864396
489;46;5;3.678293674572585;3.678293674572585;3.5209848875893144
490;145;6;3.6085621778785733;3.6085621778785733;3.764950290858474
491;102;6;2.148941997477753;2.148941997477753;2.443712652796189
492;152;6;2.805381780693015;2.805381780693015;3.0727679833225596
493;98;5;4.937554767355207;4.937554767355207;4.409849589004222
494;48;3;1.1758720030753527;1.1758720030753527;1.5786656591764674
495;24;3;4.871092214008077;4.871092214008077;2.9552181323483193
496;136;6;3.832551018885757;3.832551018885757;3.5502515011844658
497;89;5;4.271012972623655;4.271012972623655;3.6718582004809823
498;83;4;2.908697033539942;2.908697033539942;3.026171830662123
499;131;6;3.1909991431284777;3.1909991431284777;3.3996893479939905
500;44;5;3.1328066239500783;3.1328066239500783;2.9541144344956423
501;91;6;2.6009267041302895;2.6009267041302895;2.6216444604415763
502;82;5;3.4870723063041953;3.4870723063041953;3.248177162830166
503;86;3;2.9130513704805026;2.9130513704805026;2.789246342808678
504;49;5;2.7502040154167773;2.7502040154167773;2.8136421377528817
505;117;6;2.3296451655903203;2.3296451655903203;2.602646699300659
506;132;5;2.877243932772399;2.877243932772399;3.1375407460692037
507;125;6;3.780323109599748;3.780323109599748;3.9289038244468544
508;53;3;1.5923892405135922;1.5923892405135922;1.7817687725581612
509;147;6;3.704687509304666;3.704687509304666;3.9800736393443454
510;138;6;2.5259788247330923;2.5259788247330923;2.926303634853704
511;48;5;3.010257114592475;3.010257114592475;2.95203033609476
512;48;3;1.131395212791532;1.131395212791532;1.5617899781543176
513;94;4;2.821985018569437;2.821985018569437;2.9336757704826626
514;106;4;2.8643636980600955;2.8643636980600955;2.942949050923892
515;50;5;2.9869316063840783;2.9869316063840783;3.009139463256282
516;26;3;3.660771584325071;3.660771584325071;2.2810554455641876
517;83;3;3.444202555554878;3.444202555554878;3.35658493250012
518;135;6;4.409234183509663;4.409234183509663;4.214063879362937
519;168;6;3.0595362899883853;3.0595362899883853;3.313189166031952
520;53;5;3.417407992783845;3.417407992783845;3.103468117874972
521;45;3;1.3145878639806674;1.3145878639806674;1.6346015288009912
522;164;6;2.757704935801135;2.757704935801135;3.187809725429435
523;89;5;4.287701570516242;4.287701570516242;4.126580624755582
524;41;5;4.224268895554394;4.224268895554394;3.058821277367745
525;133;6;4.537637939980061;4.537637939980061;4.193498797351249
526;108;6;3.303204126440103;3.303204126440103;3.303020033930428
527;159;5;2.851840021437521;2.851840021437521;3.0295508521190477
528;128;6;3.2868217353603115;3.2868217353603115;3.604573639321511
529;86;4;3.4888832038829856;3.4888832038829856;3.219040866753313
530;5;3;6.644406467301432;6.644406467301432;3.9072471385894603
