Skewness: 0.1718837910588845, Average LID: LPCA: 3.88265306122449  |||  MLE: 2.1413256998136467  |||  MLENB: 2.1413256998136467  |||  TLE: 2.3735718453892147
LPCA: 0.23349717042885385  |||  MLE: 0.06799900139591418  |||  MLENB: 0.06799900139591418  |||  TLE: 0.28746268211634834
node;in_degree;local_intrinsic_dimensionality_LPCA;local_intrinsic_dimensionality_MLE;local_intrinsic_dimensionality_MLENB;local_intrinsic_dimensionality_TLE
0;231;4;2.0772258069894054;2.0772258069894054;2.308745236969384
1;233;4;2.1031860476562456;2.1031860476562456;2.44720584276429
2;177;4;1.8734469369781341;1.8734469369781341;2.1835947458746
3;175;4;1.5755769322961597;1.5755769322961597;1.8759719976886082
4;300;4;1.9541954944976205;1.9541954944976205;3.077834700176677
5;150;4;1.6752012757024657;1.6752012757024657;1.8554985494690042
6;214;3;1.744997261044944;1.744997261044944;2.0239788344769867
7;228;4;2.8110351679749996;2.8110351679749996;2.828932968380645
8;288;4;2.4752488100665357;2.4752488100665357;2.5984842907857484
9;300;4;2.6244536147705717;2.6244536147705717;2.943686334000693
10;317;4;2.3978995975934545;2.3978995975934545;2.795661038304249
11;181;4;1.6905330358065382;1.6905330358065382;2.106559792408684
12;291;4;2.5159593380344454;2.5159593380344454;2.7789279923621177
13;113;4;2.624532445074285;2.624532445074285;2.6602229304735614
14;233;4;2.0805439717198784;2.0805439717198784;2.373341673929561
15;120;4;1.7833402278410566;1.7833402278410566;2.0714982676051186
16;262;4;2.2562598443480053;2.2562598443480053;2.608276560487252
17;124;4;2.7935314639269864;2.7935314639269864;2.888688031540111
18;253;4;3.010946580630267;3.010946580630267;3.2028414667036333
19;86;4;1.675599840928521;1.675599840928521;1.8549830393066824
20;153;4;2.3228620966990454;2.3228620966990454;2.379263459278796
21;308;4;0.0;0.0;3.0778803942444077
22;147;4;1.3623808502798347;1.3623808502798347;1.7843952809891048
23;337;4;2.2595523809722415;2.2595523809722415;2.6201570315437537
24;132;4;1.5585634654077305;1.5585634654077305;1.8416178652441058
25;227;4;3.5065958662689503;3.5065958662689503;3.095886636723692
26;299;4;3.8742063926392176;3.8742063926392176;3.6393041216088244
27;172;4;2.6124859326463286;2.6124859326463286;2.538296940648689
28;95;3;2.2360027087615673;2.2360027087615673;1.9970551189619126
29;116;4;1.6980690128517701;1.6980690128517701;1.9873896336868804
30;181;4;2.9623332153564763;2.9623332153564763;2.681657306480002
31;177;4;2.5365423968659964;2.5365423968659964;2.491262688877561
32;252;4;1.8004190939344193;1.8004190939344193;2.0796187009576848
33;147;4;2.62404537076378;2.62404537076378;2.749046758983602
34;54;4;2.872792080588677;2.872792080588677;2.7709518835971525
35;313;4;2.2503002613252403;2.2503002613252403;2.444635254068963
36;304;4;2.342356394392433;2.342356394392433;2.544757045956697
37;262;4;1.771351280037965;1.771351280037965;2.0794152593427233
38;152;3;3.548642039675123;3.548642039675123;3.1995455028649933
39;187;4;1.572195565524284;1.572195565524284;1.846649031646814
40;205;4;2.2171331747960337;2.2171331747960337;2.420572318882641
41;150;4;0.0;0.0;3.1284340853625143
42;239;4;2.4189455234732593;2.4189455234732593;2.585724023253217
43;144;4;2.2598036061177815;2.2598036061177815;2.395982177021583
44;253;4;2.3046077887072864;2.3046077887072864;2.71911156069973
45;104;4;0.0;0.0;3.377046160174732
46;247;4;2.3111729966336165;2.3111729966336165;2.480812962122299
47;103;4;0.0;0.0;3.377046160174732
48;225;4;2.148197329439934;2.148197329439934;2.3600872862248767
49;208;4;2.338286193707235;2.338286193707235;2.3683001032184343
50;130;4;1.6856037075718349;1.6856037075718349;2.065970996466004
51;126;3;2.7839860859309873;2.7839860859309873;2.6668521919285317
52;305;4;2.7710164643890733;2.7710164643890733;2.8905955003981507
53;324;4;2.5161987280147327;2.5161987280147327;2.648394554321987
54;156;4;2.3541795190052723;2.3541795190052723;2.457921501360426
55;192;3;1.8243417954625527;1.8243417954625527;2.062111701276997
56;263;4;2.239108725964898;2.239108725964898;2.6143541790794664
57;106;4;2.481394222580944;2.481394222580944;2.397890236896559
58;209;4;1.844692183469469;1.844692183469469;2.1534274651937726
59;117;4;3.09561700548335;3.09561700548335;2.909758563350523
60;230;4;3.218074053804533;3.218074053804533;3.1221329152875543
61;175;4;2.2590551835620385;2.2590551835620385;2.5464260128188676
62;105;4;1.5468130091265668;1.5468130091265668;1.8515758231361068
63;352;4;4.80757854301931;4.80757854301931;3.844513972839556
64;121;3;2.7004870437554063;2.7004870437554063;2.5652835506563765
65;226;4;1.9990296549094886;1.9990296549094886;2.188441380737257
66;111;4;1.6053846308880555;1.6053846308880555;1.9736135738521243
67;254;4;2.1952963338295475;2.1952963338295475;2.244751107427134
68;303;4;2.2705753252590344;2.2705753252590344;2.437583340630708
69;289;4;2.3603531339682253;2.3603531339682253;2.536764455575269
70;188;4;1.792926404495991;1.792926404495991;2.065023857366603
71;196;4;1.8814040190402834;1.8814040190402834;2.2609450772122983
72;136;4;1.509521820064206;1.509521820064206;1.814239002729988
73;144;4;1.6250700151626414;1.6250700151626414;2.0238044613261654
74;95;4;1.53020927026955;1.53020927026955;1.8470090407697124
75;265;4;2.459398918033646;2.459398918033646;2.615665374838854
76;290;4;2.4425276903930304;2.4425276903930304;2.468708922352078
77;175;4;2.5186075177015748;2.5186075177015748;2.806312178927502
78;207;4;2.0438034367599145;2.0438034367599145;2.1536813518629088
79;160;3;2.7350145058263746;2.7350145058263746;2.6130486575025103
80;241;4;2.16471586607741;2.16471586607741;2.5064910654950334
81;166;4;1.5939939169336304;1.5939939169336304;1.8686245417331995
82;181;3;2.3469717222589677;2.3469717222589677;2.5780487383277144
83;362;4;2.4930649019261018;2.4930649019261018;2.8379798648333914
84;230;4;2.690836829683924;2.690836829683924;3.044017493311981
85;192;4;1.6377855786795863;1.6377855786795863;1.9211007682664225
86;55;4;2.73604090178846;2.73604090178846;2.686037988903811
87;211;4;2.1501993259335976;2.1501993259335976;2.374352304152257
88;169;4;1.6452098316046508;1.6452098316046508;2.069858034134567
89;248;4;1.906316631127912;1.906316631127912;2.171615323109947
90;368;4;2.9543252905824335;2.9543252905824335;2.856317696015773
91;223;3;2.3289951107706592;2.3289951107706592;2.5203740180683396
92;238;4;2.12806261400373;2.12806261400373;2.386960725477546
93;260;4;2.9548791076751932;2.9548791076751932;2.806252858414746
94;226;4;1.735747730035438;1.735747730035438;1.9091497360828869
95;231;4;3.9373315309496943;3.9373315309496943;3.2048047470249825
96;276;4;2.1404976105125817;2.1404976105125817;2.273127568428199
97;242;4;2.65685457975543;2.65685457975543;2.6201989742382565
98;115;4;1.5901804629023246;1.5901804629023246;1.9196862582707275
99;98;4;2.2321301990126456;2.2321301990126456;2.3683143816710217
100;167;4;1.9495018713637728;1.9495018713637728;2.1532378600069473
101;165;4;1.9710883700625574;1.9710883700625574;2.134306902864309
102;164;3;2.102265277065168;2.102265277065168;2.2200348563865933
103;184;4;1.6096933247380167;1.6096933247380167;1.978176592025518
104;209;4;1.8469297179722437;1.8469297179722437;2.1635302329191917
105;202;4;2.0289947697192097;2.0289947697192097;2.3321788378863113
106;146;4;1.9628413382718801;1.9628413382718801;2.1052035908972533
107;228;4;0.0;0.0;3.846692521428922
108;170;4;1.6734944005046595;1.6734944005046595;1.9516267683752606
109;150;4;1.6977541427628546;1.6977541427628546;2.026816081896317
110;145;4;1.5553333206896467;1.5553333206896467;1.992618024488105
111;256;4;2.315602995550217;2.315602995550217;2.411531528031704
112;217;4;2.170047840477236;2.170047840477236;2.1433563731920047
113;166;4;2.3006991523919145;2.3006991523919145;2.4647692601193785
114;353;4;2.6863067364365323;2.6863067364365323;2.656913917175314
115;298;4;4.029110126895931;4.029110126895931;3.614165821394599
116;214;4;1.875321905076923;1.875321905076923;2.0803044330380893
117;244;4;2.313036626311951;2.313036626311951;2.6083113743478985
118;260;4;2.6111050773858455;2.6111050773858455;2.7861755652390707
119;304;4;0.0;0.0;3.185161925492641
120;153;4;1.6029326918639992;1.6029326918639992;1.9536635525540262
121;113;4;1.456021412365024;1.456021412365024;1.8930925153697093
122;140;4;2.8958530692674564;2.8958530692674564;3.0063940937470894
123;56;4;2.8351751277868176;2.8351751277868176;2.8002108844623663
124;141;4;2.610290823549373;2.610290823549373;2.6671637590480692
125;244;4;2.118572149605997;2.118572149605997;2.3874687976766746
126;77;4;2.666750475517356;2.666750475517356;2.4912978430898836
127;171;4;1.8421143604651733;1.8421143604651733;2.2324254024471326
128;149;4;1.8286385385924764;1.8286385385924764;2.0738852956701876
129;243;4;1.7482470561083554;1.7482470561083554;2.084427369163771
130;178;4;1.579079142714386;1.579079142714386;2.0121139095697442
131;175;3;2.3794195429123466;2.3794195429123466;2.513231570938453
132;229;4;2.1769891506470676;2.1769891506470676;2.4390442228621176
133;153;4;2.332151653387405;2.332151653387405;2.58908642663331
134;150;4;2.8085714790369294;2.8085714790369294;2.796044566750376
135;121;4;1.5929229961630447;1.5929229961630447;1.8794737130784327
136;107;4;1.8880576699775369;1.8880576699775369;1.971245825693695
137;196;4;2.0844601585795126;2.0844601585795126;2.4019733043059603
138;96;4;1.6074293113893037;1.6074293113893037;1.869944056824851
139;150;4;0.0;0.0;3.1284340853625143
140;183;4;2.7184228332295173;2.7184228332295173;2.8274744182359766
141;251;4;3.8688198128974136;3.8688198128974136;3.770085884428913
142;189;3;3.2644419068634254;3.2644419068634254;2.9786214738697954
143;167;4;1.617264382120004;1.617264382120004;2.019243745427682
144;148;4;1.3525618373944726;1.3525618373944726;1.7870909211017862
145;285;4;0.0;0.0;3.223885361067762
146;205;4;1.7814899460856661;1.7814899460856661;2.2072255515974617
147;203;4;3.586761345663504;3.586761345663504;3.745389780811172
148;249;4;1.823627355963121;1.823627355963121;2.1396262190933646
149;338;4;2.76357856707025;2.76357856707025;2.9669928236425247
150;232;4;2.214427272313585;2.214427272313585;2.5185404451346916
151;91;4;2.4588346731472424;2.4588346731472424;2.5299375756958566
152;161;4;1.9087856621657031;1.9087856621657031;2.149957208906973
153;112;4;1.6762882625870006;1.6762882625870006;1.9131727612533096
154;360;4;2.4762841432699627;2.4762841432699627;2.7356381163047723
155;204;4;3.431180162368284;3.431180162368284;3.2334272057928573
156;260;4;2.820752535138034;2.820752535138034;2.787701431915972
157;138;4;1.5323161175821143;1.5323161175821143;1.98571490316242
158;221;4;2.0686101801077013;2.0686101801077013;2.226821874651024
159;186;4;2.271883564438428;2.271883564438428;2.2955031538565174
160;141;3;2.8199275733028;2.8199275733028;2.698568616294207
161;235;4;2.1976838870763227;2.1976838870763227;2.4273441562510722
162;241;4;2.447799623605798;2.447799623605798;2.4872970804594745
163;243;4;2.182181948671527;2.182181948671527;2.231254572335408
164;144;4;1.766540993228744;1.766540993228744;2.043423539768725
165;145;4;1.5906433026959792;1.5906433026959792;2.0557060126244204
166;360;4;2.3220586175137674;2.3220586175137674;2.5905324640622505
167;408;4;3.6710886619374627;3.6710886619374627;3.4361161398290117
168;105;4;2.338424823235819;2.338424823235819;2.5481480724333583
169;379;4;4.560459469980396;4.560459469980396;3.6754280197391402
170;382;4;0.0;0.0;3.2792303640116454
171;183;4;1.754666866258693;1.754666866258693;2.0583262883017284
172;47;4;3.2907163528245196;3.2907163528245196;2.9607538015896435
173;121;4;2.4756580938499106;2.4756580938499106;2.651619238535497
174;228;4;2.223516439391126;2.223516439391126;2.3422231288361193
175;169;4;1.5278896111950304;1.5278896111950304;1.9802831807095393
176;186;4;3.2761272782371016;3.2761272782371016;2.8850516430993083
177;250;4;2.286784508950857;2.286784508950857;2.448314012237775
178;184;4;3.441397045218342;3.441397045218342;3.3472782062147726
179;252;4;2.1484672027542477;2.1484672027542477;2.217298605687505
180;317;4;3.6282484883671873;3.6282484883671873;3.585489639257695
181;181;4;3.196203961924861;3.196203961924861;3.194655295001965
182;170;4;2.612774179035823;2.612774179035823;2.6704305089140106
183;308;4;2.1753137713910746;2.1753137713910746;2.2129019543193453
184;89;4;2.4211473726376327;2.4211473726376327;2.5693618463725287
185;124;4;2.3901109758940766;2.3901109758940766;2.5444647264625906
186;183;4;1.575032870530517;1.575032870530517;1.9884880954719737
187;263;4;2.178935596075314;2.178935596075314;2.3695791535649424
188;122;4;1.561081319089722;1.561081319089722;1.962035647268234
189;276;4;2.9070566542536556;2.9070566542536556;2.790823088482558
190;306;4;0.0;0.0;3.185161925492641
191;127;4;1.4114111238457645;1.4114111238457645;1.878924087579316
192;281;4;3.4246891236256305;3.4246891236256305;3.4075559213940694
193;167;3;2.011642193475926;2.011642193475926;2.141831734244461
194;93;4;2.4074395765128407;2.4074395765128407;2.464236006058103
195;227;4;0.0;0.0;3.846692521428922
196;273;4;1.8123192640499426;1.8123192640499426;2.029270488444817
197;253;4;2.4218912086180397;2.4218912086180397;2.6053186413696663
198;189;4;1.957309261261344;1.957309261261344;2.1680674005785736
199;103;4;2.300770047464033;2.300770047464033;2.4050274831364526
200;113;4;2.4357352433771764;2.4357352433771764;2.6233943694393953
201;159;4;1.5250047491588163;1.5250047491588163;1.949773205648191
202;104;4;2.7188156369346705;2.7188156369346705;3.3770274877823767
203;137;4;1.3811899589427306;1.3811899589427306;1.8143737018437147
204;223;4;1.93718221682583;1.93718221682583;2.042451461705092
205;146;3;1.8155805073924116;1.8155805073924116;2.0521956040311484
206;126;4;2.6297464237552153;2.6297464237552153;2.6712170996139477
207;225;4;2.4160537916622657;2.4160537916622657;2.6817177929726363
208;364;4;2.4573738908027445;2.4573738908027445;2.6175094742690366
209;195;4;3.5512638146344906;3.5512638146344906;3.581487350626993
210;137;4;1.7719551984675084;1.7719551984675084;2.027894214657291
211;131;4;1.5811519182823248;1.5811519182823248;1.9294867061775436
212;283;4;2.6715471811291427;2.6715471811291427;2.735313798573818
213;112;4;2.944740757931947;2.944740757931947;2.9764630159844145
214;204;4;1.7275981393672812;1.7275981393672812;2.087900053890834
215;94;3;2.8836006719472533;2.8836006719472533;2.5417499203315654
216;317;4;3.9966929259779604;3.9966929259779604;3.756607016978417
217;89;4;2.5370430286534145;2.5370430286534145;2.83736461324204
218;224;4;2.5899101616194957;2.5899101616194957;2.589450843293934
219;160;4;0.0;0.0;3.4366200033051317
220;83;4;2.6073025649073664;2.6073025649073664;2.5202636336391544
221;278;4;2.3679309695635546;2.3679309695635546;2.6847665915303054
222;94;4;2.584955122682366;2.584955122682366;2.929157217962397
223;104;4;1.4936263638091043;1.4936263638091043;1.8068899693460008
224;139;4;3.8535729045611697;3.8535729045611697;3.5120318758913314
225;133;4;2.8059394526817387;2.8059394526817387;2.6888295807228695
226;384;4;0.0;0.0;3.2792303640116454
227;138;4;0.0;0.0;2.9917273784562455
228;167;4;2.185798072881453;2.185798072881453;2.4582398416251157
229;125;3;1.9535463527364685;1.9535463527364685;2.067777169522576
230;60;4;2.6916454038725335;2.6916454038725335;2.686437566963889
231;91;4;2.335248414216503;2.335248414216503;2.4457209191284184
232;222;4;3.3543850589521442;3.3543850589521442;3.583922856069945
233;120;4;2.6779282762790757;2.6779282762790757;2.9185761065890374
234;247;4;2.1656346543478175;2.1656346543478175;2.494432692659285
235;233;4;2.3458652734135037;2.3458652734135037;2.4642133509249473
236;123;4;2.690740830380629;2.690740830380629;2.8115458492791823
237;199;4;1.9789879391858216;1.9789879391858216;2.1463577946205263
238;202;4;1.7333903269856132;1.7333903269856132;2.1509087159536584
239;249;4;2.1846734999451005;2.1846734999451005;2.2558256539801027
240;246;4;2.0896658113311624;2.0896658113311624;2.4652567510091563
241;53;4;2.6541393016657295;2.6541393016657295;2.682327882380329
242;219;4;2.621574543701163;2.621574543701163;2.6558317202215345
243;264;4;2.201341146052792;2.201341146052792;2.514125859212331
244;240;4;2.5000628022373594;2.5000628022373594;2.764787304926739
245;162;4;1.6830193358442602;1.6830193358442602;2.094568648736771
246;204;4;3.0210319004952866;3.0210319004952866;3.182254006340996
247;211;4;3.450544811631194;3.450544811631194;3.388683508961326
248;387;4;0.0;0.0;3.189957144558715
249;381;4;2.3530156753926557;2.3530156753926557;2.5991975320505576
250;118;4;1.605043889777294;1.605043889777294;1.992722869920273
251;251;4;2.89915401931545;2.89915401931545;2.8233579853825126
252;298;4;2.2279158029473662;2.2279158029473662;2.51965337970843
253;123;3;2.7379537847889597;2.7379537847889597;2.660360413678872
254;105;4;1.5586328320479468;1.5586328320479468;1.9209864577742128
255;128;4;1.8457730896284172;1.8457730896284172;2.1879505908353023
256;201;4;2.0267161121257344;2.0267161121257344;2.3825835674917926
257;217;4;2.343345480648637;2.343345480648637;2.498492981179714
258;235;4;1.7327703078658445;1.7327703078658445;2.1343220545710664
259;220;4;1.8430194917580784;1.8430194917580784;2.0288483330314
260;296;4;1.9167746670358874;1.9167746670358874;2.076883498678144
261;221;4;1.9013960236310705;1.9013960236310705;2.171941167718228
262;426;4;2.827507694624802;2.827507694624802;2.9886280194250077
263;185;4;2.1792552577982827;2.1792552577982827;2.3142467881540494
264;295;4;2.2160849671627716;2.2160849671627716;2.3659129884411554
265;194;4;2.2153344795759464;2.2153344795759464;2.185224377629368
266;192;4;2.824186683833123;2.824186683833123;2.7444270059929927
267;146;4;1.4610921253133162;1.4610921253133162;1.8760147510276828
268;306;4;0.0;0.0;3.185161925492641
269;141;3;1.900651561276202;1.900651561276202;2.0911854510465484
270;121;4;1.552377885617763;1.552377885617763;1.9531991567225722
271;127;4;1.7968936790991372;1.7968936790991372;1.9288033479131388
272;220;4;2.0849247306186025;2.0849247306186025;2.1421836871540614
273;258;4;2.255952948052803;2.255952948052803;2.639231484389532
274;154;3;2.011835097174665;2.011835097174665;2.2057722419959944
275;256;4;2.083691472001605;2.083691472001605;2.3306982953887214
276;216;4;2.390940320694833;2.390940320694833;2.5436395209903426
277;255;4;2.9707910732168945;2.9707910732168945;3.1642407991976973
278;354;4;3.0265062427331593;3.0265062427331593;2.9884840749592527
279;352;4;2.5164661303658087;2.5164661303658087;2.8577966205717633
280;102;4;2.735411870207665;2.735411870207665;2.990131939949098
281;164;4;1.631249450202194;1.631249450202194;2.1001128322146347
282;203;4;1.6949544017550193;1.6949544017550193;2.0522239284000396
283;121;4;2.9212718260992854;2.9212718260992854;3.13002025493947
284;160;4;0.0;0.0;3.4366200033051317
285;252;4;2.579172900633462;2.579172900633462;2.6263665965546727
286;272;4;3.031958543706581;3.031958543706581;3.1238960343554854
287;234;4;2.910903561448691;2.910903561448691;2.9405915279876687
288;123;4;3.0412914084859493;3.0412914084859493;3.0780064382362675
289;267;4;2.648135214310961;2.648135214310961;2.7635201351408725
290;267;4;2.621602128102643;2.621602128102643;2.751687583905728
291;97;4;2.5502944459858408;2.5502944459858408;2.6002728979588934
292;192;4;2.0256978099480025;2.0256978099480025;2.2435052521911807
293;229;4;3.1946846981307804;3.1946846981307804;3.5362838726743875
294;250;4;2.4633657046705086;2.4633657046705086;2.3911911940772397
295;307;4;2.836915090831503;2.836915090831503;2.9192100285595197
296;362;4;4.205873897968913;4.205873897968913;3.7271373523297306
297;304;4;2.256868940972068;2.256868940972068;2.4577957938912256
298;96;4;2.5547507304383243;2.5547507304383243;2.846111948691167
299;259;4;2.4240062074233273;2.4240062074233273;2.712372717027304
300;304;4;0.0;0.0;3.0778803942444077
301;236;4;2.5541853124718172;2.5541853124718172;2.912298209993836
302;367;4;2.4578144032314033;2.4578144032314033;2.617370101151754
303;97;4;2.3994336263283196;2.3994336263283196;2.540793726740595
304;227;4;2.084026699872738;2.084026699872738;2.152085911723281
305;287;4;2.599953587506192;2.599953587506192;2.8218606131511845
306;239;4;3.243076885399535;3.243076885399535;2.797259800483704
307;241;4;3.105186153019976;3.105186153019976;3.282044899456311
308;115;4;1.4542212066893425;1.4542212066893425;1.8144175911812113
309;245;4;1.896894912695238;1.896894912695238;2.16868333548963
310;179;4;1.6642988475613183;1.6642988475613183;2.0734879720419808
311;102;4;1.8910453094881452;1.8910453094881452;2.149716735914921
312;212;4;2.34430015255484;2.34430015255484;2.3662006734509524
313;348;4;4.094550131194443;4.094550131194443;3.5988935574138265
314;339;4;2.5212505552646842;2.5212505552646842;2.7723505590784674
315;305;4;0.0;0.0;3.0778803942444077
316;112;4;2.310690718025114;2.310690718025114;2.347287088802981
317;240;4;2.635087294462045;2.635087294462045;2.568723025264592
318;275;4;2.8986083733629937;2.8986083733629937;3.007581148553111
319;219;4;1.947670789475659;1.947670789475659;2.169982681990652
320;287;4;0.0;0.0;3.223885361067762
321;179;4;1.5968653567913735;1.5968653567913735;1.8610146687009606
322;44;4;2.9444821240585046;2.9444821240585046;2.711137354338583
323;150;4;1.3663277373780716;1.3663277373780716;1.799800961731795
324;218;4;1.8816583070308308;1.8816583070308308;2.2195809019153594
325;170;4;1.5972788619762073;1.5972788619762073;1.8598159334480826
326;228;4;2.2870589144658813;2.2870589144658813;2.143479548435191
327;101;4;1.9632033037530165;1.9632033037530165;2.1228294242362096
328;265;4;2.2148710821187487;2.2148710821187487;2.468055715902789
329;219;4;2.2905854037331865;2.2905854037331865;2.3633524910117645
330;238;4;2.9654855476340103;2.9654855476340103;2.9956290470113234
331;188;4;2.5339853170974926;2.5339853170974926;2.573702115629877
332;218;4;1.7305526366473247;1.7305526366473247;2.1053456433411086
333;283;4;2.8107458930819056;2.8107458930819056;2.903368527689757
334;224;4;1.6690811177262486;1.6690811177262486;1.9537578275396608
335;177;4;1.8744672716949267;1.8744672716949267;2.221854017195023
336;236;3;2.6567283462776725;2.6567283462776725;2.741459468502723
337;113;4;2.8709055487716273;2.8709055487716273;2.864764987625992
338;162;4;2.1373063807210477;2.1373063807210477;2.317444297433969
339;238;4;2.2374085602254397;2.2374085602254397;2.48721799925495
340;199;4;1.954788923185146;1.954788923185146;2.24982156862961
341;115;4;2.6042722435757883;2.6042722435757883;2.637471771387041
342;217;4;1.9090102611866566;1.9090102611866566;2.2651177948601555
343;247;4;2.838829494211766;2.838829494211766;2.9322541913305757
344;226;4;1.9462086332551995;1.9462086332551995;2.2541628675802765
345;227;4;0.0;0.0;3.846692521428922
346;234;4;1.8016545920821412;1.8016545920821412;2.074578917522773
347;277;4;1.9670305811382436;1.9670305811382436;2.195614059182205
348;227;3;1.9047240693789862;1.9047240693789862;2.1590105818057532
349;80;4;5.278332035662477;5.278332035662477;3.6968201252290442
350;122;4;2.516316893499106;2.516316893499106;2.693249131791007
351;286;4;0.0;0.0;3.223885361067762
352;305;4;0.0;0.0;3.0778803942444077
353;172;4;2.0934825994638206;2.0934825994638206;2.2817028004945086
354;170;4;1.6373684228769438;1.6373684228769438;1.9635583531258414
355;186;4;2.698212618937725;2.698212618937725;2.6810287379914
356;245;4;2.1791806426946505;2.1791806426946505;2.515622609125734
357;256;4;2.090706413659527;2.090706413659527;2.390586526445763
358;148;4;1.8348741307395582;1.8348741307395582;2.1667177126664283
359;107;4;2.243346013139199;2.243346013139199;2.4376589287558335
360;219;4;1.8076730004472839;1.8076730004472839;2.065120202548799
361;225;3;1.9882210274413583;1.9882210274413583;2.2502988534252326
362;184;3;2.266211961511293;2.266211961511293;2.266154674681501
363;297;4;2.404553647425316;2.404553647425316;2.607127900740505
364;106;4;2.2656404453673655;2.2656404453673655;2.3663003663273203
365;203;4;1.575017536015898;1.575017536015898;1.844251218728136
366;236;4;2.0421022988795716;2.0421022988795716;2.318278236623881
367;348;4;3.2734008097546035;3.2734008097546035;3.2763004434254914
368;235;4;2.4030005866514585;2.4030005866514585;2.551247375501748
369;288;4;2.6168264489245097;2.6168264489245097;2.558644241938668
370;242;4;2.0950801264403536;2.0950801264403536;2.180976257123331
371;124;4;1.5336156265017038;1.5336156265017038;1.9663920077584902
372;210;4;3.4602731064297916;3.4602731064297916;3.1759406885621404
373;299;4;2.3961711592412107;2.3961711592412107;2.592971329497793
374;107;4;2.993307561974012;2.993307561974012;2.8544622137078504
375;227;4;3.137335784683137;3.137335784683137;3.0127656299657137
376;270;4;2.3870087973983183;2.3870087973983183;2.496725853606744
377;99;4;2.2399002533392833;2.2399002533392833;2.473693421963707
378;227;4;2.108310784427774;2.108310784427774;2.183023077032794
379;176;4;1.7512731528225196;1.7512731528225196;1.9911865218469313
380;126;4;2.9054643125082102;2.9054643125082102;3.2695898056312016
381;116;4;1.6805092610593093;1.6805092610593093;1.8938062554029371
382;130;4;2.77716844358248;2.77716844358248;2.880927715014522
383;135;4;1.4182245718866466;1.4182245718866466;1.8875540822016403
384;240;4;2.8389551651227594;2.8389551651227594;2.8814966732773235
385;297;4;2.377821417205905;2.377821417205905;2.545407983107151
386;110;4;2.426366823753527;2.426366823753527;2.5590757823820707
387;158;4;1.714926544896715;1.714926544896715;1.984126197407481
388;99;4;2.4533210885918697;2.4533210885918697;2.6025391313094204
389;122;4;1.5406560681704125;1.5406560681704125;1.9533762032105224
390;313;4;2.7936694635976718;2.7936694635976718;2.6656105271373676
391;256;4;2.225137975328662;2.225137975328662;2.3950521367060453
392;176;4;2.1205987722440396;2.1205987722440396;2.3688485617313537
393;155;4;1.4074555328391827;1.4074555328391827;1.7665328219920906
394;95;4;2.481856724727499;2.481856724727499;2.541601515298611
395;354;4;6.510036647292298;6.510036647292298;4.551595779627271
396;266;4;2.295224311726122;2.295224311726122;2.6371205981675914
397;221;4;2.8489862678659477;2.8489862678659477;3.002690819786617
398;229;3;1.9479489240352228;1.9479489240352228;2.138260766071074
399;249;4;2.6517193987673333;2.6517193987673333;2.628190922000757
400;117;4;2.902402763908985;2.902402763908985;3.1828195948580142
401;269;4;2.7987323849001426;2.7987323849001426;2.8074567140746796
402;205;4;2.4565069810808584;2.4565069810808584;2.632261618438742
403;221;4;2.237412062889262;2.237412062889262;2.556531323710333
404;384;4;0.0;0.0;3.189957144558715
405;235;4;2.3378730379497847;2.3378730379497847;2.3733033537544324
406;232;4;2.3582937592406084;2.3582937592406084;2.3917560589793547
407;226;4;2.4906570451221426;2.4906570451221426;2.7208438842434
408;194;4;1.5917373518807467;1.5917373518807467;1.9579733944185767
409;222;4;2.0313457092555134;2.0313457092555134;2.1830641374082203
410;221;4;2.9158000878970176;2.9158000878970176;3.1108919466537364
411;213;4;1.8515043693556883;1.8515043693556883;2.2420834296326184
412;169;4;1.489887616621911;1.489887616621911;1.8140913287317328
413;222;4;2.853543459453948;2.853543459453948;2.7365747614577995
414;242;4;2.6128395678301564;2.6128395678301564;2.7038157686601174
415;169;4;1.6072778258849967;1.6072778258849967;2.0247884544875467
416;105;4;1.5054320065379885;1.5054320065379885;1.8467793574922309
417;98;4;2.7429103139266564;2.7429103139266564;2.943083310474481
418;66;4;2.7178218620928063;2.7178218620928063;2.7615920891738246
419;247;4;3.2238658497920527;3.2238658497920527;3.3185079838767777
420;88;4;2.456184844469861;2.456184844469861;2.506953331570767
421;58;4;2.6687398166168745;2.6687398166168745;2.7256952971875177
422;113;4;1.5274106440300315;1.5274106440300315;1.8559566534678937
423;194;4;2.4435069916395227;2.4435069916395227;2.4368490815906734
424;237;4;2.244061030761268;2.244061030761268;2.5265980636345455
425;255;4;2.9740865298329373;2.9740865298329373;3.1491573001083815
426;109;4;2.391112093772429;2.391112093772429;2.569808160937598
427;160;4;0.0;0.0;3.4366200033051317
428;266;4;2.7540309219759482;2.7540309219759482;2.731834481571827
429;285;4;2.8031902978388517;2.8031902978388517;2.7077084117688623
430;297;4;2.4733368710810058;2.4733368710810058;2.575059846366786
431;174;4;2.174412006863432;2.174412006863432;2.253111879080197
432;174;3;2.3267859107165814;2.3267859107165814;2.4395367548975595
433;253;4;2.140119880140632;2.140119880140632;2.196166396869993
434;105;4;1.7283289892455886;1.7283289892455886;1.9074090297594941
435;315;4;2.4318167791709793;2.4318167791709793;2.833509280200595
436;383;4;0.0;0.0;3.189957144558715
437;175;4;2.2626806302218623;2.2626806302218623;2.593195622093891
438;206;4;2.1866178119957875;2.1866178119957875;2.3621342030635617
439;149;3;1.8005697147405786;1.8005697147405786;2.0517522634579053
440;234;4;2.1048641080610055;2.1048641080610055;2.42866186453495
441;247;4;2.813688426125588;2.813688426125588;2.8735623147469007
442;179;4;1.5477397445509964;1.5477397445509964;1.8779896108480736
443;212;3;1.773797404408047;1.773797404408047;2.0842998312346572
444;214;4;2.3127876932316953;2.3127876932316953;2.562094518774781
445;171;4;1.7357425655224656;1.7357425655224656;2.1292410719490213
446;281;4;2.8242326788441363;2.8242326788441363;3.0995223007337813
447;200;3;1.7160014494371878;1.7160014494371878;2.0079252949483446
448;133;4;1.4185875288146566;1.4185875288146566;1.8186339564194747
449;167;4;1.6392937646794445;1.6392937646794445;2.0392306880046074
450;169;4;1.775409908542781;1.775409908542781;2.173174435099557
451;158;4;2.2562262693082724;2.2562262693082724;2.3835673509638013
452;321;4;2.286381526115995;2.286381526115995;2.608483772410662
453;172;4;1.510154791160661;1.510154791160661;1.8232177844734176
454;224;4;2.1536455469769513;2.1536455469769513;2.4202697985502084
455;186;4;1.7808018085589936;1.7808018085589936;2.0268187586675004
456;235;4;2.286533801387445;2.286533801387445;2.351094879926671
457;120;4;2.9372811733711375;2.9372811733711375;2.9578881217132342
458;144;4;1.7412974459846757;1.7412974459846757;2.1163304908231044
459;302;4;2.5230891326668803;2.5230891326668803;2.776704610238555
460;362;4;2.401078680178991;2.401078680178991;2.70407165044255
461;264;4;2.1025300855768267;2.1025300855768267;2.390556424451119
462;206;4;1.925641065532193;1.925641065532193;2.2368097803370652
463;118;4;2.3707302738412257;2.3707302738412257;2.5286435559413105
464;143;3;2.2304939755991833;2.2304939755991833;2.1632576860692474
465;91;4;2.594188094173622;2.594188094173622;2.392879685570796
466;198;4;2.7845026878968504;2.7845026878968504;2.8010259690595483
467;262;4;2.133377227939704;2.133377227939704;2.409584748917571
468;217;4;2.297503658406431;2.297503658406431;2.419488490939874
469;165;4;2.434324887758024;2.434324887758024;2.6198464780710244
470;300;4;2.2759249180897974;2.2759249180897974;2.5247933137855667
471;205;4;2.040390122029454;2.040390122029454;2.2963080047965065
472;209;4;1.9956316590244174;1.9956316590244174;2.2675954209130045
473;350;4;2.6329546089741847;2.6329546089741847;2.6999539869875995
474;235;4;2.0495377245148747;2.0495377245148747;2.150931962012875
475;222;4;2.140854581723555;2.140854581723555;2.3729252723585224
476;380;4;0.0;0.0;3.189957144558715
477;261;4;2.013030444399372;2.013030444399372;2.2816498886482255
478;77;4;2.8197673911666836;2.8197673911666836;2.693328543347246
479;234;4;2.2516826542753017;2.2516826542753017;2.433408080398296
480;112;4;2.8442177662358255;2.8442177662358255;2.9562413997119914
481;226;4;2.3266451850897965;2.3266451850897965;2.6060203541484737
482;224;4;2.401939645880458;2.401939645880458;2.422951844831126
483;216;4;2.2252823930671335;2.2252823930671335;2.267861522034402
484;147;3;1.7194584692103088;1.7194584692103088;1.9756889197013032
485;307;4;1.9337238265371086;1.9337238265371086;2.0857685290221766
486;270;4;2.091469059413456;2.091469059413456;2.2810139227862907
487;231;4;2.1607780747892953;2.1607780747892953;2.457786713784763
488;220;4;2.282612770553884;2.282612770553884;2.3436913905793144
489;250;4;2.3386937868882876;2.3386937868882876;2.6521612808111037
490;248;4;2.470670185769907;2.470670185769907;2.6511242429620956
491;212;4;2.261399915953258;2.261399915953258;2.403673617555898
492;105;4;2.5425332022461182;2.5425332022461182;2.6126267111323154
493;133;4;1.918877555621506;1.918877555621506;2.1478784472286994
494;253;4;2.6594398084101885;2.6594398084101885;2.668996422310087
495;164;4;3.2536555720184293;3.2536555720184293;2.8179538339642205
496;187;4;1.7377771497062333;1.7377771497062333;2.1144380259332944
497;153;4;3.4125421993565563;3.4125421993565563;3.322456391987468
498;384;4;0.0;0.0;3.2792303640116454
499;227;4;2.069785000871113;2.069785000871113;2.2611456336794586
500;234;3;2.4350644532199293;2.4350644532199293;2.616622955766293
501;246;4;2.8836905867831972;2.8836905867831972;2.95747233977944
502;243;4;2.628337751778528;2.628337751778528;2.6494404888119356
503;177;4;2.182513360710953;2.182513360710953;2.303344607272434
504;302;4;2.3282572646879243;2.3282572646879243;2.611121546896801
505;293;4;2.254821901811757;2.254821901811757;2.4648838146109875
506;301;4;2.7538428629469736;2.7538428629469736;2.930794338261899
507;162;4;2.2217571194157655;2.2217571194157655;2.3025503788643746
508;162;3;2.1199758742894677;2.1199758742894677;2.2794237552503973
509;244;4;2.45967526852242;2.45967526852242;2.5674807965355066
510;195;4;1.7209894160917645;1.7209894160917645;1.9397256299185257
511;181;4;1.6380055979792076;1.6380055979792076;1.8913025010176157
512;150;4;1.776513464473339;1.776513464473339;2.1141605807352777
513;110;4;2.2229332332526566;2.2229332332526566;2.312328422758828
514;226;4;2.2192611721290736;2.2192611721290736;2.2398945989438834
515;110;4;2.3312816739014677;2.3312816739014677;2.412104377763782
516;86;4;2.4736598083959054;2.4736598083959054;2.467273108595093
517;191;4;2.403279799874022;2.403279799874022;2.38607586758002
518;162;4;1.9441654376957243;1.9441654376957243;2.163405088463813
519;275;4;2.0230003327240116;2.0230003327240116;2.215561252726411
520;253;4;2.4872134910439447;2.4872134910439447;2.5483993759683945
521;282;4;2.9942186468177603;2.9942186468177603;2.724210083013016
522;173;4;3.572712954971066;3.572712954971066;3.37183779335642
523;285;4;3.652421194474485;3.652421194474485;3.2606414984554357
524;168;4;2.643314034196534;2.643314034196534;2.703611753246008
525;359;4;2.2850286686808023;2.2850286686808023;2.602276216090192
526;397;4;3.400270017756576;3.400270017756576;3.310776056026822
527;379;4;2.870029983900124;2.870029983900124;3.1498025132775673
528;198;4;1.802983809782758;1.802983809782758;2.140419475192489
529;96;4;2.7581144708376137;2.7581144708376137;2.7029923611776008
530;121;4;2.2394487666936143;2.2394487666936143;2.368939006946268
531;164;4;1.5195439534870727;1.5195439534870727;1.8336428714242559
532;220;4;2.048731859419957;2.048731859419957;2.109587991535092
533;213;4;2.1547001396399548;2.1547001396399548;2.4046450467023637
534;220;4;1.9711270513202948;1.9711270513202948;2.323678280586307
535;239;4;3.0785565426494848;3.0785565426494848;3.200700010263218
536;251;4;2.943202863632163;2.943202863632163;2.827705089555081
537;118;4;2.722675302947246;2.722675302947246;3.0591577898590807
538;126;4;3.0383295863973028;3.0383295863973028;3.1637070514877097
539;168;4;2.00157557736343;2.00157557736343;2.16029953693993
540;218;4;2.1649401747416976;2.1649401747416976;2.3351829444351653
541;245;3;2.7931165993149767;2.7931165993149767;2.6523464575398066
542;167;4;1.8188448881495431;1.8188448881495431;2.096633864231315
543;114;4;2.672232828383986;2.672232828383986;2.7361233377023635
544;189;4;1.6009563862181675;1.6009563862181675;1.9558091523855328
545;134;4;1.6382424382404892;1.6382424382404892;2.061989584757753
546;309;4;2.4740531935061347;2.4740531935061347;2.797563739105222
547;183;4;1.5887369573421204;1.5887369573421204;1.9934611830115128
548;219;4;2.513438722539127;2.513438722539127;2.5448306366245457
549;228;4;2.0275999303460313;2.0275999303460313;2.389600891119873
550;211;4;1.6381799697399113;1.6381799697399113;2.024526063822054
551;198;4;2.347054961338743;2.347054961338743;2.4401224627447378
552;153;4;1.4366851708518993;1.4366851708518993;1.8565646453226248
553;194;4;1.7605703766147083;1.7605703766147083;2.084409009322928
554;250;4;2.869339496053145;2.869339496053145;2.795422369805677
555;263;4;2.660229512999788;2.660229512999788;2.713353636351127
556;308;4;2.284962258968716;2.284962258968716;2.532365054420056
557;215;4;1.7542215193300965;1.7542215193300965;2.1492072530698096
558;127;4;1.6608264921103457;1.6608264921103457;2.0643138224275583
559;217;4;3.6383817299710652;3.6383817299710652;3.780923270771551
560;101;4;1.5628015374716695;1.5628015374716695;1.8540603959789461
561;111;4;2.737467483099598;2.737467483099598;3.016435889971609
562;92;4;2.470987914991648;2.470987914991648;2.4408358219138497
563;121;4;1.4569592744902984;1.4569592744902984;1.829756075886845
564;176;4;2.852043749520085;2.852043749520085;2.9514843651994336
565;263;4;2.2574031780898816;2.2574031780898816;2.4668792187503494
566;341;4;2.4872446235741754;2.4872446235741754;2.6262093576621566
567;181;3;2.3022977567452356;2.3022977567452356;2.4505424471098816
568;198;3;2.0732332216196703;2.0732332216196703;2.26479933313416
569;232;4;2.6998467861850832;2.6998467861850832;2.7513320068529934
570;219;4;1.7191710877429638;1.7191710877429638;2.081914562576348
571;227;4;2.531537616180964;2.531537616180964;2.443364481363612
572;98;4;1.6410008585062525;1.6410008585062525;1.854521495812471
573;225;4;2.31135703148535;2.31135703148535;2.5797628858766943
574;308;4;2.4848024873867005;2.4848024873867005;2.8262701766402105
575;370;4;2.667360863835179;2.667360863835179;2.783753666737752
576;251;4;2.9226716964433788;2.9226716964433788;2.9114167661006825
577;143;4;1.6208727792231437;1.6208727792231437;2.030469441945213
578;205;4;3.5890385659570363;3.5890385659570363;3.5885865196272153
579;329;4;2.3669290690549785;2.3669290690549785;2.754018387621719
580;219;4;2.170424170839856;2.170424170839856;2.495716202542385
581;97;4;2.820645540907736;2.820645540907736;2.772245931348973
582;238;4;1.8792651721629148;1.8792651721629148;2.1253346725887208
583;227;4;2.8358206455142025;2.8358206455142025;2.7725604388907863
584;220;4;2.0333973815590998;2.0333973815590998;2.2768433031911783
585;131;4;1.8325201497963655;1.8325201497963655;2.0674757347758526
586;258;4;2.5644909411809835;2.5644909411809835;2.714755663446239
587;392;4;2.601566771936363;2.601566771936363;2.7743782135604818
588;304;4;2.4891637064363503;2.4891637064363503;3.1724639806726858
589;354;4;2.3373405795992506;2.3373405795992506;2.678200051050755
590;138;4;1.679661339844353;1.679661339844353;2.007013280219868
591;237;4;3.0642980134437052;3.0642980134437052;3.072859159984688
592;123;4;2.7702592518035924;2.7702592518035924;2.806602521354803
593;58;4;3.8026246137343493;3.8026246137343493;3.0486135144749733
594;133;3;2.798162907635659;2.798162907635659;2.709942496348787
595;359;4;2.867470165481128;2.867470165481128;2.8014201971628983
596;201;4;2.457244179729066;2.457244179729066;2.608975191132555
597;85;4;1.7411975814302083;1.7411975814302083;1.8920624689043537
598;248;4;2.2584342166812865;2.2584342166812865;2.38195046768239
599;166;4;1.7028229086242805;1.7028229086242805;2.1760193190707917
600;148;4;2.5707224892081513;2.5707224892081513;2.690995223174099
601;226;4;1.9535773952875155;1.9535773952875155;2.1382789479832023
602;133;4;1.7561316549285804;1.7561316549285804;2.0568160039791517
603;205;4;1.730306162685939;1.730306162685939;2.02638186852398
604;138;4;0.0;0.0;2.9917273784562455
605;379;4;2.351341229033491;2.351341229033491;2.6446435856766715
606;111;4;2.5641940201076627;2.5641940201076627;2.646999823798323
607;82;4;1.7893575849838956;1.7893575849838956;1.90593311341642
608;136;3;2.745126606564226;2.745126606564226;2.6876032614884284
609;237;4;3.0165361796453842;3.0165361796453842;2.9625551061751256
610;148;4;2.447989179218314;2.447989179218314;2.4115687122424463
611;170;4;1.8406614590629848;1.8406614590629848;2.085284317637463
612;64;4;2.689130936384011;2.689130936384011;2.6964884313288073
613;175;4;1.7618097542114868;1.7618097542114868;2.0319195952857787
614;244;4;2.3242331356543953;2.3242331356543953;2.6294406513132134
615;148;4;0.0;0.0;3.1284340853625143
616;242;4;1.9079149067938834;1.9079149067938834;2.139916492199841
617;305;4;0.0;0.0;3.1724431265363817
618;330;4;3.9828789035420074;3.9828789035420074;3.867968528654148
619;210;4;2.4574522110576846;2.4574522110576846;2.440910374094412
620;163;4;1.5372024417714598;1.5372024417714598;1.9745176741889499
621;214;4;2.1000822161431842;2.1000822161431842;2.393397063973637
622;161;3;2.1446460656954645;2.1446460656954645;2.2756095249884907
623;196;4;1.9584794083847696;1.9584794083847696;2.218202043108672
624;234;4;1.950707403186113;1.950707403186113;2.2962275410099555
625;162;4;1.6166477475371095;1.6166477475371095;2.0860698448474744
626;222;4;2.1929545539219104;2.1929545539219104;2.4621537450882216
627;227;4;2.9974500512484936;2.9974500512484936;3.2154489760483047
628;271;4;1.8700022455616603;1.8700022455616603;2.130680518047346
629;142;4;2.022928444712293;2.022928444712293;2.1593257536714736
630;250;3;2.3019184243558435;2.3019184243558435;2.383676495889148
631;216;4;2.638745056640845;2.638745056640845;2.721360794383877
632;169;4;1.6957389198974264;1.6957389198974264;2.1174714516472526
633;158;4;1.9823877634719282;1.9823877634719282;2.1491270714513506
634;71;4;2.8682504861745897;2.8682504861745897;2.4301131726808074
635;238;4;3.125999687240603;3.125999687240603;2.952347733484503
636;260;4;2.6836155007942457;2.6836155007942457;2.731088141073273
637;235;4;1.9695920242803875;1.9695920242803875;2.2805219203326645
638;255;4;2.273286373546883;2.273286373546883;2.6341836810955135
639;166;4;1.6368419134388859;1.6368419134388859;2.118113623155554
640;197;4;2.7656700613557295;2.7656700613557295;2.7616532910734715
641;175;4;2.1559128708478674;2.1559128708478674;2.405882823565404
642;164;3;2.017231448641165;2.017231448641165;2.2247839989635665
643;171;4;2.2686666837245686;2.2686666837245686;2.4695567948592068
644;225;4;2.2151363399204826;2.2151363399204826;2.5207183665165953
645;279;4;2.3908898549829707;2.3908898549829707;2.5613894070758145
646;237;4;2.927191573143348;2.927191573143348;2.8579430537272508
647;193;4;1.6333291256982725;1.6333291256982725;1.9071182071959876
648;199;4;2.164961735693439;2.164961735693439;2.4469105056066955
649;125;4;2.992893196478426;2.992893196478426;3.1847006761571692
650;228;4;2.492543851843172;2.492543851843172;2.613687658883084
651;227;4;2.49422260193353;2.49422260193353;2.5052684937752483
652;132;4;1.6051479146132943;1.6051479146132943;1.9905098352093407
653;205;4;2.3780713047456326;2.3780713047456326;2.403144172630526
654;205;3;1.6977745958050419;1.6977745958050419;1.9975843329338785
655;167;4;1.7397901805922398;1.7397901805922398;2.034697707940495
656;135;4;2.5911100949919907;2.5911100949919907;2.510823313352012
657;304;4;0.0;0.0;3.1724431265363817
658;224;4;2.438019376482796;2.438019376482796;2.3193655979563053
659;249;4;2.3589750816020323;2.3589750816020323;2.5348018261877576
660;170;4;1.7270345582028634;1.7270345582028634;2.0864742223687966
661;210;4;2.1845365991546486;2.1845365991546486;2.4148955747233654
662;239;4;2.2973385322935744;2.2973385322935744;2.523432539683497
663;159;4;1.6091548372691022;1.6091548372691022;2.0766571877929243
664;116;3;3.018620243230816;3.018620243230816;2.8830544512466596
665;207;4;2.1846309159534294;2.1846309159534294;2.394613963358379
666;89;4;2.4957553584958805;2.4957553584958805;2.774343246037448
667;108;4;2.6438329842973927;2.6438329842973927;2.9764402253285125
668;383;4;1.978342518853228;1.978342518853228;3.2791945286177238
669;189;4;1.9242683057555372;1.9242683057555372;2.2122536385572698
670;166;4;1.5040686144510589;1.5040686144510589;1.9597190888779856
671;288;4;2.0273854075789943;2.0273854075789943;3.2239279234229925
672;249;4;2.5215216848843345;2.5215216848843345;2.545757859809479
673;98;4;2.3337178993184184;2.3337178993184184;2.4875926696361668
674;316;4;2.630341439221835;2.630341439221835;2.903051154839074
675;237;4;2.9416778777775687;2.9416778777775687;3.0655337266476583
676;257;4;2.1999883054585716;2.1999883054585716;2.241009618343987
677;168;4;3.2123039592686142;3.2123039592686142;2.8662773594171833
678;286;4;2.301420601796981;2.301420601796981;2.3896945744292957
679;290;4;2.774344619849299;2.774344619849299;2.6774827545809194
680;207;3;1.7084968271666836;1.7084968271666836;1.9969825664605891
681;262;4;2.6575536713119146;2.6575536713119146;2.630431749574677
682;160;4;1.4741034778992057;1.4741034778992057;1.923048005806087
683;144;4;1.5820530002547224;1.5820530002547224;1.9828889503314697
684;104;4;2.2805364018422827;2.2805364018422827;2.5181969709855996
685;277;4;1.9132757715720494;1.9132757715720494;2.13343649590603
686;209;4;2.2433469333223166;2.2433469333223166;2.518351284784295
687;261;4;2.454598057208166;2.454598057208166;2.466432736470114
688;270;4;2.5527276636679153;2.5527276636679153;2.6256168726767077
689;163;4;1.9238881725285528;1.9238881725285528;2.2549887802851716
690;104;4;2.3538927380742094;2.3538927380742094;2.4283869748467195
691;385;4;0.0;0.0;3.2792303640116454
692;118;4;1.5087743372565219;1.5087743372565219;1.8579166953130737
693;347;4;2.4519338822388295;2.4519338822388295;2.694820156668575
694;388;4;4.26737220357567;4.26737220357567;3.4396545091275703
695;248;4;2.9548647966063566;2.9548647966063566;2.9791301723174093
696;343;4;2.9139671627485737;2.9139671627485737;2.995279372101585
697;225;4;2.0737255725074846;2.0737255725074846;2.435794285411993
698;208;4;2.1672506316644307;2.1672506316644307;2.3385329409656577
699;132;4;1.3735613963827105;1.3735613963827105;1.838163303798879
700;209;4;2.0298054929422737;2.0298054929422737;2.2901826342325995
701;89;4;1.6817137062230985;1.6817137062230985;1.8660234871919246
702;167;4;1.7096111135615695;1.7096111135615695;2.1106415695707836
703;173;4;2.183081960742002;2.183081960742002;2.2307563755191224
704;234;4;1.789479376789631;1.789479376789631;2.0221067060437723
705;150;4;1.6245235692919127;1.6245235692919127;2.057193442716711
706;206;4;1.6509223671108408;1.6509223671108408;1.9753720777657107
707;120;4;1.7160765714760637;1.7160765714760637;2.0884882979068693
708;128;3;2.8973392889797247;2.8973392889797247;2.728053963913236
709;263;4;2.5161124174857816;2.5161124174857816;2.628362339846607
710;237;4;2.265888480642373;2.265888480642373;2.2426145817047374
711;268;4;3.0720037642902813;3.0720037642902813;3.223563196989238
712;181;4;1.8655887807295177;1.8655887807295177;2.06146217479745
713;144;4;1.3545905819112773;1.3545905819112773;1.8013538842868315
714;225;4;2.190340691983292;2.190340691983292;2.289450162642227
715;233;4;2.0429707753154234;2.0429707753154234;2.324599490543399
716;286;4;0.0;0.0;3.223885361067762
717;341;4;2.7326275101342086;2.7326275101342086;2.889145731118868
718;201;4;2.3251783586354837;2.3251783586354837;2.3740004726490387
719;200;4;3.923100524371894;3.923100524371894;3.7210766820828978
720;158;4;1.8922200596072414;1.8922200596072414;2.1130241248667314
721;197;4;3.15922239780823;3.15922239780823;3.1018662383768594
722;201;4;2.1769033787082015;2.1769033787082015;2.463371079846223
723;205;4;2.0489516074778824;2.0489516074778824;2.2211320210908556
724;169;3;2.3647305447924083;2.3647305447924083;2.4002294172694842
725;142;4;1.7179209424017343;1.7179209424017343;2.0901383811735794
726;190;4;2.3996454903407916;2.3996454903407916;2.4378466534151384
727;138;4;0.0;0.0;2.9917273784562455
728;380;4;1.9583720214416391;1.9583720214416391;3.1900006771058456
729;111;4;3.263435433951034;3.263435433951034;2.9747007853360556
730;216;4;1.9551674983499108;1.9551674983499108;2.077449785844874
731;323;4;2.364266840006086;2.364266840006086;2.647602321921084
732;101;4;2.3353139960099556;2.3353139960099556;2.4874360743678574
733;169;4;1.6482139829012923;1.6482139829012923;2.147192444977641
734;226;4;1.8044633544716837;1.8044633544716837;1.9936284928290078
735;236;4;2.2876420276834586;2.2876420276834586;2.6468366337693454
736;151;4;2.7415122232254134;2.7415122232254134;2.7749974336301366
737;270;4;1.8501478118288441;1.8501478118288441;2.0769631156223225
738;299;4;2.431236330531692;2.431236330531692;2.7178558621040367
739;257;4;2.4916027963949094;2.4916027963949094;2.5585108194104507
740;92;4;2.4672260378910793;2.4672260378910793;2.483626357006264
741;183;4;1.678004074331179;1.678004074331179;2.126746304174007
742;243;4;2.669535600446631;2.669535600446631;2.8309747652769275
743;147;4;1.7514715074335874;1.7514715074335874;2.0362799522956028
744;200;4;2.1989682724809962;2.1989682724809962;2.5184107974117618
745;186;4;2.9937769647354746;2.9937769647354746;3.008712114160841
746;209;4;1.9471580598719807;1.9471580598719807;2.17284264310084
747;214;4;2.126535974476666;2.126535974476666;2.3248174525702794
748;97;4;2.7022357822730583;2.7022357822730583;3.0143714060626885
749;90;4;2.5601273835503324;2.5601273835503324;2.8752066426749967
750;148;4;1.8763611232348443;1.8763611232348443;2.145143499298353
751;336;4;2.8481109130275417;2.8481109130275417;3.0508830281248196
752;232;4;2.4844895577432102;2.4844895577432102;2.5218650730610244
753;217;4;2.9626783873223803;2.9626783873223803;2.7406759215157606
754;207;4;3.4054346975309513;3.4054346975309513;3.3625820887298428
755;152;4;1.7938062496237932;1.7938062496237932;2.020987699997265
756;145;4;1.3525215532199788;1.3525215532199788;1.7959438401435879
757;222;4;2.0700501689710946;2.0700501689710946;2.2155385508485823
758;179;4;1.8226765305598949;1.8226765305598949;2.0444645472041505
759;192;4;2.3600254178715807;2.3600254178715807;2.3942594740999406
760;281;4;2.1604183380396815;2.1604183380396815;2.4723824002096473
761;289;4;2.6496158150092954;2.6496158150092954;2.8200867568066292
762;266;4;1.9067481045585943;1.9067481045585943;2.109049914813651
763;303;4;2.0194222935312145;2.0194222935312145;2.3747822746740006
764;210;4;1.631083715288725;1.631083715288725;1.8039742676415733
765;63;3;1.7115168738523396;1.7115168738523396;1.4892521509576493
766;164;4;1.5386451963769268;1.5386451963769268;1.682253136427261
767;203;4;1.7662615997664757;1.7662615997664757;1.9797203317980099
768;241;3;1.875094189830612;1.875094189830612;2.0958095263582734
769;241;3;2.011732453666028;2.011732453666028;2.162899023085426
770;303;4;2.0128702646141794;2.0128702646141794;2.3906920946296997
771;255;4;1.6301262517029107;1.6301262517029107;2.0495549103403023
772;185;4;1.3724651060274184;1.3724651060274184;1.58153008410751
773;253;4;1.6136313215736577;1.6136313215736577;2.129636922898714
774;244;4;1.6518995603488411;1.6518995603488411;1.945399344296552
775;179;3;1.6005138219759627;1.6005138219759627;1.849040659608396
776;89;4;2.3667142295480508;2.3667142295480508;2.6026883681619943
777;252;4;1.9357431572768837;1.9357431572768837;2.0684045312541346
778;289;4;2.1899532105218023;2.1899532105218023;2.288527399586628
779;191;4;1.3753447275073682;1.3753447275073682;1.5871855169299094
780;90;3;1.6822103638727306;1.6822103638727306;1.519084505428692
781;227;4;1.5184212515503366;1.5184212515503366;1.9846302510619198
782;227;4;1.7064694946343888;1.7064694946343888;2.0056873436105698
783;109;4;1.5876090690914022;1.5876090690914022;1.8505283917268236
784;174;4;2.7010491689945084;2.7010491689945084;2.526502364308077
785;249;4;1.7743684154376687;1.7743684154376687;1.8636341149710305
786;212;4;1.5661605005715031;1.5661605005715031;1.8291473839293133
787;144;4;1.6584608806422003;1.6584608806422003;1.7198409441690228
788;226;4;3.436401765635807;3.436401765635807;3.4741538533818397
789;196;3;2.285176774136532;2.285176774136532;2.502895320065943
790;78;4;1.7903328265464344;1.7903328265464344;2.11545987005233
791;115;4;2.5115309483336747;2.5115309483336747;2.7880180506998458
792;199;4;2.0867430721454836;2.0867430721454836;2.207750152006135
793;245;4;1.9419930140856692;1.9419930140856692;2.381523916993873
794;253;4;1.7787047923258499;1.7787047923258499;2.2165110924335223
795;178;4;1.9179306486719614;1.9179306486719614;2.143324114651255
796;102;4;2.2665378292664795;2.2665378292664795;2.563881878515063
797;75;3;2.6407255477877434;2.6407255477877434;2.780301396868466
798;104;4;2.216551321089172;2.216551321089172;2.45309819863759
799;195;4;2.3848214510171366;2.3848214510171366;2.5058843230174603
800;196;4;1.6483641489992789;1.6483641489992789;1.8313329506834923
801;185;4;2.30457919901913;2.30457919901913;2.3551050332863097
802;175;3;2.221937374332383;2.221937374332383;2.415777702008545
803;150;4;1.9215860268637193;1.9215860268637193;2.1139809911483636
804;189;3;1.563196990876828;1.563196990876828;1.805638024372733
805;166;3;1.8941496999650151;1.8941496999650151;2.0336792938230626
806;98;4;2.79552846920691;2.79552846920691;2.989264416977087
807;150;4;2.3730082298136908;2.3730082298136908;2.4942235469030543
808;212;4;2.0060897012393597;2.0060897012393597;2.1429897806777753
809;290;4;2.354052818333973;2.354052818333973;2.520554762081709
810;236;4;1.9473138800539516;1.9473138800539516;2.2270061914793318
811;274;4;1.9783842015589357;1.9783842015589357;2.165862293668219
812;312;4;2.4799175174899712;2.4799175174899712;2.6825224382442747
813;290;4;2.379852231265312;2.379852231265312;2.463083031630268
814;257;4;2.0837292426709206;2.0837292426709206;2.3305127467068263
815;174;4;1.6402590267428028;1.6402590267428028;1.7817259084401595
816;133;4;1.913987796074613;1.913987796074613;1.9965639528772698
817;226;4;2.315572247083583;2.315572247083583;2.4818374929832934
818;298;4;2.162811204480639;2.162811204480639;2.2203078599036306
819;260;4;2.0851744217720674;2.0851744217720674;2.3399285130144554
820;36;3;1.975721971252669;1.975721971252669;1.4973225355741107
821;118;3;1.6869419173591573;1.6869419173591573;1.6880895679587116
822;161;4;1.859387064331975;1.859387064331975;2.1132985842808063
823;260;4;1.7253452165781646;1.7253452165781646;1.9057965897233407
824;256;4;1.7220203987193456;1.7220203987193456;2.0059604223112695
825;206;4;1.5739780450566596;1.5739780450566596;1.7647990041665942
826;81;3;1.6784051027860916;1.6784051027860916;1.4742514825141564
827;159;4;1.519401915682025;1.519401915682025;1.6611356770026406
828;208;4;1.7843144021047093;1.7843144021047093;1.988584977303249
829;242;3;1.9245347759347504;1.9245347759347504;2.0915136970930552
830;233;3;1.9387902587246186;1.9387902587246186;2.04887681813804
831;268;4;1.8146738697260851;1.8146738697260851;2.0863494957332436
832;242;4;1.5198549302296103;1.5198549302296103;1.9466025204285986
833;181;4;1.3894178529387664;1.3894178529387664;1.5472987141490702
834;258;4;1.654267658518206;1.654267658518206;2.1405103259016336
835;256;4;1.731981103464468;1.731981103464468;1.9733396527386386
836;173;3;1.8031620348207884;1.8031620348207884;2.029044021508384
837;83;4;2.388808704449691;2.388808704449691;2.5972851882425587
838;242;4;1.6892333385816025;1.6892333385816025;1.8719369445266814
839;263;4;2.124143232397764;2.124143232397764;2.2826804184726153
840;182;4;1.4125232025448462;1.4125232025448462;1.6097030353838306
841;93;3;1.7296858181768884;1.7296858181768884;1.5292851547764659
842;229;4;1.6234450581260378;1.6234450581260378;2.084323083194047
843;234;4;1.687682836286994;1.687682836286994;1.9987628678745781
844;123;4;1.73506704857472;1.73506704857472;1.961626233481758
845;138;4;2.607671361246352;2.607671361246352;2.4447196248454492
846;234;4;1.7641357856574398;1.7641357856574398;1.8778845181468011
847;208;4;1.5391930498365403;1.5391930498365403;1.7575241504192138
848;160;4;1.7571145508279176;1.7571145508279176;1.8052563852212309
849;225;4;3.309379059192441;3.309379059192441;3.2152692052477247
850;212;3;2.08799725542862;2.08799725542862;2.2799282017613915
851;93;4;1.7591965620476753;1.7591965620476753;2.0770010462438
852;112;4;2.403125370919864;2.403125370919864;2.7930403999363973
853;159;4;2.141256209917628;2.141256209917628;2.248506234430794
854;236;4;1.8867879187311452;1.8867879187311452;2.3182277328741994
855;234;4;1.712389783396009;1.712389783396009;2.182669991044536
856;205;4;1.870771405506341;1.870771405506341;2.0676451637776507
857;110;4;2.0571492862453664;2.0571492862453664;2.349163158704872
858;74;3;2.746672464920733;2.746672464920733;2.8058422371508427
859;98;4;2.191981100674934;2.191981100674934;2.4071041584187745
860;195;4;2.216598554620058;2.216598554620058;2.3543301839676714
861;190;4;1.7845031850106545;1.7845031850106545;1.9571155461872158
862;193;4;2.410389884005349;2.410389884005349;2.4104414082140164
863;201;3;2.102582188894005;2.102582188894005;2.311717432851047
864;156;4;1.8460733853451652;1.8460733853451652;2.0241711121472243
865;188;3;1.6874464772756568;1.6874464772756568;1.928507106582124
866;133;3;2.086245666319386;2.086245666319386;2.153954037190027
867;93;4;2.682182263039841;2.682182263039841;2.8627760797950037
868;145;4;2.321161833832336;2.321161833832336;2.4091744098949435
869;196;4;2.262478259957702;2.262478259957702;2.344803982055137
870;311;4;2.7357243342160658;2.7357243342160658;2.830653992939528
871;233;3;1.887143948219485;1.887143948219485;2.116327011254444
872;277;4;2.0070280418880326;2.0070280418880326;2.209565241873516
873;301;4;2.187771645147801;2.187771645147801;2.340086097551043
874;233;4;2.1501806648868684;2.1501806648868684;2.18980240200305
875;225;4;1.783482013131953;1.783482013131953;2.014050278202731
876;182;4;1.7225145664481405;1.7225145664481405;1.8405707020642461
877;138;4;2.1171224684815684;2.1171224684815684;2.0834944582074644
878;186;4;2.1435669223916376;2.1435669223916376;2.2555106410119774
879;318;4;2.334503505942864;2.334503505942864;2.3177451276315613
880;252;4;2.29345866101556;2.29345866101556;2.538789474587027
881;37;3;1.9041963998174363;1.9041963998174363;1.487131667927417
882;118;3;1.7854006411253058;1.7854006411253058;1.8083287648221873
883;152;4;1.8804058456757453;1.8804058456757453;2.05062832072153
884;288;4;2.2131390102399915;2.2131390102399915;2.4222242416133546
885;324;4;2.345140922726101;2.345140922726101;2.454841781578142
886;193;4;1.5901195685723861;1.5901195685723861;1.720802628725833
887;72;3;1.8653440519446427;1.8653440519446427;1.547626425469029
888;193;4;2.006689458482525;2.006689458482525;2.0186491071098214
889;206;4;2.3065711217090366;2.3065711217090366;2.3189119396344102
890;254;3;1.8185937292476788;1.8185937292476788;2.0425032127283815
891;253;4;2.1482099921118287;2.1482099921118287;2.353140823199821
892;323;4;2.255079155886616;2.255079155886616;2.437292829121078
893;225;4;1.7031982724766033;1.7031982724766033;1.9245534870899725
894;191;4;1.387257666358309;1.387257666358309;1.6034587268246676
895;276;4;2.4181806818423595;2.4181806818423595;2.5437246225304952
896;268;4;2.097470170759141;2.097470170759141;2.3821145758525937
897;175;3;1.5520133967823189;1.5520133967823189;1.8007890071189219
898;98;4;2.4719126875489406;2.4719126875489406;2.854591758450738
899;313;4;2.3507823707451;2.3507823707451;2.451038939399325
900;303;4;3.3242695466995644;3.3242695466995644;3.19482429218046
901;156;4;1.6960713654541861;1.6960713654541861;1.7621440507061867
902;102;3;1.7931526800920297;1.7931526800920297;1.5746782392160048
903;288;4;2.031093252501811;2.031093252501811;2.2620575250766803
904;267;4;1.9538957762875622;1.9538957762875622;2.165512552651586
905;99;4;1.6485141568750938;1.6485141568750938;1.962959248259935
906;184;4;2.121553885976191;2.121553885976191;2.2162274753208018
907;238;4;1.827794191670652;1.827794191670652;2.0045228292386814
908;203;4;1.6273487849681905;1.6273487849681905;1.721733344804268
909;197;4;1.7737463344299504;1.7737463344299504;1.8302416929979468
910;228;4;3.579179175010215;3.579179175010215;3.2289121489948354
911;186;3;3.128287262652168;3.128287262652168;3.1986206656247353
912;86;4;1.8148464281463643;1.8148464281463643;2.16435729083207
913;137;4;2.7121198829922597;2.7121198829922597;2.7596834267113235
914;176;4;2.3820104772049655;2.3820104772049655;2.576649742620346
915;242;4;1.5024162660603304;1.5024162660603304;1.909451402209081
916;253;4;2.613069824833766;2.613069824833766;2.5215234815244325
917;222;3;2.7102876054559504;2.7102876054559504;2.8514184583923687
918;96;4;3.071469833043184;3.071469833043184;3.1634229806238348
919;82;3;2.5266289830805833;2.5266289830805833;2.725193803338453
920;112;4;2.493125186219955;2.493125186219955;2.755704804398223
921;240;4;2.5933327296614177;2.5933327296614177;2.5613091781736004
922;192;4;1.9338234559125003;1.9338234559125003;2.0582086869655174
923;183;4;2.26793809130682;2.26793809130682;2.4057339820364385
924;182;3;2.704250912612017;2.704250912612017;2.857378070447715
925;152;4;2.418882935571891;2.418882935571891;2.5213837041891938
926;194;3;1.6659377974621983;1.6659377974621983;1.8595581535630934
927;155;4;2.0235085772048857;2.0235085772048857;2.11061094353236
928;109;4;2.9686376346206225;2.9686376346206225;2.943313748901742
929;171;4;2.3593770285364424;2.3593770285364424;2.5407866042349556
930;225;4;1.850796622160437;1.850796622160437;1.9404055701227925
931;310;4;2.093986884473302;2.093986884473302;2.145158182923064
932;218;4;2.150842035457646;2.150842035457646;2.335357118054365
933;257;4;2.0651359679208285;2.0651359679208285;2.137121609964196
934;317;4;2.4172424833070343;2.4172424833070343;2.4864264839032137
935;301;4;2.5873895733985015;2.5873895733985015;2.6338542799609685
936;282;4;3.481367132050602;3.481367132050602;3.181120834647437
937;132;4;1.6677663800103526;1.6677663800103526;1.743491771147958
938;140;4;1.9274668652699523;1.9274668652699523;1.9988237478640143
939;256;4;2.387152843500075;2.387152843500075;2.5224982730776873
940;325;4;1.9959168451938918;1.9959168451938918;2.284673015837325
941;207;4;1.6723023991183354;1.6723023991183354;1.7628898336967875
942;36;3;2.056527678401098;2.056527678401098;1.5215006729420422
943;149;4;1.6702788124734234;1.6702788124734234;1.7891823144646077
944;211;4;1.8083098829929543;1.8083098829929543;2.008659178311852
945;266;4;1.8429668158267452;1.8429668158267452;2.039863806754385
946;269;4;1.8489456536067246;1.8489456536067246;2.2084714695112178
947;218;4;1.7622928202141104;1.7622928202141104;2.004024791463883
948;95;3;1.7331546893562129;1.7331546893562129;1.5062354165113387
949;156;4;1.5204616235961503;1.5204616235961503;1.630327916915579
950;174;4;1.875295605254598;1.875295605254598;2.046842477677328
951;247;4;1.8692242443707847;1.8692242443707847;2.0587356628343736
952;238;3;1.9274147749730284;1.9274147749730284;2.0629786411289843
953;294;4;1.9030264588110983;1.9030264588110983;2.2443872774319207
954;266;4;1.6342906750838075;1.6342906750838075;2.0811796952905346
955;190;4;1.320567339157363;1.320567339157363;1.5306566147378975
956;273;4;1.6543731154499408;1.6543731154499408;2.1012058182358024
957;222;4;1.7716155462579701;1.7716155462579701;2.0294706688436652
958;189;3;1.5921003743041406;1.5921003743041406;1.8327188546869495
959;82;4;2.49140021518123;2.49140021518123;2.5648068369124224
960;236;4;1.750266620398488;1.750266620398488;1.9382754074735338
961;237;4;1.7730281073522245;1.7730281073522245;1.9871400542275792
962;196;4;1.423848035632621;1.423848035632621;1.6119367569671992
963;91;3;1.7009009246551634;1.7009009246551634;1.5286296451316275
964;231;4;1.5687549942613221;1.5687549942613221;1.9917216939139195
965;195;4;1.9256708391349737;1.9256708391349737;2.1126487614813017
966;129;4;1.584307121894781;1.584307121894781;1.8502476229431524
967;134;4;2.700621480572705;2.700621480572705;2.5659955073985747
968;256;4;1.943843967830944;1.943843967830944;1.9665407476971437
969;226;4;1.6275917580337178;1.6275917580337178;2.046484648101809
970;171;4;1.6572770701216382;1.6572770701216382;1.7343270636531383
971;232;4;3.5834992749298813;3.5834992749298813;3.4850597744361007
972;209;4;2.4550858402521203;2.4550858402521203;2.7095395907432698
973;82;4;1.783157405052979;1.783157405052979;2.1244600679414396
974;105;4;2.3734153121031607;2.3734153121031607;2.676168771912027
975;158;4;2.301819798475756;2.301819798475756;2.3484154222633387
976;249;4;2.0278165083102944;2.0278165083102944;2.392744068859571
977;261;4;1.745041757374315;1.745041757374315;2.1552078947935502
978;193;4;2.1137703973074355;2.1137703973074355;2.346555514195494
979;119;4;2.376255110287133;2.376255110287133;2.637965899900685
980;74;3;2.7792768540800417;2.7792768540800417;2.8713057416530803
981;97;4;2.197152385089216;2.197152385089216;2.362280266632717
982;189;4;2.1828875841703996;2.1828875841703996;2.3349802169516143
983;203;4;1.6621967769073125;1.6621967769073125;1.8398980552317241
984;196;4;2.4141814162532143;2.4141814162532143;2.464526746737524
985;182;3;2.253888740626685;2.253888740626685;2.4807788021481962
986;169;4;2.1312616541340916;2.1312616541340916;2.255471672506571
987;191;3;1.6298692232369532;1.6298692232369532;1.8713209857184512
988;169;4;1.8833680095519558;1.8833680095519558;2.0105045490482016
989;90;4;2.830238353706341;2.830238353706341;2.9224024809495224
990;137;4;2.4639015720948727;2.4639015720948727;2.5140504400158075
991;221;4;2.3241962214471465;2.3241962214471465;2.399041226930595
992;304;4;2.2682056746330232;2.2682056746330232;2.4100645417442093
993;235;4;2.00176928438898;2.00176928438898;2.2565328154173128
994;290;4;2.16195558150609;2.16195558150609;2.2652812282959043
995;311;4;2.3902519532901403;2.3902519532901403;2.6198685082854203
996;279;4;2.0811915371444383;2.0811915371444383;2.138964540340412
997;232;4;1.7475320495635356;1.7475320495635356;1.972333437751694
998;183;4;1.645373479492631;1.645373479492631;1.7898101247438771
999;122;4;1.9472342168410957;1.9472342168410957;1.9835658426757106
1000;209;4;2.41639745340129;2.41639745340129;2.5551372632071288
1001;315;4;2.2012774715553056;2.2012774715553056;2.2072750883106447
1002;276;4;2.1391258427702855;2.1391258427702855;2.424186484269093
1003;43;3;1.8305710655677752;1.8305710655677752;1.4975827663200707
1004;118;3;1.687296410862443;1.687296410862443;1.6713514038599426
1005;152;4;1.9861619500117478;1.9861619500117478;2.1552893364399353
1006;292;4;2.1758066119330506;2.1758066119330506;2.3557897578916354
1007;296;4;2.273036510236755;2.273036510236755;2.364089272266563
1008;192;4;1.5182754364983548;1.5182754364983548;1.6770297320926262
1009;84;3;1.7398783012089865;1.7398783012089865;1.513613049812799
1010;193;4;1.9533927255000008;1.9533927255000008;1.9984201538907946
1011;211;4;2.0859554260059334;2.0859554260059334;2.1461717074483997
1012;252;3;1.8998207018022468;1.8998207018022468;2.0651405732899666
1013;257;4;2.0860316483552337;2.0860316483552337;2.295403447178963
1014;299;4;2.3039477347441077;2.3039477347441077;2.4344118571868822
1015;216;4;1.6406512043546644;1.6406512043546644;1.8124000783392697
1016;181;4;1.4176669779129112;1.4176669779129112;1.6354544553268384
1017;270;4;2.2812716647847058;2.2812716647847058;2.427981123418165
1018;262;4;2.009114478344636;2.009114478344636;2.2747894035941734
1019;175;3;1.7133593747302522;1.7133593747302522;1.9338612917400113
1020;111;4;2.5096743066638294;2.5096743066638294;2.877711264375449
1021;334;4;2.446450446405367;2.446450446405367;2.5244272529416447
1022;290;4;3.2981138642033874;3.2981138642033874;3.108058542134528
1023;136;3;1.7672497616785485;1.7672497616785485;1.7374720117156
1024;102;3;1.7595083712300559;1.7595083712300559;1.5582578311531592
1025;288;4;1.9227899452119117;1.9227899452119117;2.2453780277740645
1026;242;4;1.837967345378051;1.837967345378051;2.090610924681691
1027;123;4;1.7142982894971297;1.7142982894971297;1.9701700915124807
1028;194;4;2.0194701505085058;2.0194701505085058;2.128074670810046
1029;261;4;1.8813868354972898;1.8813868354972898;2.11538240224299
1030;201;4;1.4386378637491686;1.4386378637491686;1.558603886925018
1031;191;4;1.655475086708899;1.655475086708899;1.7699456126674253
1032;226;4;3.7663327944139566;3.7663327944139566;3.419786895293686
1033;182;3;2.590145369934535;2.590145369934535;2.7732313390145755
1034;104;4;1.7388518795237218;1.7388518795237218;2.052053328030303
1035;142;4;2.8051634644542194;2.8051634644542194;2.6562517543105213
1036;187;4;2.0135240063777755;2.0135240063777755;2.279561372489963
1037;218;4;1.6210981006562715;1.6210981006562715;1.9432565300128293
1038;268;4;2.2660117672114723;2.2660117672114723;2.4197424955106506
1039;195;4;2.2721189302241958;2.2721189302241958;2.5327118359898555
1040;85;4;2.7780352926748564;2.7780352926748564;2.9746774284346693
1041;88;3;2.5530878788979416;2.5530878788979416;2.68325240368579
1042;126;4;2.7790261130511227;2.7790261130511227;2.9123216168338257
1043;241;4;2.6812328834557904;2.6812328834557904;2.551716131913232
1044;191;4;1.9021290523626384;1.9021290523626384;2.0539550923615675
1045;196;4;2.1077687256954207;2.1077687256954207;2.2993331745978463
1046;169;3;2.4333781718495198;2.4333781718495198;2.6402960771111212
1047;146;4;2.0336619061646117;2.0336619061646117;2.255424384490382
1048;201;3;1.7958989766700184;1.7958989766700184;2.006077232607334
1049;132;4;2.031415477859197;2.031415477859197;2.0935985328784734
1050;116;4;3.1868183961048016;3.1868183961048016;2.986662277233095
1051;165;4;2.693416151506677;2.693416151506677;2.714257496051441
1052;213;4;1.7976037833307785;1.7976037833307785;1.940503557743356
1053;302;4;2.075187897913625;2.075187897913625;2.1358215604986612
1054;239;4;2.0971384329050853;2.0971384329050853;2.3229361703704052
1055;288;4;2.171114156459;2.171114156459;2.2900284814436955
1056;311;4;2.3979301539760454;2.3979301539760454;2.6357700330739626
1057;295;4;2.540757488703074;2.540757488703074;2.6145255905862044
1058;250;4;3.305624571658375;3.305624571658375;3.135438860135717
1059;131;4;1.645818068062731;1.645818068062731;1.7583225353619536
1060;145;4;2.208215095707148;2.208215095707148;2.135055220349928
1061;249;4;2.21327519129013;2.21327519129013;2.371058520617965
1062;307;4;1.9718358914404224;1.9718358914404224;2.287644606546297
1063;205;4;1.6111684020022206;1.6111684020022206;1.6720032258704067
1064;37;3;1.9093624520911108;1.9093624520911108;1.5093131237040815
1065;171;4;1.6317723914992521;1.6317723914992521;1.7967603741150402
1066;198;4;1.8490251834853777;1.8490251834853777;2.0375706460841894
1067;298;4;2.3612761805657754;2.3612761805657754;2.5357883974463946
1068;346;4;2.4995941370970542;2.4995941370970542;2.613499217494387
1069;198;4;1.544907014690481;1.544907014690481;1.6823928249896691
1070;67;3;1.8291685754231317;1.8291685754231317;1.5305396089229466
1071;202;4;1.723021438157539;1.723021438157539;1.8292949779801861
1072;219;4;2.080185589075788;2.080185589075788;2.1532779697488693
1073;254;3;1.836374048523733;1.836374048523733;2.062226368501511
1074;258;4;2.1127350058573273;2.1127350058573273;2.3058954862153547
1075;326;4;2.416860124381672;2.416860124381672;2.58863468459395
1076;220;4;1.7955675735551127;1.7955675735551127;1.93687708965767
1077;179;4;1.5531047394070683;1.5531047394070683;1.7290387500535864
1078;283;4;2.38070943245361;2.38070943245361;2.4984068396267376
1079;262;4;2.0759005774634214;2.0759005774634214;2.399038951135462
1080;178;3;1.5407281434299869;1.5407281434299869;1.7844003141551195
1081;107;4;2.4389589414062693;2.4389589414062693;2.8117494629930233
1082;319;4;2.4046102808488055;2.4046102808488055;2.5203763904693472
1083;278;4;3.5061403030563794;3.5061403030563794;3.2485128639717185
1084;147;4;1.678849579377848;1.678849579377848;1.704027115176464
1085;96;3;1.8039060245640057;1.8039060245640057;1.5678440057238208
1086;280;4;1.9932092250975586;1.9932092250975586;2.2804020653001262
1087;260;4;2.1981255059112397;2.1981255059112397;2.4808035175014997
1088;106;4;1.6131098688950747;1.6131098688950747;1.9385281142604565
1089;186;4;2.1327212118627803;2.1327212118627803;2.214659108051842
1090;241;4;1.7646129745879455;1.7646129745879455;2.0154099603992495
1091;198;4;1.4107796401690522;1.4107796401690522;1.546796570949431
1092;184;4;1.6791491647382533;1.6791491647382533;1.7746751130898089
1093;203;4;3.736218600183454;3.736218600183454;3.2623189667404895
1094;181;3;3.2214021757814453;3.2214021757814453;3.281300392203688
1095;97;4;1.7718063331849836;1.7718063331849836;2.108499878320359
1096;130;4;2.682246171080147;2.682246171080147;2.6796863616445137
1097;168;4;2.8663379481294653;2.8663379481294653;2.9740998806806864
1098;217;4;1.683067811458862;1.683067811458862;1.9958413842141454
1099;248;4;2.3609168355711376;2.3609168355711376;2.4773995989525797
1100;191;3;2.7457440118725076;2.7457440118725076;2.8736388470591328
1101;102;4;2.8878105660384477;2.8878105660384477;3.051442220344055
1102;82;3;2.5383052902333056;2.5383052902333056;2.737401446143873
1103;108;4;2.489160818904728;2.489160818904728;2.7597324936516223
1104;223;4;2.5366478897737172;2.5366478897737172;2.509648756456064
1105;185;4;1.8043818625028465;1.8043818625028465;1.9825362083765814
1106;195;4;2.140712383044646;2.140712383044646;2.3075854646946254
1107;174;3;2.503259712944978;2.503259712944978;2.697530104553086
1108;154;4;2.2183608581645813;2.2183608581645813;2.382227641727952
1109;201;3;1.683510092000122;1.683510092000122;1.8624468356296493
1110;136;3;2.0101577264749753;2.0101577264749753;2.122009648117506
1111;102;4;2.9948632857644704;2.9948632857644704;2.9749738037011553
1112;164;4;2.3090918512432235;2.3090918512432235;2.455094027782843
1113;219;4;1.900352409113839;1.900352409113839;2.03383414249096
1114;309;4;2.2745666541221152;2.2745666541221152;2.328383024420593
1115;227;3;2.055590018832704;2.055590018832704;2.3079852724584473
1116;279;3;2.1864130802407775;2.1864130802407775;2.320588816166324
1117;303;4;2.445080977701418;2.445080977701418;2.571005426155623
1118;314;4;2.5192264466415897;2.5192264466415897;2.5866096536363634
1119;245;4;2.985670026159076;2.985670026159076;2.9822098350348814
1120;129;4;1.6461705284189492;1.6461705284189492;1.740348496506865
1121;135;4;1.9345432000665375;1.9345432000665375;2.025474949453403
1122;256;4;2.4981585852031065;2.4981585852031065;2.6277311212088565
1123;315;4;1.9992310194474372;1.9992310194474372;2.248416873823749
1124;217;4;1.748041279710096;1.748041279710096;1.8147830683339476
1125;37;3;1.9255461640688354;1.9255461640688354;1.5155875198028224
1126;136;4;1.5888949733209519;1.5888949733209519;1.725471534291929
1127;207;4;1.749291575921927;1.749291575921927;1.980807891262662
1128;248;4;1.694378998062246;1.694378998062246;1.887820467406426
1129;259;4;1.7109708801636097;1.7109708801636097;1.9958056520702252
1130;204;4;1.5119046065822628;1.5119046065822628;1.6671209149353476
1131;69;3;1.7245500610395539;1.7245500610395539;1.4936225786978807
1132;159;4;1.5250833484496822;1.5250833484496822;1.6656520661315988
1133;196;4;1.8216901319236898;1.8216901319236898;1.9887444227657407
1134;245;3;1.8299243246362937;1.8299243246362937;2.0542159395052457
1135;236;3;2.0163050866433148;2.0163050866433148;2.1243061086721573
1136;292;4;1.8865527951976915;1.8865527951976915;2.16620059671552
1137;239;4;1.4653473840069438;1.4653473840069438;1.9228451553276855
1138;168;4;1.4220143998232786;1.4220143998232786;1.5741706698440106
1139;246;4;1.566896751814422;1.566896751814422;2.0203884920798747
1140;220;4;1.8663405556008577;1.8663405556008577;2.1199499623486284
1141;179;3;1.640642401348961;1.640642401348961;1.8953016813616743
1142;72;4;2.460286931403525;2.460286931403525;2.566704599262434
1143;227;4;1.8839461379491491;1.8839461379491491;1.9966377337950663
1144;249;4;1.9097818538740696;1.9097818538740696;2.1157448994147723
1145;179;4;1.3934884544411124;1.3934884544411124;1.6040057215459802
1146;91;3;1.6821211385809993;1.6821211385809993;1.5190166125110138
1147;220;4;1.4781622629184907;1.4781622629184907;1.8706148102784428
1148;211;4;1.880582973508659;1.880582973508659;2.151554610469431
1149;118;4;1.6073487722060793;1.6073487722060793;1.8572773468971238
1150;111;4;2.4876448335183357;2.4876448335183357;2.3792595626027007
1151;223;4;1.9987151802606449;1.9987151802606449;2.1747829228314624
1152;203;4;1.532810675357855;1.532810675357855;1.7341608241715727
1153;142;4;1.7117978029161476;1.7117978029161476;1.7565042261206802
1154;223;4;3.42950618268923;3.42950618268923;3.4255377998887595
1155;191;4;2.1929543180176805;2.1929543180176805;2.457835306228649
1156;82;4;1.739654080691861;1.739654080691861;2.065532865786623
1157;103;4;2.3009616479464183;2.3009616479464183;2.6848241258805636
1158;138;4;2.328210369583429;2.328210369583429;2.3535507002196487
1159;234;4;1.823220498943323;1.823220498943323;2.240421181469266
1160;245;4;2.0386516585070353;2.0386516585070353;2.3514136159357566
1161;182;4;1.9635672166054041;1.9635672166054041;2.180720406678745
1162;106;4;2.2305024545732386;2.2305024545732386;2.4958572390417317
1163;73;3;2.5746452890302254;2.5746452890302254;2.7231182541053456
1164;94;4;2.1563473431434135;2.1563473431434135;2.2833930333859964
1165;182;4;2.3175091650655446;2.3175091650655446;2.4772703018378177
1166;181;4;1.9313999486966673;1.9313999486966673;2.084200742415205
1167;180;4;2.2453681213133008;2.2453681213133008;2.2512318660660267
1168;178;3;2.232750723716453;2.232750723716453;2.4346967015911094
1169;154;4;1.943883114626682;1.943883114626682;2.1485148903855076
1170;180;3;1.575368576829234;1.575368576829234;1.8249584939253862
1171;143;3;1.9984430413402308;1.9984430413402308;2.1129168171502424
1172;87;4;2.6055384338506538;2.6055384338506538;2.787374129600292
1173;132;4;2.494945678268881;2.494945678268881;2.4750386525328616
1174;188;4;1.949210693563902;1.949210693563902;2.0793578848483913
1175;285;4;2.245361144947427;2.245361144947427;2.388122442861019
1176;238;4;1.9546068011558677;1.9546068011558677;2.226337038135798
1177;277;4;1.9414776560856528;1.9414776560856528;2.1367159748496563
1178;308;4;2.3031327182989596;2.3031327182989596;2.4804686549990795
1179;188;4;2.40484312212264;2.40484312212264;2.390028029906945
1180;202;4;2.0387963606418458;2.0387963606418458;2.2911967373986615
1181;174;4;1.6402168298875202;1.6402168298875202;1.7922602132187255
1182;123;4;2.0736393481141335;2.0736393481141335;2.088290869592143
1183;167;4;2.148885662031652;2.148885662031652;2.272786096908093
1184;309;4;2.300821792368672;2.300821792368672;2.308804785541814
1185;259;4;2.242698931524576;2.242698931524576;2.5445306753477084
1186;40;3;1.8334807962876705;1.8334807962876705;1.494624177795098
1187;117;3;1.7014764767224968;1.7014764767224968;1.6839088329492948
1188;151;4;1.9456642125307504;1.9456642125307504;2.1907785605006587
1189;231;4;1.7257874735612793;1.7257874735612793;1.9022129277283777
1190;269;4;1.8406061005508556;1.8406061005508556;2.0458405333210434
1191;207;4;1.6022558526940234;1.6022558526940234;1.7924374744280183
1192;61;3;1.724046392030834;1.724046392030834;1.476055032256746
1193;153;4;1.4860094572831954;1.4860094572831954;1.6151228566961593
1194;204;4;1.70202577330543;1.70202577330543;1.94726709827519
1195;249;3;1.815569633112367;1.815569633112367;2.032957819158616
1196;219;3;2.1974728723850587;2.1974728723850587;2.197927409026763
1197;318;4;2.0591849834106677;2.0591849834106677;2.2064678268885074
1198;243;4;1.5066046855789788;1.5066046855789788;2.02434647563881
1199;162;4;1.4064671452199784;1.4064671452199784;1.5301474092447673
1200;235;4;1.4935120904814856;1.4935120904814856;1.9740692263807749
1201;245;4;1.7304112188480314;1.7304112188480314;1.9833385455527277
1202;177;3;1.6814615711356278;1.6814615711356278;1.949613859160274
1203;69;4;2.467903899144695;2.467903899144695;2.5525849424625178
1204;215;4;1.7408418270001178;1.7408418270001178;1.8897310499715043
1205;211;4;1.602450074515931;1.602450074515931;1.8223533061620656
1206;182;4;1.338209227185764;1.338209227185764;1.5448732503989655
1207;96;3;1.6873398951171035;1.6873398951171035;1.5193522673845434
1208;218;4;1.5220676845056484;1.5220676845056484;1.9529184503609944
1209;224;4;1.678532653091971;1.678532653091971;1.932526556952286
1210;127;4;1.6999272135999792;1.6999272135999792;1.925968327769892
1211;106;4;2.517076835492571;2.517076835492571;2.3934784226201318
1212;226;4;1.871590188196336;1.871590188196336;1.995675917038282
1213;208;4;1.7431372559206466;1.7431372559206466;2.028979278066943
1214;145;4;1.7349907676122127;1.7349907676122127;1.7721318031140043
1215;212;3;3.166394181040339;3.166394181040339;3.0972918897716535
1216;232;4;2.0095603526399177;2.0095603526399177;2.2176721850673595
1217;95;4;1.6898695141129565;1.6898695141129565;2.023897647312929
1218;91;4;2.361565786371552;2.361565786371552;2.6734765114124173
1219;146;4;2.3597413098222626;2.3597413098222626;2.3366598314514713
1220;231;4;1.8941954220237864;1.8941954220237864;2.33976116757862
1221;229;4;1.7706257790352797;1.7706257790352797;2.210777457643474
1222;185;4;1.8320859848039428;1.8320859848039428;2.055244716439802
1223;118;4;2.0370411198542437;2.0370411198542437;2.346100911684432
1224;74;3;2.7380053986553508;2.7380053986553508;2.7906443718170353
1225;87;4;2.2574611578013295;2.2574611578013295;2.294737001956372
1226;175;4;2.3073459389455855;2.3073459389455855;2.4557277960310517
1227;175;4;1.746432295472696;1.746432295472696;1.9153332745330498
1228;187;4;2.3353375221657076;2.3353375221657076;2.3705927708795973
1229;194;3;2.140212316619402;2.140212316619402;2.356598747484554
1230;152;4;1.807805655794515;1.807805655794515;2.0143412381863057
1231;179;3;1.7427474209680227;1.7427474209680227;1.9456583890715275
1232;132;3;2.1165534399305916;2.1165534399305916;2.144934690689052
1233;86;4;2.60598002873041;2.60598002873041;2.761322699186471
1234;125;4;2.508221496881252;2.508221496881252;2.4241265457857173
1235;186;4;2.3584331310392654;2.3584331310392654;2.4195051925423687
1236;302;4;2.6110006009072975;2.6110006009072975;2.7656155704369767
1237;227;3;1.9754488475035776;1.9754488475035776;2.1907774963280198
1238;266;4;1.913501422634017;1.913501422634017;2.116943777248742
1239;281;4;2.300247205344382;2.300247205344382;2.390213683634296
1240;181;4;2.3457140103603367;2.3457140103603367;2.33816331981628
1241;204;4;1.8756874982355036;1.8756874982355036;2.1231553166925785
1242;189;4;1.7210257966239961;1.7210257966239961;1.8202155179402024
1243;138;4;2.1031944108187055;2.1031944108187055;2.0712407439371745
1244;150;4;2.1543159625093167;2.1543159625093167;2.2551409229170507
1245;309;4;2.1725575832410025;2.1725575832410025;2.203903713880754
1246;250;4;2.421939906711516;2.421939906711516;2.6261883294735604
1247;40;3;1.8529326681987794;1.8529326681987794;1.493398382181952
1248;118;3;1.7254317656359612;1.7254317656359612;1.7327331312759595
1249;135;4;2.0372790863568966;2.0372790863568966;2.2452930626331957
1250;233;4;1.7598096349200891;1.7598096349200891;1.9314405909545533
1251;282;4;1.8303016593016586;1.8303016593016586;2.0514138746605983
1252;207;4;1.6147666138199752;1.6147666138199752;1.7906387506276995
1253;70;3;1.716172411195497;1.716172411195497;1.481333927020954
1254;169;4;1.5289945641404077;1.5289945641404077;1.6592919039376468
1255;197;4;1.7161409425198468;1.7161409425198468;1.9522880129415476
1256;243;3;1.8764127530090282;1.8764127530090282;2.078015055740664
1257;221;3;2.1590696506382923;2.1590696506382923;2.203898962189196
1258;318;4;2.0629075213053536;2.0629075213053536;2.2523004110030365
1259;243;4;1.5041303153453174;1.5041303153453174;1.9955858260407173
1260;173;4;1.4170798921786223;1.4170798921786223;1.5589215891675623
1261;244;4;1.5925663004686728;1.5925663004686728;2.110204587816793
1262;254;4;1.7886163305719458;1.7886163305719458;2.0222033850067267
1263;174;3;1.7053732804694917;1.7053732804694917;1.9454233497467743
1264;69;4;2.465527903466385;2.465527903466385;2.572078656676814
1265;220;4;1.7349714021500575;1.7349714021500575;1.894248902658726
1266;224;4;1.6545302657878984;1.6545302657878984;1.8795154563383456
1267;189;4;1.352302634544659;1.352302634544659;1.5311510185234922
1268;87;3;1.7548529384813711;1.7548529384813711;1.5247020152750157
1269;214;4;1.6037152051520172;1.6037152051520172;1.9926636231190638
1270;245;4;1.6921805670553793;1.6921805670553793;1.9585966943982267
1271;126;4;1.744751075043203;1.744751075043203;1.9754285728127476
1272;112;4;2.484825616457964;2.484825616457964;2.395011674941086
1273;218;4;1.82936522200609;1.82936522200609;1.9831238675176694
1274;203;4;1.542536990541781;1.542536990541781;1.7448928290738994
1275;138;4;1.813677511944182;1.813677511944182;1.7920985009275268
1276;202;3;3.107634576587222;3.107634576587222;2.976841084371516
1277;230;4;2.022044049828782;2.022044049828782;2.2182787400776407
1278;95;4;1.693292831667107;1.693292831667107;2.0148578137674575
1279;99;4;2.2960217786073733;2.2960217786073733;2.6587984997889413
1280;139;4;2.2366533991830084;2.2366533991830084;2.292003893558587
1281;230;4;1.8819203008334582;1.8819203008334582;2.3184025552776846
1282;229;4;1.8218656765521222;1.8218656765521222;2.2598379137529023
1283;189;4;1.849615370014021;1.849615370014021;2.059775411430901
1284;120;4;1.969515822429062;1.969515822429062;2.2521407823686035
1285;72;3;2.619243175116891;2.619243175116891;2.710674516431037
1286;88;4;2.1977905199326857;2.1977905199326857;2.287710740104246
1287;176;4;2.2199318989073245;2.2199318989073245;2.4043547747794363
1288;180;4;1.8631993143035197;1.8631993143035197;2.030228403773972
1289;178;4;2.411464558273099;2.411464558273099;2.3777374137396086
1290;198;3;2.1316836820701375;2.1316836820701375;2.345623496336323
1291;152;4;1.819109957821456;1.819109957821456;2.0192258733175428
1292;180;3;1.736983459138484;1.736983459138484;1.9501101787328003
1293;138;3;2.0474898077681973;2.0474898077681973;2.148635572242894
1294;86;4;2.654552182865649;2.654552182865649;2.792315835326865
1295;126;4;2.50003249723062;2.50003249723062;2.4157455736779405
1296;181;4;2.3497662804527564;2.3497662804527564;2.4010352777066113
1297;295;4;2.7143533616427074;2.7143533616427074;2.8324209332146015
1298;233;3;1.9500000378208149;1.9500000378208149;2.168975611527517
1299;273;4;1.908808291142503;1.908808291142503;2.124725259777016
1300;295;4;2.230177223687171;2.230177223687171;2.3735010081074512
1301;178;4;2.293794683369437;2.293794683369437;2.2743475773673283
1302;194;4;1.9841003183545838;1.9841003183545838;2.1949569520888907
1303;172;4;1.722829556321179;1.722829556321179;1.8285603211819481
1304;136;4;2.2302641307855446;2.2302641307855446;2.114282475368746
1305;152;4;2.1154149386553893;2.1154149386553893;2.218567638351007
1306;303;4;2.1598537422900987;2.1598537422900987;2.1888655693371324
1307;261;4;2.601779956813696;2.601779956813696;2.6964160842019074
1308;44;3;1.8837438098517258;1.8837438098517258;1.4960351649441406
1309;119;3;1.8170611638019731;1.8170611638019731;1.8111248413790397
1310;139;4;2.0295021613269126;2.0295021613269126;2.239764432869272
1311;278;4;2.0594920711292484;2.0594920711292484;2.272586930610357
1312;326;4;2.2296480155829643;2.2296480155829643;2.515656098860121
1313;206;4;1.6513657136354403;1.6513657136354403;1.812135329971281
1314;79;3;1.7290733272681063;1.7290733272681063;1.5151882717205827
1315;167;4;1.5776561315256947;1.5776561315256947;1.705561761210923
1316;188;4;1.9939710385127165;1.9939710385127165;2.098606127806861
1317;247;4;1.8890423882971132;1.8890423882971132;2.0835307176155267
1318;231;4;2.2111914088539675;2.2111914088539675;2.3554499889380773
1319;323;4;2.2608450598087075;2.2608450598087075;2.6142342403924763
1320;259;4;1.7051894910149785;1.7051894910149785;2.0560428723957402
1321;172;4;1.4733798203082404;1.4733798203082404;1.6532915652361577
1322;265;4;1.7031787643915275;1.7031787643915275;2.1142171168253276
1323;231;4;2.025983521569506;2.025983521569506;2.2919241317076873
1324;182;3;1.7077936862351504;1.7077936862351504;1.864368589749536
1325;97;4;2.4926509964280124;2.4926509964280124;2.6781960811792755
1326;288;4;2.1569589351655973;2.1569589351655973;2.303158335334747
1327;312;4;2.5604797786443485;2.5604797786443485;2.5500652749906143
1328;179;4;1.6097205634895653;1.6097205634895653;1.7636288625632681
1329;83;3;1.7794835301444152;1.7794835301444152;1.5312706848867832
1330;231;4;1.6249364496336478;1.6249364496336478;1.9616338926867893
1331;219;4;2.1073554648476884;2.1073554648476884;2.353012578595152
1332;115;4;1.668917829207271;1.668917829207271;1.9177943034038367
1333;193;4;2.452838351794523;2.452838351794523;2.405074121079221
1334;268;4;1.8214442194104292;1.8214442194104292;1.875896809779614
1335;216;4;1.589460341974855;1.589460341974855;1.850813581534011
1336;140;4;1.7253098010416625;1.7253098010416625;1.7308917163128439
1337;220;4;3.8161887203329425;3.8161887203329425;3.469100071315869
1338;181;3;2.7416732711686214;2.7416732711686214;2.8789231717767203
1339;82;4;1.9615739317545493;1.9615739317545493;2.2243642985029712
1340;124;4;2.6835625110918713;2.6835625110918713;2.895325752824476
1341;201;4;2.1267684643521174;2.1267684643521174;2.3473791944926035
1342;248;4;1.8560935822541247;1.8560935822541247;2.2746474137875694
1343;267;4;1.7452340619928395;1.7452340619928395;2.138465489619804
1344;168;3;2.828238111084904;2.828238111084904;2.811261974440137
1345;114;3;2.878405427444546;2.878405427444546;2.9272170727796234
1346;77;3;2.821055187169009;2.821055187169009;2.8453414354715227
1347;106;4;2.2322254655800466;2.2322254655800466;2.448849579641278
1348;216;4;2.688967670847426;2.688967670847426;2.6776574866977962
1349;196;4;1.8453072693312873;1.8453072693312873;2.0128320620227838
1350;193;4;2.4501952848138027;2.4501952848138027;2.3632334926629377
1351;162;3;2.482446260596923;2.482446260596923;2.6552708149971522
1352;157;4;2.295959453610085;2.295959453610085;2.410407232607973
1353;182;3;1.657309506582866;1.657309506582866;1.8354698456218501
1354;183;4;1.856200855830455;1.856200855830455;1.9999509249381795
1355;101;4;2.9394122012742976;2.9394122012742976;3.100052759300851
1356;159;4;2.4355909870785153;2.4355909870785153;2.5660937488536875
1357;214;4;1.7100938575762705;1.7100938575762705;1.8813147693519596
1358;258;4;1.906398746923562;1.906398746923562;2.080639829357294
1359;212;4;2.0895478035320774;2.0895478035320774;2.307775488101273
1360;265;4;2.054403260224618;2.054403260224618;2.1860445679556513
1361;325;4;2.400570465711059;2.400570465711059;2.490077908626833
1362;289;4;2.465888237516687;2.465888237516687;2.5436420198545653
1363;259;4;2.1651779235474518;2.1651779235474518;2.3969415677482027
1364;192;4;1.6585193859487835;1.6585193859487835;1.7843021999751554
1365;139;4;1.8577238820672324;1.8577238820672324;1.9881494091342422
1366;242;4;2.2911627801882517;2.2911627801882517;2.465760460031277
1367;292;4;2.175498250103559;2.175498250103559;2.2415038500001714
1368;280;4;2.0653917670384674;2.0653917670384674;2.2977369070694382
1369;37;3;1.905809183786417;1.905809183786417;1.5073275429679966
1370;118;3;1.6872903086484232;1.6872903086484232;1.6781910403549232
1371;174;4;1.8823056754059782;1.8823056754059782;2.1047390746068175
