Skewness: 0.0, Average LID: LPCA: 3.6056851311953353  |||  MLE: 2.2664111904641335  |||  MLENB: 2.2664111904641335  |||  TLE: 2.516263698840717
LPCA: 0.13676339712933064  |||  MLE: 0.12023379602618588  |||  MLENB: 0.12023379602618588  |||  TLE: 0.08218968119347113
node;in_degree;local_intrinsic_dimensionality_LPCA;local_intrinsic_dimensionality_MLE;local_intrinsic_dimensionality_MLENB;local_intrinsic_dimensionality_TLE
0;48;4;2.815432284888619;2.815432284888619;3.07988388283782
1;41;4;1.4705337881501175;1.4705337881501175;1.8401367456701043
2;36;3;1.7118941160890964;1.7118941160890964;1.8675913077433104
3;42;3;1.8822540117006592;1.8822540117006592;2.098642939575076
4;29;4;0.7298306858874836;0.7298306858874836;3.5493813306089486
5;37;3;3.077166125835214;3.077166125835214;2.6684907280485812
6;56;4;1.5977782591660346;1.5977782591660346;1.94528600401331
7;25;4;1.4233324735867634;1.4233324735867634;1.9176564321186316
8;54;4;3.302290280668929;3.302290280668929;3.2374195843887565
9;44;4;1.9758777908817498;1.9758777908817498;2.248153782516821
10;45;4;1.4862951880354274;1.4862951880354274;1.9612644158130148
11;43;3;1.543140478117076;1.543140478117076;1.8350988589734565
12;45;4;1.948728517125193;1.948728517125193;2.240646938577572
13;34;3;1.738435363809351;1.738435363809351;2.0239866152614066
14;43;4;1.8951533809226115;1.8951533809226115;2.3125121005639864
15;33;3;3.1993489288364874;3.1993489288364874;3.140857482282566
16;41;4;1.7931265218126287;1.7931265218126287;2.273713023491699
17;33;3;1.9533724086176465;1.9533724086176465;2.5644316934626885
18;25;4;1.3304918013264095;1.3304918013264095;1.7955876918347402
19;23;4;2.502574048560965;2.502574048560965;2.2441364235233974
20;30;4;2.469933361573567;2.469933361573567;2.3004126379602745
21;30;4;0.0;0.0;3.5495080694178465
22;73;4;1.7275899496388767;1.7275899496388767;2.1120730949972035
23;48;4;1.5464416570019601;1.5464416570019601;1.8136849942188866
24;48;3;4.111438666730934;4.111438666730934;3.3823330532567297
25;23;4;2.277782197472935;2.277782197472935;2.24367783491043
26;50;4;2.8989378525126446;2.8989378525126446;2.9346311992924563
27;37;4;2.18323327871642;2.18323327871642;2.557788366564006
28;8;3;3.835292712513716;3.835292712513716;2.5694571654551845
29;38;3;3.212199894619822;3.212199894619822;3.0453863016579827
30;56;4;5.706554578670655;5.706554578670655;4.119288553387625
31;29;3;2.697857610851941;2.697857610851941;2.6287050937180356
32;56;4;2.1493024912013134;2.1493024912013134;2.4046588706292327
33;56;3;1.9374686888181165;1.9374686888181165;2.060836904515394
34;25;4;1.5633355151271695;1.5633355151271695;1.7139451368300855
35;61;4;3.2004104839050997;3.2004104839050997;3.5194345352595504
36;56;4;2.9688146840807454;2.9688146840807454;3.250331860096647
37;59;4;2.369956573017039;2.369956573017039;2.673642308236421
38;16;3;3.410764662176846;3.410764662176846;3.317870715436434
39;44;3;2.0251710952220043;2.0251710952220043;2.263374864187472
40;44;4;2.8477924103548595;2.8477924103548595;2.6270725350236206
41;15;3;0.0;0.0;2.5811533770956685
42;47;4;2.3767646534647855;2.3767646534647855;2.7579090709122167
43;36;3;2.17006975315323;2.17006975315323;2.430545971007491
44;41;4;1.7982032923443187;1.7982032923443187;2.0965583684740223
45;16;4;0.0;0.0;2.6305500294510713
46;41;4;2.7818002925812992;2.7818002925812992;2.9875322081177056
47;17;4;0.0;0.0;2.6305500294510713
48;41;4;2.497793773805289;2.497793773805289;2.7063693755806724
49;37;3;2.0882596012648813;2.0882596012648813;2.187732129897618
50;26;3;1.8655398383260289;1.8655398383260289;2.1456742003276528
51;20;3;2.1458070535255365;2.1458070535255365;2.4740619311863794
52;35;4;2.9986122676934786;2.9986122676934786;3.1360969361823803
53;44;4;3.6807113784038252;3.6807113784038252;3.734896653872938
54;28;3;2.385282650960742;2.385282650960742;2.4204060357937434
55;51;4;3.5024544435163905;3.5024544435163905;3.1748219803529927
56;42;4;1.892564640407606;1.892564640407606;2.1571265752173683
57;23;3;1.9954547347395926;1.9954547347395926;2.08169882476366
58;40;4;2.1491790842146523;2.1491790842146523;2.310137964299808
59;29;4;2.908889699030323;2.908889699030323;2.9831371462714804
60;31;4;2.195711726674717;2.195711726674717;2.359283197948424
61;38;3;1.8900117209130076;1.8900117209130076;2.2319894923827635
62;39;4;2.365926408089251;2.365926408089251;2.5034887163176425
63;12;4;4.349936662259259;4.349936662259259;3.071613624663354
64;21;3;2.0985941716623895;2.0985941716623895;2.2166515152326904
65;50;4;2.379333175022953;2.379333175022953;2.6292744071947936
66;59;3;3.3403774413546192;3.3403774413546192;3.0827843080900625
67;38;3;2.1467775731478134;2.1467775731478134;2.6140071766897774
68;72;4;3.3604927496904318;3.3604927496904318;3.4487812688315818
69;57;4;2.766038137184262;2.766038137184262;2.8603420059251543
70;39;3;1.5746122284996624;1.5746122284996624;1.7909157321269817
71;58;4;2.7439715007186627;2.7439715007186627;2.971317769612295
72;50;4;3.247759191657829;3.247759191657829;2.850055091150789
73;54;3;2.7200986677047605;2.7200986677047605;2.873490449849513
74;43;3;2.320942362583408;2.320942362583408;2.2614861643461883
75;44;4;2.1076519924255233;2.1076519924255233;2.3292756090311553
76;48;4;3.094742683920906;3.094742683920906;2.847558108776373
77;35;4;1.7962034527118524;1.7962034527118524;2.046760764220356
78;36;4;2.4038063254965234;2.4038063254965234;2.6657193555545105
79;27;3;2.9600534702277455;2.9600534702277455;2.758613816355737
80;36;4;1.463970087023471;1.463970087023471;1.9419828125130676
81;47;4;3.054231058177391;3.054231058177391;3.1001257737535313
82;34;4;1.6269112506565706;1.6269112506565706;1.9140317028645035
83;48;4;1.9723020143220003;1.9723020143220003;2.4654065515771153
84;37;4;2.531351458500653;2.531351458500653;2.6698618998455688
85;49;4;2.143360945332099;2.143360945332099;2.415904136321125
86;23;3;1.9341012354751945;1.9341012354751945;2.4629022891850316
87;46;3;2.458294190333475;2.458294190333475;2.4622195722774967
88;40;4;1.33636460930739;1.33636460930739;1.6960022073679146
89;50;4;2.795881046034157;2.795881046034157;2.81897447304286
90;38;4;3.8740410325663492;3.8740410325663492;3.162880421093366
91;47;4;1.7365957287668388;1.7365957287668388;2.0132310067214654
92;46;4;1.7838533914468553;1.7838533914468553;1.9818302430268286
93;29;4;1.6499393138964855;1.6499393138964855;1.8956238352567516
94;45;4;3.517706628506675;3.517706628506675;3.4534462137035264
95;17;4;4.403550690782207;4.403550690782207;3.6483544816473277
96;38;4;3.2314611093597585;3.2314611093597585;2.95455355569182
97;26;4;1.5911969290437915;1.5911969290437915;2.087362292805465
98;38;3;2.1574440907825854;2.1574440907825854;2.2208006786980725
99;42;3;2.0799336125555987;2.0799336125555987;2.242324965445844
100;22;4;2.14837380942956;2.14837380942956;2.084843128121905
101;25;3;2.2907287746613822;2.2907287746613822;2.1243556091404607
102;17;4;2.0304356559414414;2.0304356559414414;2.2801473621559016
103;48;4;2.1158855686748286;2.1158855686748286;2.395042302329182
104;52;4;2.4875998734193407;2.4875998734193407;2.635211250560294
105;25;4;2.2466848263960877;2.2466848263960877;2.5045498069238588
106;38;3;3.439050668659644;3.439050668659644;2.885468721704282
107;9;4;0.0;0.0;3.5642182637267434
108;49;3;2.603236972730104;2.603236972730104;2.47086070082451
109;47;3;2.3620706332386123;2.3620706332386123;2.7989279508179448
110;49;3;2.266458175808146;2.266458175808146;2.4225108324043676
111;58;4;3.2654959553611302;3.2654959553611302;3.2351116523588237
112;33;3;3.1844216268560146;3.1844216268560146;2.783756301158965
113;37;4;2.5781640857175403;2.5781640857175403;2.445139081601791
114;53;4;5.793835451645821;5.793835451645821;5.078572833667545
115;19;4;3.122498802209955;3.122498802209955;2.505052681607415
116;48;4;2.8067176507073808;2.8067176507073808;2.8529025820161387
117;35;3;1.8676162086044483;1.8676162086044483;2.06063513498526
118;31;4;2.684714781623739;2.684714781623739;2.592756878044245
119;33;4;0.0;0.0;3.421331813962251
120;56;3;3.1085699251181045;3.1085699251181045;2.784888788219842
121;58;4;1.675965026519574;1.675965026519574;1.9283405456762701
122;56;3;2.0705025003295896;2.0705025003295896;2.2103941317963858
123;20;3;1.8407970942559135;1.8407970942559135;2.3810382186336834
124;59;3;2.9659337528661887;2.9659337528661887;3.0076814190195367
125;39;4;1.9448780206888805;1.9448780206888805;2.2311174027225156
126;34;3;2.3085268636535883;2.3085268636535883;2.18039530583171
127;42;3;1.946553075133011;1.946553075133011;2.0838163490720336
128;31;4;2.528815065919233;2.528815065919233;2.5005660003290644
129;52;4;2.82022445090185;2.82022445090185;2.8933104353629426
130;52;4;1.8898089200519477;1.8898089200519477;2.2797192369297674
131;28;4;1.7151526067897083;1.7151526067897083;1.9750697596015114
132;40;3;1.9250906580170397;1.9250906580170397;2.363240978407929
133;36;3;1.8215663924360643;1.8215663924360643;2.131795670689615
134;59;4;2.835241710764705;2.835241710764705;2.919075399483265
135;42;3;2.9139912685163667;2.9139912685163667;2.76882282510866
136;18;3;3.176748269194594;3.176748269194594;2.5460373681352753
137;37;4;1.475928583039278;1.475928583039278;1.7459451318860775
138;29;4;2.520385531907676;2.520385531907676;2.449127733657331
139;16;3;0.0;0.0;2.5811533770956685
140;41;4;2.138977397739223;2.138977397739223;2.6406718437036463
141;36;4;2.8442908355563152;2.8442908355563152;2.779031037162213
142;22;3;3.8449958541793836;3.8449958541793836;3.3448580894970754
143;73;3;3.1929962423200653;3.1929962423200653;3.0765015416497072
144;71;4;1.71018439927249;1.71018439927249;2.1025454232435714
145;31;4;0.0;0.0;3.7883792971427463
146;63;4;2.203499254612833;2.203499254612833;2.4759856242222553
147;45;4;2.0024129069470784;2.0024129069470784;2.2712405582603163
148;56;4;2.367931871696588;2.367931871696588;2.6388604526209436
149;37;4;2.1714618907450705;2.1714618907450705;2.405346779668589
150;40;4;1.572642327768847;1.572642327768847;1.9481752575990503
151;31;3;1.3662300219333516;1.3662300219333516;1.6626782995896052
152;32;4;2.0375795109050467;2.0375795109050467;2.407826357778603
153;29;3;2.3533911122829476;2.3533911122829476;2.107894191823509
154;58;4;2.285239178139779;2.285239178139779;2.618090440232989
155;33;4;2.260412712912802;2.260412712912802;2.4349991332375147
156;44;4;2.4297998240132768;2.4297998240132768;2.7502631587009425
157;77;3;2.685813589575513;2.685813589575513;2.7042759811543005
158;44;3;3.5975508044872835;3.5975508044872835;3.1117974453310016
159;37;3;2.6802973307534472;2.6802973307534472;2.8155969556978744
160;21;3;2.232805368169547;2.232805368169547;2.548135070020889
161;46;4;2.330720974236936;2.330720974236936;2.3374990307825585
162;40;4;2.9079956342234623;2.9079956342234623;2.9296250276391853
163;44;3;2.2761580009062365;2.2761580009062365;2.3274981582775833
164;32;4;2.415730275026518;2.415730275026518;2.783723499170044
165;62;3;2.2672630892719168;2.2672630892719168;2.430924092161384
166;68;4;2.0570194714239616;2.0570194714239616;2.203359472987332
167;21;4;4.487092028028146;4.487092028028146;3.939821459861334
168;44;3;2.0357936440022333;2.0357936440022333;2.1456023318004833
169;14;4;6.254446149163859;6.254446149163859;5.509156083981117
170;17;4;0.0;0.0;2.3846004949173194
171;35;3;1.5105702175441371;1.5105702175441371;1.7706092981044492
172;22;4;1.7830620044588616;1.7830620044588616;1.7785358866856624
173;47;4;2.5069159285431675;2.5069159285431675;2.5830664147173947
174;45;4;2.0996690203301753;2.0996690203301753;2.372808591031876
175;64;3;2.3247352568320543;2.3247352568320543;2.5785397329726387
176;14;3;2.7294148129449067;2.7294148129449067;2.931461346399021
177;51;4;2.791253207363026;2.791253207363026;2.996353101774016
178;27;4;2.3234233399235578;2.3234233399235578;2.9072406681067946
179;35;3;2.008652316073655;2.008652316073655;2.428753237205769
180;23;4;2.352735456622894;2.352735456622894;2.4116189677064677
181;33;4;2.1748064611226074;2.1748064611226074;2.5917645862590426
182;39;3;1.7693655847138203;1.7693655847138203;2.0696545897211984
183;53;4;3.986303558023562;3.986303558023562;3.3899914691228963
184;42;3;1.5827466491467572;1.5827466491467572;1.8254597619198296
185;51;3;1.8204549456580683;1.8204549456580683;1.8658490832354815
186;52;4;2.1078052804283387;2.1078052804283387;2.5809199816785897
187;55;4;2.29979286119602;2.29979286119602;2.4202560379022753
188;65;3;2.7725510591323;2.7725510591323;2.757374441747454
189;33;4;2.7119792968803558;2.7119792968803558;2.6321045341992266
190;32;4;0.0;0.0;3.421331813962251
191;63;4;1.810216994279331;1.810216994279331;2.251830957503314
192;38;4;2.527997209925048;2.527997209925048;2.6264191680614424
193;42;3;2.6674411033185;2.6674411033185;2.588355858205375
194;24;4;1.6130219805834494;1.6130219805834494;2.0542807315172293
195;9;4;0.0;0.0;3.5642182637267434
196;68;3;2.6689275221895787;2.6689275221895787;2.651228712015179
197;41;4;2.689910379188169;2.689910379188169;3.463111897710144
198;32;3;1.6437806464515443;1.6437806464515443;1.8021742671154573
199;18;3;2.17461177787059;2.17461177787059;2.56690750759439
200;35;3;1.4257515954611937;1.4257515954611937;1.723486638645917
201;77;3;3.291700029730623;3.291700029730623;3.3158393915702575
202;16;4;0.9594948053126777;0.9594948053126777;2.6305500902701597
203;64;4;1.9046779556115072;1.9046779556115072;2.2848002578028423
204;44;4;2.9744650634210585;2.9744650634210585;3.1503028249213836
205;28;4;2.1200401103319044;2.1200401103319044;2.693773578676994
206;22;3;2.4856982041075155;2.4856982041075155;2.663499855723131
207;39;4;1.8666317598361182;1.8666317598361182;2.2562978252252597
208;61;4;2.677912469303115;2.677912469303115;2.862119257345103
209;41;4;1.9321987236825697;1.9321987236825697;2.2059439955441227
210;36;4;3.3784202689232252;3.3784202689232252;2.7412612380641272
211;51;4;2.534074774906051;2.534074774906051;2.648151390905326
212;27;4;2.8758295040310813;2.8758295040310813;2.812429237052614
213;46;4;2.435007911424766;2.435007911424766;2.701005236728452
214;62;4;2.3126566982791106;2.3126566982791106;2.6629603619206934
215;17;3;2.5503203994175414;2.5503203994175414;2.44508261393427
216;22;4;3.0690665003368083;3.0690665003368083;3.0390570900725757
217;65;4;2.1027627088675116;2.1027627088675116;2.488202695522737
218;22;4;2.4277271541389456;2.4277271541389456;2.743626486356263
219;27;4;0.0;0.0;2.252953096446624
220;27;3;1.5580398701587657;1.5580398701587657;1.763908025579336
221;51;4;2.364187491056918;2.364187491056918;2.4663553239122114
222;60;4;2.2102047766786095;2.2102047766786095;2.7307731318941757
223;47;4;2.8139583471886724;2.8139583471886724;2.6075407039506766
224;21;3;3.9825999586445073;3.9825999586445073;2.9792121384233363
225;22;3;2.5399735570199686;2.5399735570199686;2.76889073643371
226;17;4;0.0;0.0;2.3846004949173194
227;40;4;0.0;0.0;4.82108071306793
228;29;3;2.6452182318445643;2.6452182318445643;2.38834515035979
229;27;4;3.349053366848463;3.349053366848463;3.1389581943047027
230;24;3;1.8687304777303968;1.8687304777303968;2.416995005103991
231;38;3;1.7685496555008176;1.7685496555008176;2.0073394044615607
232;34;4;1.6916070496440336;1.6916070496440336;1.9615966834002339
233;41;4;2.237987663189707;2.237987663189707;2.5218855820173527
234;50;4;2.094475168896251;2.094475168896251;2.4798173120556313
235;40;4;2.2144665319550527;2.2144665319550527;2.499712754379184
236;50;3;2.098896638393225;2.098896638393225;2.180106101674671
237;36;3;1.8390786544582332;1.8390786544582332;1.9295009640840561
238;64;4;2.234336881861232;2.234336881861232;2.48091683987152
239;39;3;1.933513384900372;1.933513384900372;2.3081570724267197
240;49;4;1.639264670525038;1.639264670525038;1.9104297428537225
241;24;4;1.61091765664014;1.61091765664014;2.088506010667923
242;39;4;3.349525391584976;3.349525391584976;3.1084895487191795
243;51;4;2.2511696799757903;2.2511696799757903;2.4674865884004915
244;44;4;2.1220225287170282;2.1220225287170282;2.359394055313351
245;37;4;1.3751095164670493;1.3751095164670493;1.721031115761501
246;42;4;2.0659023481871235;2.0659023481871235;2.4767971140921827
247;42;4;2.216463092009287;2.216463092009287;2.4970172964699673
248;27;4;0.0;0.0;2.523961969152914
249;65;4;2.4448392411517115;2.4448392411517115;2.6733994632395848
250;38;3;2.3643764007220494;2.3643764007220494;2.452850752242215
251;28;4;2.3442380506226286;2.3442380506226286;3.215451995926817
252;54;4;1.707655168249984;1.707655168249984;1.9255237345496488
253;18;3;2.0233320985524377;2.0233320985524377;2.4226785512324147
254;42;4;1.8204746447200564;1.8204746447200564;1.9969190136417911
255;25;3;2.6099281992842047;2.6099281992842047;2.71233709191446
256;37;3;2.3013010135092857;2.3013010135092857;2.377745314063258
257;30;3;2.345999298055508;2.345999298055508;2.614507467151517
258;65;4;1.7619575689445999;1.7619575689445999;2.0248349416393507
259;41;4;2.630153813773311;2.630153813773311;2.7426427585820203
260;61;4;2.9692167003763523;2.9692167003763523;2.913579685984034
261;55;4;2.0979905276692006;2.0979905276692006;2.3641292917868117
262;57;4;2.945287108683815;2.945287108683815;2.88459937671791
263;42;4;2.779739605947155;2.779739605947155;2.639490064265163
264;62;4;3.205419674876439;3.205419674876439;3.41740627023708
265;46;3;2.7685538043468143;2.7685538043468143;2.5087776847837464
266;32;4;2.9002072554132807;2.9002072554132807;2.809728252122437
267;62;4;1.8505026570283751;1.8505026570283751;2.07665041129933
268;32;4;0.0;0.0;3.421331813962251
269;28;3;2.307140331502612;2.307140331502612;2.6807165889660034
270;50;4;2.23477831967003;2.23477831967003;2.460541442426248
271;14;4;3.3101813210967124;3.3101813210967124;2.75981151896007
272;37;4;3.4175433333229677;3.4175433333229677;3.161632141204114
273;41;4;1.8756683605779254;1.8756683605779254;2.128529418542018
274;19;4;2.0820031058457094;2.0820031058457094;2.438500923288722
275;53;4;2.5538823836123608;2.5538823836123608;2.7357306681241758
276;26;4;2.6247861065034437;2.6247861065034437;2.5098904665877684
277;25;4;1.35905342332906;1.35905342332906;1.8773132263209413
278;33;4;3.243437204211372;3.243437204211372;2.8580849716326844
279;45;4;1.8453421106770367;1.8453421106770367;2.322802336860741
280;32;4;1.928852640862591;1.928852640862591;2.322037505599842
281;44;3;1.4093305343408282;1.4093305343408282;1.739010867252746
282;62;4;2.4692178761378094;2.4692178761378094;2.700327349055236
283;28;4;2.005510222358955;2.005510222358955;2.5126823279254356
284;27;4;0.0;0.0;2.252953096446624
285;27;3;1.4469634970908263;1.4469634970908263;1.8080475306200847
286;30;4;1.6940956454858422;1.6940956454858422;2.1713820888086115
287;24;3;2.0918909117894504;2.0918909117894504;3.02613111498077
288;30;3;2.184907057066369;2.184907057066369;2.6791824015602677
289;31;4;2.903153601207332;2.903153601207332;2.9777454132334036
290;43;4;2.275058103655195;2.275058103655195;2.327294788296168
291;25;4;1.6595676955926957;1.6595676955926957;2.143551718430836
292;43;3;2.751998766978332;2.751998766978332;3.0378856287066274
293;39;4;1.6679450594810752;1.6679450594810752;1.923758321268969
294;45;4;3.1493111093430532;3.1493111093430532;3.078164361349306
295;38;4;3.471293669847194;3.471293669847194;3.404341362130632
296;14;4;4.559137770208566;4.559137770208566;4.093916945779002
297;72;4;3.046778814926279;3.046778814926279;3.258023269318407
298;64;4;2.188449095897526;2.188449095897526;2.563254385599526
299;46;4;2.1318945436510517;2.1318945436510517;2.380827059565804
300;29;4;0.0;0.0;3.5495080694178465
301;34;3;2.10809194809693;2.10809194809693;2.278083497544224
302;48;4;2.3282109142778866;2.3282109142778866;2.4038074071685056
303;33;3;1.2643779858225688;1.2643779858225688;1.5858533826285386
304;34;3;2.269707994495823;2.269707994495823;2.1550191225433593
305;46;4;2.1071986015904276;2.1071986015904276;2.1875823467340623
306;30;3;4.44879941465183;4.44879941465183;3.555486702952514
307;24;4;1.3282930623370486;1.3282930623370486;1.8379690164870532
308;51;4;2.619368311892015;2.619368311892015;2.5083558492310645
309;54;4;2.2848177143040327;2.2848177143040327;2.4678300179080055
310;47;3;1.6532203990976608;1.6532203990976608;1.9445916109515042
311;15;3;2.5546715101206297;2.5546715101206297;2.462462616529739
312;41;3;2.438440655183294;2.438440655183294;2.4242860018785235
313;12;4;4.660103973262257;4.660103973262257;3.6445940425594303
314;44;4;1.8114901890073571;1.8114901890073571;2.158915836279596
315;27;4;0.0;0.0;3.5495080694178465
316;24;3;1.9949484947501197;1.9949484947501197;2.387871454570759
317;17;4;3.1854651427125416;3.1854651427125416;3.333769331709358
318;31;3;1.5607622391351128;1.5607622391351128;1.8938792938561688
319;59;4;3.632531865342185;3.632531865342185;3.3661438828007695
320;32;4;0.0;0.0;3.7883792971427463
321;39;3;1.9578973529288508;1.9578973529288508;2.185136404539324
322;20;4;1.979260674322928;1.979260674322928;2.3671588476391587
323;73;4;1.7094203730234232;1.7094203730234232;2.072033489488347
324;40;4;2.3921811371734414;2.3921811371734414;2.6777369757490113
325;44;4;2.5793595527356166;2.5793595527356166;2.7114990381422093
326;25;4;4.8725683988912;4.8725683988912;3.444990375698725
327;13;4;3.8200279703422555;3.8200279703422555;2.6740156035386784
328;59;4;2.8525479562671125;2.8525479562671125;2.893108152561551
329;41;3;2.1374936342099065;2.1374936342099065;2.270059013801329
330;34;4;2.654939015063764;2.654939015063764;2.820399984973539
331;44;4;2.326283760369897;2.326283760369897;2.5791948838219003
332;56;4;2.5713487050159545;2.5713487050159545;2.782776414155834
333;25;4;3.325018594233235;3.325018594233235;3.1421009869101195
334;57;4;3.197701140340046;3.197701140340046;3.135176037723738
335;24;4;2.0902634909166293;2.0902634909166293;2.3596751711552835
336;43;4;1.842218366638579;1.842218366638579;2.0094962652982047
337;46;4;2.562601958609559;2.562601958609559;2.77160885637459
338;38;3;1.9068572669074142;1.9068572669074142;2.2746339595496945
339;40;4;2.0107956095869373;2.0107956095869373;2.233664510780237
340;43;4;1.7916848876010798;1.7916848876010798;2.015178275772427
341;40;4;2.306485824342021;2.306485824342021;2.7083821514906674
342;57;4;2.797526185780543;2.797526185780543;3.0637093893361786
343;31;4;2.000349964615402;2.000349964615402;3.009282931771893
344;44;4;1.9796193215046947;1.9796193215046947;2.3537618340533424
345;9;4;0.0;0.0;3.5642182637267434
346;55;4;2.1367585310563095;2.1367585310563095;2.3232362461017084
347;51;4;2.79992877637058;2.79992877637058;2.8211108472706115
348;50;4;1.8158347046178875;1.8158347046178875;2.039787390040356
349;4;3;9.501792859916526;9.501792859916526;4.7569921124833865
350;50;3;2.2873912344607;2.2873912344607;2.407192486929649
351;31;4;0.0;0.0;3.7883792971427463
352;28;4;0.0;0.0;3.5495080694178465
353;36;3;1.935899112801331;1.935899112801331;2.278152961709337
354;44;3;1.9448148951748332;1.9448148951748332;2.0376561151792547
355;35;4;1.985247256143218;1.985247256143218;2.311325275902275
356;36;4;1.5483934418635072;1.5483934418635072;2.03396800791245
357;47;4;1.7517692680664647;1.7517692680664647;2.125819879112325
358;43;3;2.282710200190568;2.282710200190568;2.8449709481823784
359;47;3;2.1840743974585553;2.1840743974585553;2.2124813417227642
360;55;4;3.1535125865734;3.1535125865734;3.0848295514139124
361;47;4;2.0134095854027922;2.0134095854027922;2.2990494609463865
362;30;3;2.7473035411717355;2.7473035411717355;2.8581788146046736
363;43;4;3.1199586270818402;3.1199586270818402;2.8596860639391286
364;21;3;1.9470653278408614;1.9470653278408614;2.4828196337384023
365;64;4;3.5595448375829646;3.5595448375829646;3.352493311747883
366;58;4;2.282649088296112;2.282649088296112;2.437340803625896
367;24;4;2.6421331839844187;2.6421331839844187;2.810494353303287
368;42;4;2.1122165284202716;2.1122165284202716;2.2116659552724944
369;27;4;4.730590436691867;4.730590436691867;4.088886556066584
370;37;3;1.9667917064056861;1.9667917064056861;2.2009249961881694
371;69;3;2.531986789479873;2.531986789479873;2.499949594574171
372;26;3;2.628714055702577;2.628714055702577;2.9623111715513764
373;40;4;2.4912764423204856;2.4912764423204856;2.4059999162970716
374;30;4;2.532904018375323;2.532904018375323;2.420394680287548
375;31;3;2.2821531628127008;2.2821531628127008;3.212476882783477
376;44;4;3.130720696485774;3.130720696485774;2.8041516919317493
377;44;3;1.589890784345047;1.589890784345047;1.8637917483861164
378;26;3;2.7473309981915994;2.7473309981915994;2.4790271393651038
379;52;4;2.9491093021607995;2.9491093021607995;2.955842259793697
380;55;4;2.3524193015523873;2.3524193015523873;2.5279326256242847
381;19;4;2.4704152340532066;2.4704152340532066;2.4124270626619633
382;34;3;1.9715868315879017;1.9715868315879017;2.508553453109598
383;65;4;1.8201919190013898;1.8201919190013898;2.2329635344961516
384;29;4;2.0595246407425134;2.0595246407425134;3.2511720952094834
385;44;4;2.5850897193284337;2.5850897193284337;2.8468037042704797
386;40;4;1.4857025599678662;1.4857025599678662;1.7765767457540758
387;35;3;1.9411948110651092;1.9411948110651092;1.9948430457849653
388;31;4;1.2653082193634593;1.2653082193634593;1.5774206996522648
389;46;4;1.9039878099515302;1.9039878099515302;2.158602964438874
390;44;4;4.991494246106041;4.991494246106041;4.218677702236443
391;43;4;2.7255818849392885;2.7255818849392885;2.838726350167266
392;44;3;1.8533929794332458;1.8533929794332458;2.100561056718346
393;73;4;2.013905849659024;2.013905849659024;2.2629834777447844
394;23;4;1.6166261927001375;1.6166261927001375;2.0781856488498804
395;4;4;8.667063550635723;8.667063550635723;5.2879224079739915
396;39;4;1.7574083581920306;1.7574083581920306;2.192024504517206
397;31;4;2.052507218275857;2.052507218275857;2.1466584390141175
398;45;4;2.7304735117926313;2.7304735117926313;2.6977897889840503
399;26;4;3.142205376875617;3.142205376875617;3.4188047629469187
400;49;4;2.2499444542848157;2.2499444542848157;2.471040168754826
401;31;4;1.4205756488052022;1.4205756488052022;1.6168649151926082
402;29;3;2.4139485112315224;2.4139485112315224;2.5355186414969664
403;36;3;2.032090654811768;2.032090654811768;2.170676310505084
404;28;4;0.0;0.0;2.523961969152914
405;37;4;2.813953255906432;2.813953255906432;2.938958509445037
406;31;4;2.2634680577101194;2.2634680577101194;2.4850238088670884
407;38;4;1.9125830938908988;1.9125830938908988;2.137810650268347
408;68;4;2.59060440650798;2.59060440650798;3.220112921540347
409;40;3;2.328208216994267;2.328208216994267;2.4929700249350386
410;42;4;1.9134592124439211;1.9134592124439211;2.3576906562127165
411;56;4;2.2649829308978853;2.2649829308978853;2.439862235833829
412;56;3;1.7567473031641523;1.7567473031641523;2.044463513007949
413;12;4;2.737783732349863;2.737783732349863;2.1959197934913512
414;44;4;3.1201029440233903;3.1201029440233903;2.9844543078057297
415;47;4;2.0735941697847378;2.0735941697847378;2.3127386371189154
416;45;4;1.9910901420078564;1.9910901420078564;2.138355672453852
417;59;4;2.762024154894477;2.762024154894477;2.84862087383472
418;26;4;1.897768236476345;1.897768236476345;2.343689720558029
419;27;4;1.3158325471055812;1.3158325471055812;1.6264516458703653
420;32;3;1.4031290398527039;1.4031290398527039;1.6688570986891278
421;26;4;1.5503254172668828;1.5503254172668828;1.8513308839646607
422;50;4;2.65387778043457;2.65387778043457;2.4853201092405124
423;38;4;2.446052973185288;2.446052973185288;2.636432362394699
424;34;3;1.7946291288321354;1.7946291288321354;2.080671619098133
425;25;3;1.3112766661427342;1.3112766661427342;1.7383398065438682
426;43;3;1.3430880973536157;1.3430880973536157;1.4861981725072027
427;28;4;0.0;0.0;2.252953096446624
428;28;4;3.339820202428584;3.339820202428584;2.847585153285071
429;42;4;2.9127285048162754;2.9127285048162754;3.130057396107307
430;52;4;3.624609924374448;3.624609924374448;3.6653341935031176
431;36;3;2.2786714817869336;2.2786714817869336;2.4726546505235176
432;28;4;1.5949233196514236;1.5949233196514236;1.8410917719022797
433;41;3;2.2583126451157316;2.2583126451157316;2.7086323152799947
434;18;4;2.2247118395640033;2.2247118395640033;2.2029512648670297
435;41;4;1.4545525314890604;1.4545525314890604;1.926237358819623
436;26;4;0.0;0.0;2.523961969152914
437;43;4;1.679394209099465;1.679394209099465;1.9114203664898128
438;42;4;2.339022977476289;2.339022977476289;2.6756531187367987
439;29;4;2.1799177259313156;2.1799177259313156;2.8085542084246637
440;32;4;1.9288542943347144;1.9288542943347144;2.144297195115756
441;27;3;2.1393754124027446;2.1393754124027446;3.2233943091891826
442;52;3;2.162088609973574;2.162088609973574;2.348608681927642
443;51;4;1.7078334660093295;1.7078334660093295;2.1185156442605644
444;50;4;2.3415429775631385;2.3415429775631385;2.672282521868818
445;61;3;2.809886046472984;2.809886046472984;2.707424062232639
446;34;4;2.285883993645832;2.285883993645832;2.3717124497720063
447;52;4;1.6751549895051545;1.6751549895051545;2.029681607442743
448;66;4;2.0652136130624847;2.0652136130624847;2.2311330141962546
449;62;3;3.563816161051751;3.563816161051751;3.2482532692916264
450;30;4;1.8688779268734337;1.8688779268734337;2.273913764758505
451;32;4;1.9854581281227528;1.9854581281227528;2.0444017678337714
452;45;4;1.6040941866932799;1.6040941866932799;1.7716172574484446
453;48;3;1.8211395064835567;1.8211395064835567;2.150995339143889
454;49;4;2.1431302327205843;2.1431302327205843;2.64713044781193
455;52;3;3.2313301025035956;3.2313301025035956;2.9632831517524703
456;49;4;2.3333061763905363;2.3333061763905363;2.618007476657199
457;21;3;2.123326279422035;2.123326279422035;2.6668230464337324
458;44;3;2.2309196820022157;2.2309196820022157;2.227647876813802
459;44;4;2.0897182487758545;2.0897182487758545;2.2465743943282193
460;56;4;2.1212879729297027;2.1212879729297027;2.483934772155303
461;47;4;1.6986063904508903;1.6986063904508903;2.0765844072308277
462;47;4;1.7439340493349902;1.7439340493349902;1.9732527704178064
463;41;3;1.4702495365121648;1.4702495365121648;1.7668301824022556
464;12;4;2.454706010436109;2.454706010436109;2.2475183449137472
465;13;4;2.2173594318146024;2.2173594318146024;2.482440687855008
466;42;3;3.1429288594080953;3.1429288594080953;2.9861044943144455
467;44;4;1.7734579612098798;1.7734579612098798;2.1851403495888015
468;40;4;2.5010449907964545;2.5010449907964545;2.4293831631194376
469;35;4;1.8653531489402901;1.8653531489402901;2.068675058000734
470;60;4;2.1470667914642054;2.1470667914642054;2.428361007627067
471;40;4;1.7919148749311316;1.7919148749311316;2.122854069769873
472;50;4;1.9926340971826968;1.9926340971826968;2.335993686198601
473;42;4;3.115754041672256;3.115754041672256;3.1807844484242858
474;43;3;1.9368869694186537;1.9368869694186537;2.2610015606198925
475;31;4;2.0483904024718305;2.0483904024718305;2.0822257798332915
476;26;4;0.0;0.0;2.523961969152914
477;58;4;2.9286875564833883;2.9286875564833883;3.087973423027957
478;25;4;1.8697503492802634;1.8697503492802634;2.00282181842143
479;46;4;2.515884823224894;2.515884823224894;2.746212851993827
480;44;4;2.2693053244572003;2.2693053244572003;2.297349834344809
481;35;4;1.680479188313492;1.680479188313492;2.0799708446336265
482;41;4;2.976595687508821;2.976595687508821;3.0532051612627438
483;48;4;4.091443175687938;4.091443175687938;3.888689947805133
484;34;4;2.5034126028381087;2.5034126028381087;2.946974118038033
485;63;4;3.347065467290078;3.347065467290078;3.4400796767471573
486;51;4;2.7564175483529616;2.7564175483529616;2.7206623997257093
487;41;4;1.8913527338255058;1.8913527338255058;2.1952254329764154
488;38;4;2.7387753208803853;2.7387753208803853;2.677163955299865
489;41;4;2.0165030620181748;2.0165030620181748;2.326117388061109
490;36;4;2.6439232060560247;2.6439232060560247;3.365880780475361
491;30;3;2.9254342584259176;2.9254342584259176;2.6906004850438516
492;34;3;1.5315768660316758;1.5315768660316758;1.8177832695180844
493;28;3;2.4529537041787033;2.4529537041787033;2.298896710370079
494;45;3;2.2659586942627024;2.2659586942627024;2.5334888809247107
495;19;3;2.486027841089415;2.486027841089415;2.571897039381353
496;43;4;2.0420163535840747;2.0420163535840747;2.394015442687614
497;20;4;2.24905738962937;2.24905738962937;2.6672390670099815
498;17;4;0.0;0.0;2.3846004949173194
499;50;3;2.4174674283217534;2.4174674283217534;2.4297234747080894
500;44;4;1.6107182705742238;1.6107182705742238;1.8573633581275073
501;39;4;2.7270892797096233;2.7270892797096233;2.8995866401866737
502;26;4;1.5226343341249158;1.5226343341249158;2.0617859571671917
503;25;4;2.8026030705352283;2.8026030705352283;2.6584295398784814
504;66;4;2.6746285867472133;2.6746285867472133;2.835944096104415
505;44;4;2.18391012370689;2.18391012370689;2.376848630943727
506;40;4;2.341550175638639;2.341550175638639;2.641397254039752
507;34;3;2.5834476627897636;2.5834476627897636;2.5230998680132433
508;19;4;1.8961492738830523;1.8961492738830523;2.173854368242584
509;47;4;2.8200559667478857;2.8200559667478857;2.9893167694469187
510;46;4;2.9229647484322068;2.9229647484322068;2.886780537708279
511;49;4;2.7354680231050836;2.7354680231050836;2.83047222808705
512;44;3;2.2906304314475774;2.2906304314475774;2.95565941278372
513;19;3;2.3275071307212687;2.3275071307212687;2.5552217781453326
514;48;4;2.7131544739109703;2.7131544739109703;2.8004142378503794
515;17;3;2.3761048121312496;2.3761048121312496;2.6362905544822577
516;36;3;2.0092154524246446;2.0092154524246446;2.082790297363006
517;35;3;2.985483615407186;2.985483615407186;3.1266245017198266
518;29;3;1.604116664858613;1.604116664858613;1.708394106580794
519;62;4;3.32341487096763;3.32341487096763;3.4091004502597544
520;45;4;3.524750268337719;3.524750268337719;3.4037045663887047
521;30;4;4.054425775483441;4.054425775483441;3.6221459937160883
522;41;4;5.157623806221747;5.157623806221747;4.093346107643465
523;19;3;3.8153378268620046;3.8153378268620046;2.706520714225919
524;35;3;2.4100415915077362;2.4100415915077362;2.366494274428043
525;61;4;1.713133266616796;1.713133266616796;2.0156380389343855
526;27;4;3.1595727025669533;3.1595727025669533;2.94141136101547
527;36;4;1.9575577819305041;1.9575577819305041;2.2193667260901675
528;49;4;2.910090836125023;2.910090836125023;3.0682206888177883
529;22;4;1.914339813745537;1.914339813745537;2.2104572355701677
530;25;3;2.1934827435159874;2.1934827435159874;2.670250943010192
531;57;3;2.603477029758085;2.603477029758085;2.430129861915351
532;44;4;2.780566826927996;2.780566826927996;2.910503814575895
533;38;4;1.6115753035313733;1.6115753035313733;1.9129522676195647
534;41;4;1.5022757794506625;1.5022757794506625;1.81662437786281
535;25;4;1.3128593120273528;1.3128593120273528;1.7315475404573977
536;37;4;2.7659283308555156;2.7659283308555156;2.8777503444218886
537;30;4;1.5799248744345304;1.5799248744345304;2.074778491468875
538;46;4;2.4542318237898173;2.4542318237898173;2.5020806254451817
539;39;4;3.1433580604793536;3.1433580604793536;2.938278404938767
540;22;4;2.1294546885505237;2.1294546885505237;2.0851479639506434
541;36;4;2.59305783601218;2.59305783601218;2.366655173353044
542;37;3;2.4751391262897227;2.4751391262897227;2.8353897649960684
543;32;4;2.0419992006517527;2.0419992006517527;2.5275661902515165
544;68;4;2.816853542667888;2.816853542667888;3.3765114184323624
545;28;3;1.7612116319642817;1.7612116319642817;2.0529098021529517
546;43;4;1.7668185209958625;1.7668185209958625;2.2034698201189973
547;58;4;2.4405527909116147;2.4405527909116147;2.4435341295824853
548;30;4;4.167742315979791;4.167742315979791;4.295210897908349
549;33;4;1.9336059899819318;1.9336059899819318;2.1742717058895447
550;72;4;2.151035178806499;2.151035178806499;2.5829853145793393
551;34;4;2.486827862070284;2.486827862070284;2.56025757052978
552;68;4;1.772799055942669;1.772799055942669;2.0091091246317423
553;54;4;2.1480422109785606;2.1480422109785606;2.269439203113815
554;38;4;2.641601348852255;2.641601348852255;2.9779327965293945
555;38;4;2.6371972410792313;2.6371972410792313;2.669922626240487
556;72;4;2.44583286277029;2.44583286277029;2.851459868751951
557;60;4;2.0850995486131785;2.0850995486131785;2.4191083062159677
558;35;3;2.220998561915315;2.220998561915315;2.5032400959169716
559;42;4;1.8005644901851396;1.8005644901851396;2.0571776197054756
560;33;4;2.0403495800157154;2.0403495800157154;2.0650501296011807
561;30;4;1.6322206020859777;1.6322206020859777;2.0255670853263243
562;21;4;1.7405212801948255;1.7405212801948255;2.0885846449872085
563;58;4;2.075490427682576;2.075490427682576;2.233399459871605
564;39;4;2.152728942490185;2.152728942490185;2.656063256176244
565;61;4;2.451359804891553;2.451359804891553;2.808869270487687
566;41;4;2.7548529938979716;2.7548529938979716;3.081518706154959
567;30;4;1.6075286000469797;1.6075286000469797;1.8963889697886775
568;41;4;1.9445089198727292;1.9445089198727292;2.1340877086157137
569;26;4;1.5013022553896567;1.5013022553896567;2.0280293169510246
570;65;4;2.069311416438425;2.069311416438425;2.479412880427366
571;39;3;4.000381487527886;4.000381487527886;3.1889785683332237
572;21;4;2.1774028473707716;2.1774028473707716;2.289629538671929
573;34;4;1.6082244058250112;1.6082244058250112;2.021985061696246
574;42;4;1.6830766660502312;1.6830766660502312;2.056240579445621
575;36;4;2.5649844332523477;2.5649844332523477;2.8658472478119315
576;37;4;2.2009292316960547;2.2009292316960547;2.926153629190557
577;33;3;1.787858410018044;1.787858410018044;2.038495173292474
578;35;4;1.9419706635776606;1.9419706635776606;2.2385397859814438
579;48;4;1.4925842927366986;1.4925842927366986;1.7948328329771919
580;39;4;1.5197481782408109;1.5197481782408109;1.9182269190935421
581;22;4;2.029468841519092;2.029468841519092;2.45553464193583
582;54;4;2.323176397621073;2.323176397621073;2.5350535237891196
583;25;4;1.4577560871381812;1.4577560871381812;1.9017262930582308
584;43;3;1.879255371749421;1.879255371749421;2.207043760166042
585;17;3;2.2044125609289895;2.2044125609289895;2.1784871845452782
586;53;4;3.4461959911896067;3.4461959911896067;3.4749986695523316
587;55;4;2.695343892608576;2.695343892608576;2.7585118701910605
588;17;4;1.2199676808116353;1.2199676808116353;3.087489170592588
589;45;4;1.6086373663805233;1.6086373663805233;1.904635213541617
590;38;3;1.8612991849093183;1.8612991849093183;1.9370029204182517
591;24;4;1.377425614358036;1.377425614358036;1.656166888149276
592;49;4;2.1960806621826245;2.1960806621826245;2.4582513785125175
593;13;4;3.382544020252379;3.382544020252379;3.1417626844257347
594;19;3;2.1984886515401194;2.1984886515401194;2.661702144712974
595;28;4;3.5151826865947675;3.5151826865947675;3.417447940679739
596;47;3;2.8878659682764556;2.8878659682764556;2.8655869177423083
597;17;4;2.430445394837043;2.430445394837043;2.4677214997423373
598;48;4;2.599143199760476;2.599143199760476;2.548978269323149
599;43;3;1.5954160314112724;1.5954160314112724;1.9119897685046963
600;45;3;3.117310965793771;3.117310965793771;2.7940052647716187
601;59;4;2.675469199671117;2.675469199671117;2.773288057049254
602;39;3;2.6037628027113686;2.6037628027113686;2.764703209264583
603;55;4;1.7652139224180035;1.7652139224180035;2.108836982458816
604;37;4;0.0;0.0;4.82108071306793
605;60;4;2.0228530677604186;2.0228530677604186;2.361780527996347
606;38;4;1.9096075419119878;1.9096075419119878;2.272484157643632
607;15;4;2.4783097403777474;2.4783097403777474;2.458876139425403
608;19;3;2.073428424634254;2.073428424634254;2.4318849368709583
609;27;4;3.1649107729393933;3.1649107729393933;2.957760761352853
610;40;3;2.1732217826375932;2.1732217826375932;2.2811228079899135
611;22;3;2.3031351639749134;2.3031351639749134;2.060889994614808
612;24;3;2.040987036565915;2.040987036565915;2.5493635768146734
613;45;4;2.91624506959257;2.91624506959257;2.801817186050733
614;39;3;1.8755862426425038;1.8755862426425038;2.029185764517566
615;15;3;0.0;0.0;2.5811533770956685
616;66;4;2.424476333714682;2.424476333714682;2.518138675249568
617;17;4;0.0;0.0;3.0875182726495902
618;20;4;2.4685965649481876;2.4685965649481876;2.4136176316317273
619;22;4;2.5273025133854583;2.5273025133854583;2.692824095506582
620;51;3;2.4912916597282235;2.4912916597282235;2.8121893391455672
621;30;4;2.2098401947243267;2.2098401947243267;2.512143145734192
622;15;4;1.974293185505059;1.974293185505059;2.244910154247949
623;41;4;2.256807866298276;2.256807866298276;2.5496202500098195
624;49;4;1.5985926676784195;1.5985926676784195;1.8999694290094014
625;47;4;1.6184273881236935;1.6184273881236935;1.9512101616871673
626;46;3;2.03985795743885;2.03985795743885;2.5691803935208712
627;40;4;2.1247506247020334;2.1247506247020334;2.3425409154695496
628;59;4;2.4615084981068645;2.4615084981068645;2.745085276786174
629;16;4;2.3234051115155125;2.3234051115155125;2.1543806739041917
630;46;4;2.636500237340763;2.636500237340763;2.745703418825538
631;45;4;2.2977263142395494;2.2977263142395494;2.620453411047545
632;47;4;1.8153558138026582;1.8153558138026582;2.2220148361588823
633;29;3;1.7652817742623332;1.7652817742623332;1.8181611998530076
634;16;3;2.64638726667059;2.64638726667059;2.3893316423529463
635;24;3;3.7261435462274015;3.7261435462274015;3.0747893180138486
636;29;3;1.3935839430807184;1.3935839430807184;1.7470008131257155
637;49;4;1.9040613910103623;1.9040613910103623;2.2625571787818526
638;41;4;1.8643256854304442;1.8643256854304442;2.1698689443129364
639;54;3;2.1057809263795564;2.1057809263795564;2.4029733709176577
640;17;4;2.59620607001787;2.59620607001787;2.282150602794527
641;45;4;1.8160222342658454;1.8160222342658454;2.1195571817105323
642;25;4;1.7685789418331719;1.7685789418331719;2.0481084602025974
643;34;4;1.8950815616090577;1.8950815616090577;2.093084953327609
644;35;3;2.110564909480627;2.110564909480627;2.22071066567503
645;49;4;2.797030262892737;2.797030262892737;2.838081659991518
646;25;4;2.5089192079689795;2.5089192079689795;3.385680874728451
647;52;4;2.259286843433015;2.259286843433015;2.420581624700603
648;51;3;2.071971242443619;2.071971242443619;2.1707980715920296
649;27;4;1.72893899918094;1.72893899918094;2.1579883623529748
650;42;4;2.272383119475104;2.272383119475104;2.569214867021853
651;42;3;2.453063875837123;2.453063875837123;2.523947069278348
652;54;3;2.3527798559964874;2.3527798559964874;2.3669931121597982
653;38;3;2.6408795605515443;2.6408795605515443;2.5463372357622807
654;50;4;2.0681296691918862;2.0681296691918862;2.5405616683156915
655;42;3;2.3674965572076445;2.3674965572076445;3.028047602946425
656;40;3;2.717832937810023;2.717832937810023;2.670015669019056
657;17;4;0.0;0.0;3.0875182726495902
658;23;4;2.3575523691839164;2.3575523691839164;2.4464031174002527
659;53;4;3.4381334840154256;3.4381334840154256;3.1382902560597747
660;35;3;1.4700077315572855;1.4700077315572855;1.7592388504481586
661;33;4;1.670643481466901;1.670643481466901;1.9917429065061742
662;38;4;1.8232352392644977;1.8232352392644977;2.1555659196041876
663;70;4;2.0617351118429252;2.0617351118429252;2.1661657447719254
664;17;3;2.126657085899615;2.126657085899615;2.4871822821116503
665;45;3;2.3271422886148065;2.3271422886148065;2.660860068279693
666;66;4;2.2831991011483983;2.2831991011483983;2.6235125816298828
667;32;4;1.6676653568775162;1.6676653568775162;2.112734300070526
668;18;4;0.7034447491250119;0.7034447491250119;2.384622272209088
669;44;4;2.833309507568208;2.833309507568208;2.832777382711513
670;55;3;2.278124533971969;2.278124533971969;2.657978011020576
671;30;4;0.7470431761687398;0.7470431761687398;3.78835546159109
672;30;3;4.867073085932273;4.867073085932273;3.6614413559997225
673;43;3;1.5315026620172012;1.5315026620172012;1.7328497925998458
674;39;4;1.7827794046918133;1.7827794046918133;2.1436018000139163
675;35;3;2.373184894264309;2.373184894264309;2.334856230136311
676;43;4;3.7689468006739935;3.7689468006739935;3.553510766059282
677;14;3;2.28284123321169;2.28284123321169;2.6324548873634286
678;36;4;3.2669686973614698;3.2669686973614698;3.0667633923683115
679;30;4;6.491896375888839;6.491896375888839;5.781454396652743
680;51;4;2.030697174351157;2.030697174351157;2.490003780717002
681;46;3;3.1267986592773434;3.1267986592773434;2.782570624868773
682;67;3;2.227805390358331;2.227805390358331;2.4388612503092815
683;60;3;2.7367797303295025;2.7367797303295025;2.803214775030887
684;46;3;1.4974934449962005;1.4974934449962005;1.6860977585052128
685;53;4;2.4524618202301203;2.4524618202301203;2.6679284379531185
686;52;4;2.1570425656268624;2.1570425656268624;2.3660607427055944
687;38;4;3.3361546869400116;3.3361546869400116;3.1686115529170054
688;31;4;2.36322582477262;2.36322582477262;2.5896916936251095
689;41;3;3.013704606040228;3.013704606040228;2.822814060575312
690;21;3;1.9450155617213971;1.9450155617213971;2.4788496496173837
691;18;4;0.0;0.0;2.3846004949173194
692;46;3;2.4213732414149622;2.4213732414149622;2.5709601054718525
693;55;4;2.1074042559505264;2.1074042559505264;2.309846629929235
694;22;4;4.362467164476271;4.362467164476271;3.4608446957282633
695;41;4;2.0428781184380798;2.0428781184380798;2.792637691776576
696;45;4;3.750574975962886;3.750574975962886;3.7016881185952486
697;48;4;1.9960875479268025;1.9960875479268025;2.3398079606564095
698;38;3;2.409431257376392;2.409431257376392;2.2741564001644794
699;66;4;1.7544241241135183;1.7544241241135183;2.1495209124228927
700;48;4;2.0106178548205778;2.0106178548205778;2.4025273378446537
701;20;4;2.3109665250589155;2.3109665250589155;2.377521819731436
702;40;4;2.255533219071355;2.255533219071355;2.6031644377500065
703;36;3;2.320742497152505;2.320742497152505;2.5023268657008377
704;57;4;2.2720760942326472;2.2720760942326472;2.424389061177862
705;44;3;1.8592037325136674;1.8592037325136674;2.0946835887137354
706;69;4;3.299748072346435;3.299748072346435;3.367666511607391
707;24;3;2.053093254613656;2.053093254613656;2.3008955981529455
708;23;3;2.239720129395639;2.239720129395639;2.2711428692041826
709;41;4;1.9792003087238346;1.9792003087238346;2.0939867699750363
710;48;4;3.4731560384841837;3.4731560384841837;3.355917878157169
711;28;4;1.4531132720043314;1.4531132720043314;1.9362337198670798
712;57;4;3.619221329663218;3.619221329663218;3.2966723275088974
713;68;4;1.827422799267556;1.827422799267556;2.2939702308496535
714;55;4;3.851874450302722;3.851874450302722;3.814981181478355
715;46;4;2.0839603915720244;2.0839603915720244;2.4621654269463202
716;32;4;0.0;0.0;3.7883792971427463
717;36;4;2.56251477954109;2.56251477954109;2.8236941084712788
718;40;4;3.0313948967432083;3.0313948967432083;3.1186379290968156
719;43;4;2.963090438509342;2.963090438509342;2.8529290081576333
720;30;4;2.138326339251694;2.138326339251694;2.459537905360637
721;32;4;2.6186489525071672;2.6186489525071672;2.706342359009974
722;40;4;1.432454432817892;1.432454432817892;1.7350355261892079
723;39;4;2.3779838557483854;2.3779838557483854;2.6577764008883844
724;26;4;2.011642481782309;2.011642481782309;2.153708442268896
725;45;3;3.176897539022218;3.176897539022218;2.931148110000012
726;35;4;1.9963913893175287;1.9963913893175287;2.367636341715908
727;40;4;0.0;0.0;4.82108071306793
728;28;4;0.7503788748761064;0.7503788748761064;2.5238202553699125
729;32;4;3.7641194693881905;3.7641194693881905;3.1249168033954327
730;41;3;2.0929976069920517;2.0929976069920517;2.1030223642337376
731;53;4;2.0193993859191863;2.0193993859191863;2.2441686585820766
732;41;4;1.491748322107536;1.491748322107536;1.7636580386142469
733;54;3;1.9205415384736275;1.9205415384736275;2.1808260610949177
734;49;4;2.7463465864162133;2.7463465864162133;2.8436517193448583
735;43;4;1.9843707183347405;1.9843707183347405;2.20230639319833
736;38;3;1.892378773748464;1.892378773748464;2.1153172294597926
737;58;4;2.425039179000668;2.425039179000668;2.604582034617034
738;46;4;1.8824777706712361;1.8824777706712361;2.1108207529211627
739;27;3;1.4572284160193498;1.4572284160193498;1.9040527021124836
740;21;4;1.6209523915043287;1.6209523915043287;2.021273831629853
741;70;3;2.4425359500044084;2.4425359500044084;2.500159910731229
742;37;4;2.1117211044225543;2.1117211044225543;2.2427612258930054
743;36;4;2.2905576552257423;2.2905576552257423;2.7092392023216387
744;35;4;1.4328655034298488;1.4328655034298488;1.7581169858508898
745;30;3;2.515323420827292;2.515323420827292;2.4821524344888672
746;57;4;3.0059455645770505;3.0059455645770505;2.8611566286552135
747;35;4;1.8837016457655003;1.8837016457655003;2.307738415815584
748;50;4;2.377976390396305;2.377976390396305;2.547483094097493
749;60;4;2.3914472707544943;2.3914472707544943;2.9371378198169302
750;33;4;2.9016379172182774;2.9016379172182774;2.8142764300626433
751;36;4;2.175640295030123;2.175640295030123;2.539258831640486
752;35;4;3.3870806288545263;3.3870806288545263;3.2414787287410904
753;31;3;2.9945757854970148;2.9945757854970148;2.6326065795870717
754;29;4;2.2240649812663578;2.2240649812663578;2.5418452797663433
755;35;4;2.401337148273863;2.401337148273863;2.745195547547707
756;70;4;1.7308540994462773;1.7308540994462773;2.1799141418245966
757;64;4;3.2434481215179876;3.2434481215179876;3.3112965365956026
758;49;4;3.7891570431868282;3.7891570431868282;3.5334377535103005
759;38;4;1.9972801215359863;1.9972801215359863;2.328598753157123
760;50;4;3.131397975447969;3.131397975447969;3.078529852147206
761;35;4;2.0410740065868884;2.0410740065868884;2.2458334245557134
762;47;4;2.775285617183813;2.775285617183813;2.882842866925594
763;60;4;3.1619712636814983;3.1619712636814983;3.3249454764260182
764;37;4;2.4912036054685807;2.4912036054685807;2.6963459792135374
765;29;3;1.0663072878625226;1.0663072878625226;1.313078062865687
766;60;4;2.8988473493140607;2.8988473493140607;3.498796434835126
767;44;4;2.4284811977354184;2.4284811977354184;2.995901504445886
768;55;4;2.5516767962771025;2.5516767962771025;3.065175618277822
769;53;3;3.2863086802113592;3.2863086802113592;3.2382801494164206
770;65;4;2.9020413944958143;2.9020413944958143;3.0334859051840217
771;65;3;2.00562914821126;2.00562914821126;2.2377481360200755
772;55;3;1.5953776907709158;1.5953776907709158;2.1004284129850537
773;60;4;1.8777019061749722;1.8777019061749722;2.1112681706287932
774;68;4;1.6163829577267976;1.6163829577267976;1.9449399783839347
775;38;3;1.429570439852939;1.429570439852939;1.9221852227095315
776;43;3;1.6302043414309741;1.6302043414309741;1.933699214864088
777;63;4;3.5839591910465978;3.5839591910465978;3.425230649802553
778;40;4;2.421757645003259;2.421757645003259;2.581259749700338
779;50;4;1.6169407738704984;1.6169407738704984;2.0560780407207044
780;29;3;1.553834567672069;1.553834567672069;2.0522242813019904
781;63;4;1.671776174007343;1.671776174007343;1.9784837579610062
782;66;4;1.8778445185687083;1.8778445185687083;2.1224531873733485
783;56;2;1.530230556708529;1.530230556708529;1.7902550317013886
784;33;3;1.9892749146650537;1.9892749146650537;1.9577823831420476
785;60;4;3.5610149077189996;3.5610149077189996;3.557991714841032
786;57;3;2.7651811230244956;2.7651811230244956;2.717883152082302
787;39;3;1.4233978008565258;1.4233978008565258;1.5863593067700326
788;20;4;2.0907825758525993;2.0907825758525993;2.6745387041978494
789;33;3;1.9294219478738366;1.9294219478738366;2.0411595963599725
790;40;2;1.4319662955921453;1.4319662955921453;1.8281275206117986
791;47;3;1.6415932107635491;1.6415932107635491;1.9185246331508845
792;42;4;2.7043314732924153;2.7043314732924153;2.7502512476725216
793;43;4;2.3500732009297867;2.3500732009297867;2.4472736724950233
794;55;3;2.1236675234262314;2.1236675234262314;2.1916126153694027
795;33;4;2.028913894366143;2.028913894366143;2.3775941885577927
796;43;2;1.664857053172913;1.664857053172913;1.8349567104747802
797;15;3;1.370400135387233;1.370400135387233;1.5133587513826499
798;42;3;2.0360763560226256;2.0360763560226256;2.411242738182172
799;38;3;2.6265428636166765;2.6265428636166765;2.8552564376988387
800;57;4;2.61052369052101;2.61052369052101;3.006594478861729
801;13;4;3.009992558168711;3.009992558168711;3.400012134906143
802;40;3;1.8609910090665744;1.8609910090665744;2.0966788573293855
803;33;2;2.21342364543466;2.21342364543466;2.6355006563344663
804;45;3;1.4359840852571495;1.4359840852571495;1.9996530598922668
805;42;4;1.6709942382538951;1.6709942382538951;2.000344980895779
806;37;3;1.640864274423646;1.640864274423646;1.9831702975969263
807;25;3;1.4640871496746153;1.4640871496746153;1.8148093581113798
808;35;4;2.1606152210510317;2.1606152210510317;2.655468912228463
809;34;4;2.571244215573216;2.571244215573216;2.749232156693543
810;37;4;1.6444498815699262;1.6444498815699262;2.064134827193792
811;44;4;1.8003644907656915;1.8003644907656915;2.171034758881897
812;39;4;1.711632869277921;1.711632869277921;2.113977050465778
813;43;4;2.011692920844144;2.011692920844144;2.3709464028719998
814;42;4;1.9296387007276565;1.9296387007276565;2.334223803458141
815;37;4;2.19137071107252;2.19137071107252;2.5476319592007983
816;29;4;1.3166910268457763;1.3166910268457763;1.585824773558456
817;30;3;2.743151440294212;2.743151440294212;3.2370427721672628
818;49;3;3.160805914972392;3.160805914972392;3.3656382282100155
819;29;4;2.8836072114483176;2.8836072114483176;2.670315581223036
820;25;3;1.0645889086545974;1.0645889086545974;1.2740056020968282
821;56;4;1.8109731345700089;1.8109731345700089;2.2233526249731113
822;45;4;2.4192869782883437;2.4192869782883437;2.866357835334312
823;61;4;2.1759389975391095;2.1759389975391095;2.392113344908442
824;65;4;2.133424480725777;2.133424480725777;2.485392229601958
825;33;4;2.9158786021984375;2.9158786021984375;3.099201187344523
826;29;3;1.1991928783534938;1.1991928783534938;1.4138858611524534
827;56;4;2.7414952578738974;2.7414952578738974;3.2576665120762325
828;47;4;2.5417160620228283;2.5417160620228283;2.9353185348763278
829;35;4;2.228053253498153;2.228053253498153;2.594291466937974
830;49;3;3.0084647427984614;3.0084647427984614;3.080552757802291
831;62;4;2.256253264357633;2.256253264357633;2.4999633955270504
832;66;4;1.7648040949558814;1.7648040949558814;2.005864536582916
833;57;3;1.8486797614539603;1.8486797614539603;2.1519234261174454
834;62;4;2.190472814538331;2.190472814538331;2.3289118164492475
835;67;4;1.8434762083539686;1.8434762083539686;2.2196325536120938
836;32;3;1.674661340274049;1.674661340274049;2.0245412749277527
837;41;3;1.577778080458428;1.577778080458428;1.8796195591598288
838;61;4;2.3922289769474525;2.3922289769474525;2.901589232136993
839;44;4;2.022772962420275;2.022772962420275;2.22265539298937
840;49;3;1.3773836330168128;1.3773836330168128;1.7585694922585526
841;29;3;1.7437511298506327;1.7437511298506327;2.266183388104426
842;52;4;1.7024400033046316;1.7024400033046316;1.9771262791982254
843;72;4;1.825312026582297;1.825312026582297;2.1714383718527626
844;45;2;1.678583659930345;1.678583659930345;1.8734229543151413
845;37;2;1.9625384257304652;1.9625384257304652;2.0512541015341945
846;51;4;2.919960369636634;2.919960369636634;3.291863192118672
847;40;4;2.523331440947992;2.523331440947992;2.9216015672789535
848;30;3;1.5270936001259763;1.5270936001259763;1.6203041268633038
849;23;4;2.486920740008502;2.486920740008502;2.8320362820321963
850;41;3;2.2851104038924155;2.2851104038924155;2.422390141442774
851;39;2;1.4638454383510189;1.4638454383510189;1.8726395588161535
852;44;3;1.3346199917909538;1.3346199917909538;1.6658826660200117
853;31;4;2.3865502797416647;2.3865502797416647;2.702252027160278
854;44;4;2.5755632099136294;2.5755632099136294;2.7937884969490026
855;50;4;1.9346447353217462;1.9346447353217462;2.13329118404318
856;37;4;2.3021774208587567;2.3021774208587567;2.587406817420231
857;47;2;1.9684160704440674;1.9684160704440674;2.037659722624331
858;13;2;1.4605035022344228;1.4605035022344228;1.5860559828420746
859;39;3;1.917635775978001;1.917635775978001;2.198402668951293
860;40;3;2.3826610437609514;2.3826610437609514;2.6611225562268674
861;51;4;3.093249072448492;3.093249072448492;3.4176211251219892
862;11;4;3.0685633752391865;3.0685633752391865;2.992845705818796
863;44;3;1.8700324783418987;1.8700324783418987;2.1651055573433675
864;34;2;2.3441480905145053;2.3441480905145053;2.6210203499025106
865;45;3;1.5209524952454747;1.5209524952454747;1.904149396206329
866;33;3;1.6250754834583956;1.6250754834583956;1.9867205168139912
867;35;3;1.495401629033089;1.495401629033089;1.7449829161767452
868;24;3;1.624553407436838;1.624553407436838;2.0029679051449003
869;25;4;2.5376886127732017;2.5376886127732017;3.137307868723461
870;27;4;2.336298439249941;2.336298439249941;2.5348430838342604
871;46;4;1.9749985280319777;1.9749985280319777;2.376291229642765
872;42;4;1.9118713298187977;1.9118713298187977;2.356498345990758
873;41;4;1.7759187982333344;1.7759187982333344;2.242595154043626
874;58;4;3.2521403944721943;3.2521403944721943;3.0790357372665977
875;61;4;2.895592358745253;2.895592358745253;3.0852935803043118
876;34;4;1.8863047350683213;1.8863047350683213;2.242907651400714
877;24;4;1.5157770474233745;1.5157770474233745;1.8408442374168692
878;48;3;3.2768723225002425;3.2768723225002425;3.259046055795113
879;44;3;2.809230443757394;2.809230443757394;2.9585880335864227
880;14;4;2.4775244957663176;2.4775244957663176;2.4998308548287755
881;26;3;1.0247996458541704;1.0247996458541704;1.2569877024621854
882;50;4;1.8994410911861126;1.8994410911861126;2.064605799045954
883;43;4;2.877462537665248;2.877462537665248;3.073945110448925
884;45;4;2.592095244626395;2.592095244626395;3.0236753351613155
885;38;4;3.4970419562775983;3.4970419562775983;3.8806749059894177
886;44;4;3.2172530011271876;3.2172530011271876;3.125436475422594
887;28;3;1.4034923622289925;1.4034923622289925;1.6290511110487917
888;19;4;2.7319500749247427;2.7319500749247427;2.7450581224757817
889;15;3;3.338045784442835;3.338045784442835;3.1425840612661116
890;55;4;2.1862934323707632;2.1862934323707632;2.7435471346774847
891;45;4;2.748764885753854;2.748764885753854;3.124268870465228
892;37;4;3.1611635351909535;3.1611635351909535;2.9007027742756035
893;49;3;2.8660737137942927;2.8660737137942927;2.6344878148672546
894;46;4;1.539682946695506;1.539682946695506;1.976821671176841
895;30;3;2.7427078007022248;2.7427078007022248;2.6255856738047934
896;61;4;2.761895587269939;2.761895587269939;2.811570212076501
897;55;3;1.282761011729338;1.282761011729338;1.6956388261232989
898;44;3;1.3478164127841872;1.3478164127841872;1.6511185322641193
899;38;4;2.448668634823326;2.448668634823326;2.5919308675634354
900;38;4;4.2801415326777725;4.2801415326777725;3.680895176513759
901;36;3;1.4562159917232538;1.4562159917232538;1.557507162612136
902;35;3;2.8363227413560126;2.8363227413560126;2.7340770534651786
903;41;4;2.7499467306085403;2.7499467306085403;2.47341797539064
904;41;4;2.8172447400276925;2.8172447400276925;2.7369239508519647
905;51;3;1.5186978570445926;1.5186978570445926;1.9345100200853462
906;32;3;1.8653243414370377;1.8653243414370377;2.050665156294445
907;43;4;2.021895100240914;2.021895100240914;2.292783489119554
908;35;3;4.174050152778069;4.174050152778069;3.4624937051711484
909;30;3;2.432215125040675;2.432215125040675;2.22176923599111
910;19;4;3.317381570630267;3.317381570630267;3.544836212552707
911;22;3;2.0684722423011372;2.0684722423011372;2.2364041053642656
912;43;3;1.4187939456725558;1.4187939456725558;1.7320296272710376
913;46;3;2.2277059568920543;2.2277059568920543;2.147113345735801
914;34;4;2.7948328380215246;2.7948328380215246;2.761505326627435
915;70;4;2.673347909862489;2.673347909862489;2.8683579237725305
916;32;4;4.1481224840958255;4.1481224840958255;3.5276185151143338
917;28;3;1.9780503824945757;1.9780503824945757;2.181222650984379
918;25;2;1.9374257480571648;1.9374257480571648;1.8303977202488575
919;26;3;1.4742272099518787;1.4742272099518787;1.529051508919112
920;40;3;1.7911873183856581;1.7911873183856581;1.8400729069866109
921;42;4;2.539763153432779;2.539763153432779;2.6388820772615316
922;44;4;2.1446524279272468;2.1446524279272468;2.483665221389237
923;35;4;4.29842016785185;4.29842016785185;3.6131811215443546
924;28;3;1.99418792900707;1.99418792900707;2.214993289472073
925;22;2;2.1357590493466523;2.1357590493466523;2.4025329945423555
926;45;4;1.7493421089180852;1.7493421089180852;2.130067920629236
927;32;3;1.4931140654305632;1.4931140654305632;1.7734853873032586
928;26;4;2.0492347194447977;2.0492347194447977;2.3109347713031734
929;24;3;1.5737995679546088;1.5737995679546088;2.0431563237983235
930;45;4;2.8665292150775796;2.8665292150775796;3.030532705434271
931;44;3;3.506218072158463;3.506218072158463;3.289108883611108
932;50;3;1.859276569984763;1.859276569984763;1.972098019510233
933;53;3;2.385769581494752;2.385769581494752;2.314702404570431
934;44;3;2.7290930083601888;2.7290930083601888;2.900782938675166
935;39;4;2.297540839555428;2.297540839555428;2.644270639785357
936;23;4;3.741735683222998;3.741735683222998;3.3326265630276377
937;55;4;2.1468758988449523;2.1468758988449523;2.3933389504041718
938;29;4;1.51017756798331;1.51017756798331;1.8583346546027337
939;33;4;2.6904466230030026;2.6904466230030026;3.0481056381785545
940;62;4;3.0197121475087148;3.0197121475087148;3.3404369045875684
941;45;4;3.210821206113713;3.210821206113713;3.4323071783442787
942;23;3;1.1420924815474882;1.1420924815474882;1.306119528474823
943;37;4;2.0605368287570984;2.0605368287570984;2.261355807859742
944;42;4;2.4799520049123354;2.4799520049123354;2.817821865219585
945;56;4;2.5865091814227283;2.5865091814227283;2.6459606044431156
946;64;4;2.7507046922243195;2.7507046922243195;2.8741553108037095
947;32;4;3.3447567328929613;3.3447567328929613;3.0696521396764025
948;29;3;1.734142976056047;1.734142976056047;1.9016242873143214
949;61;4;2.80925058965807;2.80925058965807;2.944579603656553
950;38;4;2.6357194839259925;2.6357194839259925;3.0034499514249737
951;59;4;2.6859165031280767;2.6859165031280767;2.853257544496478
952;50;3;2.8169523640250866;2.8169523640250866;2.8650906058187853
953;66;4;2.0430845220289315;2.0430845220289315;2.23998974647492
954;57;3;1.9655752437035028;1.9655752437035028;2.316621343500672
955;47;3;1.5688221095982964;1.5688221095982964;1.9970395533786665
956;57;3;2.0964181186779407;2.0964181186779407;2.358734066832629
957;62;4;2.1664659915515005;2.1664659915515005;2.427260686952322
958;41;3;1.488323401607279;1.488323401607279;2.018895296143468
959;41;3;2.078592693240457;2.078592693240457;2.2818496331733376
960;57;4;2.33283642895508;2.33283642895508;2.8110279789305066
961;54;4;2.3309186374582844;2.3309186374582844;2.6882212464109227
962;51;4;1.878489601637274;1.878489601637274;2.1474018973003113
963;29;3;1.5910263563860938;1.5910263563860938;2.10653198064971
964;59;4;1.8341890723702075;1.8341890723702075;2.0337659049729213
965;42;4;2.769005593262202;2.769005593262202;2.7761647493082675
966;62;2;1.7549872538169164;1.7549872538169164;1.9157904346662138
967;38;2;1.9395591495021804;1.9395591495021804;1.9239616665341936
968;37;4;3.760065357793186;3.760065357793186;3.8730676863714844
969;63;4;2.4704672378905284;2.4704672378905284;2.502241480186146
970;34;3;1.4016791495905283;1.4016791495905283;1.4947659083128297
971;19;4;2.397546428004108;2.397546428004108;2.7930661158598964
972;29;3;1.7971615321690402;1.7971615321690402;1.9986396593528872
973;41;2;1.3630456431594047;1.3630456431594047;1.723735700025584
974;38;3;1.4265857937927653;1.4265857937927653;1.7575176113271649
975;26;4;2.6730151116959684;2.6730151116959684;2.9428004639905856
976;33;4;2.6160288383460895;2.6160288383460895;2.6254668120726614
977;48;4;1.7574377923786946;1.7574377923786946;1.850759167230371
978;28;4;2.3182772215199825;2.3182772215199825;2.423498262375107
979;29;2;1.6328662624276165;1.6328662624276165;1.7655922818032825
980;16;3;1.4340183535263211;1.4340183535263211;1.5234408256333725
981;40;3;1.830185278509115;1.830185278509115;2.064830773239599
982;38;3;2.238148802287618;2.238148802287618;2.4019312316546566
983;57;4;2.7236149283085886;2.7236149283085886;3.0480889557248605
984;14;4;2.9899036503982774;2.9899036503982774;2.924756005774463
985;36;3;1.8115618197922934;1.8115618197922934;2.0898296520301036
986;38;2;2.9467513942260197;2.9467513942260197;2.9624760512885917
987;49;3;1.5030784539441142;1.5030784539441142;1.935905716492193
988;43;4;1.8875217446059287;1.8875217446059287;2.183880569924738
989;23;3;1.6012259773789324;1.6012259773789324;1.8290316082272533
990;21;3;1.537299623396744;1.537299623396744;1.8949866619959808
991;38;4;2.6519927210712573;2.6519927210712573;3.002970668328006
992;32;4;2.5965526234757115;2.5965526234757115;2.6148660160310846
993;39;4;1.6723931338501439;1.6723931338501439;2.030355219626318
994;40;3;1.9059600855516188;1.9059600855516188;2.1065111884442937
995;38;4;1.6487810416732296;1.6487810416732296;2.236591788044489
996;56;4;3.0137084527933644;3.0137084527933644;3.006205160087997
997;59;4;2.586273914880712;2.586273914880712;2.9404634716735707
998;41;4;2.1243405804253683;2.1243405804253683;2.5644980281787215
999;29;4;1.3855689162585436;1.3855689162585436;1.5263716347631142
1000;26;3;2.789357242195849;2.789357242195849;2.9143857388371255
1001;47;3;2.973198954757732;2.973198954757732;3.0869996418949244
1002;23;4;2.501062963476798;2.501062963476798;2.4576066323281798
1003;27;3;1.0019040868664117;1.0019040868664117;1.2148954222166821
1004;59;4;2.225336540285114;2.225336540285114;2.4834069220989496
1005;32;4;2.5713666791355227;2.5713666791355227;2.8324053693889453
1006;54;4;2.611121499724959;2.611121499724959;2.970070210008032
1007;44;4;3.740244800844359;3.740244800844359;3.7786438817879042
1008;50;4;2.6359314250322985;2.6359314250322985;2.6290396653811383
1009;29;3;1.4014846893351915;1.4014846893351915;1.6930033479836253
1010;31;4;2.908109136145806;2.908109136145806;2.9284122916166275
1011;23;4;2.890987906327608;2.890987906327608;2.8624408355616904
1012;37;4;2.0935075447146168;2.0935075447146168;2.4297147777627854
1013;54;4;2.7679741545593157;2.7679741545593157;3.285640670815736
1014;34;4;3.148285199122221;3.148285199122221;3.3363809149940664
1015;45;3;3.581040417021328;3.581040417021328;3.158828016451528
1016;44;3;1.4699959105076417;1.4699959105076417;1.8599005376677593
1017;33;4;2.700352811511547;2.700352811511547;2.531935255066012
1018;60;4;2.753537825509243;2.753537825509243;2.761685184259574
1019;46;3;1.5568507315906859;1.5568507315906859;1.9587183711481808
1020;45;3;1.415335183663444;1.415335183663444;1.6983582752072868
1021;36;4;2.4730659884097537;2.4730659884097537;2.6218236037017055
1022;38;4;4.010502672894533;4.010502672894533;3.6283698347360382
1023;58;3;2.0739056596934993;2.0739056596934993;1.94155214957602
1024;37;3;2.8416250864608386;2.8416250864608386;2.792770891410734
1025;48;4;2.2661615507207045;2.2661615507207045;2.1164317790059863
1026;66;4;3.127623735328162;3.127623735328162;3.072210715011557
1027;50;2;1.6287335742662024;1.6287335742662024;1.8752928029361986
1028;36;4;1.967516865101618;1.967516865101618;2.0811762879095017
1029;52;4;1.6715382810598582;1.6715382810598582;2.1249498377638343
1030;49;3;3.1949092723402033;3.1949092723402033;2.9402581641877457
1031;33;3;2.2325651796272887;2.2325651796272887;2.213406130837629
1032;16;4;3.153588359270506;3.153588359270506;3.112272079776797
1033;28;3;1.7990325264631812;1.7990325264631812;2.091204855919986
1034;43;3;1.532201682018281;1.532201682018281;1.9126332874206375
1035;47;3;2.7456142552063993;2.7456142552063993;2.4359812736945794
1036;47;4;2.6036131756970424;2.6036131756970424;2.7309873937144014
1037;62;3;3.242844228695315;3.242844228695315;2.920152154691968
1038;29;3;2.850692717656917;2.850692717656917;2.7609646193397928
1039;30;3;1.9062249755528722;1.9062249755528722;2.1427491205763207
1040;35;2;2.214209720066559;2.214209720066559;2.053356120783263
1041;19;3;1.5281491944237349;1.5281491944237349;1.5952779750450214
1042;46;3;2.242983339962891;2.242983339962891;2.2038515343646967
1043;40;4;4.0317256546269515;4.0317256546269515;3.6953313356234725
1044;46;4;2.2002595883447644;2.2002595883447644;2.768608977493995
1045;35;4;3.1285029098226547;3.1285029098226547;3.1329217777327476
1046;37;3;1.9035576099907385;1.9035576099907385;2.116475071659426
1047;30;2;1.9730629474598969;1.9730629474598969;2.247193631764285
1048;44;3;1.8161938351266855;1.8161938351266855;1.926152925309027
1049;31;3;1.5038911146268976;1.5038911146268976;1.8398007622798545
1050;16;4;2.611968363659808;2.611968363659808;2.75597150861008
1051;21;3;2.127081488210997;2.127081488210997;2.493335641977756
1052;40;4;2.4050351561478363;2.4050351561478363;2.7130701273728977
1053;43;3;4.724951088813925;4.724951088813925;4.516005842347355
1054;37;3;1.8174219221383419;1.8174219221383419;2.127290463403012
1055;45;3;1.920038617347312;1.920038617347312;2.1740313351422906
1056;38;4;1.643201865624854;1.643201865624854;2.2415373830895597
1057;47;4;2.261013362968839;2.261013362968839;2.701329900157695
1058;23;4;2.9647571931494126;2.9647571931494126;2.7389261940689744
1059;38;4;1.8513188646372092;1.8513188646372092;2.1069787109029052
1060;22;4;1.7207074895040324;1.7207074895040324;2.00664767053378
1061;46;4;2.6829169889681492;2.6829169889681492;3.0829673525798387
1062;64;4;2.3690440309869993;2.3690440309869993;2.5124262703670714
1063;51;4;4.32940999717415;4.32940999717415;4.186374154611481
1064;26;3;0.9755544764659602;0.9755544764659602;1.2544668187085206
1065;40;4;1.798012994733468;1.798012994733468;2.1159289440337017
1066;45;4;2.778204804093085;2.778204804093085;3.0044705807520318
1067;47;4;2.9514428366221654;2.9514428366221654;3.313434956237835
1068;24;4;2.9113323393037676;2.9113323393037676;3.0583180911695016
1069;45;4;3.168977089344247;3.168977089344247;3.08924640995743
1070;28;3;1.2552065250945375;1.2552065250945375;1.494604389289491
1071;36;4;2.5416296465792225;2.5416296465792225;2.700836831952824
1072;20;4;3.225297618150958;3.225297618150958;3.1991742139211485
1073;52;4;2.215137923055678;2.215137923055678;2.796683126043421
1074;52;4;3.005543191714759;3.005543191714759;3.5330966031409146
1075;36;4;2.9608841868925886;2.9608841868925886;3.0088674666745483
1076;31;3;3.652354177765721;3.652354177765721;3.014759887216764
1077;38;3;1.6121878767523465;1.6121878767523465;1.891845060160597
1078;25;4;2.5490637557515523;2.5490637557515523;2.2754256940496593
1079;55;4;2.3980481667552906;2.3980481667552906;2.4739971080521777
1080;55;3;1.3121279251784805;1.3121279251784805;1.721114004087317
1081;45;3;1.4199996537285002;1.4199996537285002;1.706788907901644
1082;41;4;2.544819889664436;2.544819889664436;2.7201070674964347
1083;30;4;4.009638836777897;4.009638836777897;3.89471546229742
1084;47;3;1.7932473487929195;1.7932473487929195;1.8026535951514078
1085;31;3;2.1620856338983896;2.1620856338983896;2.351836845149761
1086;31;3;2.260171307854262;2.260171307854262;2.1054142117509844
1087;40;4;2.7365868837558955;2.7365868837558955;2.6403732084291556
1088;53;3;1.4772065861464938;1.4772065861464938;1.8884829714982994
1089;33;3;1.8610087759938934;1.8610087759938934;2.0186588020247127
1090;53;4;1.7544613236216848;1.7544613236216848;2.216146812386906
1091;50;3;2.7619078168538866;2.7619078168538866;2.6344521231101674
1092;32;3;1.766460134998614;1.766460134998614;1.8084498852127835
1093;11;4;3.592849494789277;3.592849494789277;3.7563083047469514
1094;19;3;2.078074372496018;2.078074372496018;2.2180057202492987
1095;45;3;1.457905925367564;1.457905925367564;1.7855252232138967
1096;46;3;2.328125549813999;2.328125549813999;2.2599693284666906
1097;26;4;3.0686173912063093;3.0686173912063093;2.6726930138899365
1098;54;3;3.1401350486701887;3.1401350486701887;2.9298883165545173
1099;26;3;2.950684245006535;2.950684245006535;2.715033738552645
1100;24;3;2.129656825821304;2.129656825821304;2.330221915366323
1101;27;2;1.7816904042058688;1.7816904042058688;1.781544506282801
1102;25;3;1.4587104034163034;1.4587104034163034;1.55022495321864
1103;40;3;1.784992304604796;1.784992304604796;1.816704542130595
1104;41;4;2.6824498388052245;2.6824498388052245;2.788541186300564
1105;47;4;2.0980725057319676;2.0980725057319676;2.6072633710642092
1106;31;4;3.3166972582031433;3.3166972582031433;3.2234111756578616
1107;27;3;1.7633870034873647;1.7633870034873647;2.057763665876601
1108;22;2;2.101158694780486;2.101158694780486;2.55521738379439
1109;50;4;1.9759698056394803;1.9759698056394803;2.2191468947842066
1110;33;3;1.4603417955657827;1.4603417955657827;1.8530635841188716
1111;21;4;2.01689459892802;2.01689459892802;2.3194500096036865
1112;24;3;1.5088077485971259;1.5088077485971259;1.9657001968905157
1113;44;4;2.307199028610088;2.307199028610088;2.7765183695624636
1114;37;3;3.859851174152704;3.859851174152704;3.6405760291692326
1115;38;3;1.6627860588915664;1.6627860588915664;1.9861470562830619
1116;47;3;1.9002524279093813;1.9002524279093813;2.099520969408476
1117;42;4;2.3130351120968413;2.3130351120968413;2.764708289590271
1118;40;4;1.9924970572885548;1.9924970572885548;2.355313866431329
1119;21;4;2.457286260478473;2.457286260478473;2.2668653419872116
1120;56;4;1.8103659388218485;1.8103659388218485;2.069777886492298
1121;29;4;1.3979220630738756;1.3979220630738756;1.7386184590207727
1122;30;4;2.5377195712126985;2.5377195712126985;2.9148669384506456
1123;65;4;3.045790645538599;3.045790645538599;3.342823967711315
1124;44;4;3.314071268442195;3.314071268442195;3.466526532084636
1125;26;3;0.9896997023401976;0.9896997023401976;1.2592039099916832
1126;36;4;1.8081271082031125;1.8081271082031125;2.053428705443158
1127;55;4;2.590616508345366;2.590616508345366;3.0216878926285053
1128;56;4;2.1009958803687128;2.1009958803687128;2.4777141100920543
1129;69;4;2.2923143856324426;2.2923143856324426;2.6614111289997706
1130;32;4;2.5082400961270057;2.5082400961270057;2.7620244985049243
1131;29;3;1.1012839431388537;1.1012839431388537;1.3697399150032012
1132;57;4;2.8027974241953775;2.8027974241953775;3.3580018800074694
1133;34;4;2.663484730059729;2.663484730059729;3.0831084190962494
1134;59;4;2.505208198786479;2.505208198786479;3.117588511393642
1135;48;3;2.5557244170414353;2.5557244170414353;2.70552642600688
1136;63;4;2.394833872329185;2.394833872329185;2.5642582175030464
1137;70;4;1.7870923441141329;1.7870923441141329;2.0819860435540227
1138;57;3;1.7618499016030793;1.7618499016030793;1.9915949247662457
1139;66;4;2.231384178919586;2.231384178919586;2.490451198397229
1140;48;4;2.2292802142347954;2.2292802142347954;2.4415782598792806
1141;35;3;1.4554802337556092;1.4554802337556092;1.9508858523823183
1142;34;3;1.5652772506027186;1.5652772506027186;1.8839010249547887
1143;55;4;3.3089229493390304;3.3089229493390304;3.5150342463947233
1144;53;4;1.8211398514862764;1.8211398514862764;2.237092804780927
1145;49;3;1.3389521121931016;1.3389521121931016;1.7362876050194316
1146;29;3;1.5677989755502226;1.5677989755502226;2.128401898869047
1147;61;4;1.940618333653147;1.940618333653147;2.1699743857986395
1148;51;4;2.4097359238472125;2.4097359238472125;2.6192901058563782
1149;57;2;1.6622715909688723;1.6622715909688723;1.8716114247779387
1150;41;2;1.766844481598634;1.766844481598634;1.8882225411721743
1151;59;4;4.1806675155144735;4.1806675155144735;4.306405124955748
1152;36;4;2.3953570612794217;2.3953570612794217;2.723234862814969
1153;37;3;1.433918273929986;1.433918273929986;1.6115131896469224
1154;21;4;2.165666930827288;2.165666930827288;2.7315214999109174
1155;31;3;1.8464045132818825;1.8464045132818825;2.1162673615797143
1156;39;2;1.3728108584697496;1.3728108584697496;1.756091515508828
1157;41;3;1.296295145625716;1.296295145625716;1.688521298292299
1158;23;4;2.6481034570353494;2.6481034570353494;2.7216239985275243
1159;45;4;2.5619248547569766;2.5619248547569766;2.5691200298479835
1160;26;3;2.4055567486086877;2.4055567486086877;2.148878831575954
1161;32;4;2.438725035984448;2.438725035984448;2.651800624164956
1162;35;2;1.6219911038849393;1.6219911038849393;1.7660424544339313
1163;14;3;1.3295308897808529;1.3295308897808529;1.5018821413578034
1164;37;3;1.680406802590766;1.680406802590766;1.8999021001994638
1165;30;3;1.8361274637026406;1.8361274637026406;2.280739119350136
1166;40;4;2.466313648865411;2.466313648865411;2.676700146540201
1167;18;4;3.05182413913989;3.05182413913989;3.301219405922926
1168;34;3;1.8448392797725879;1.8448392797725879;2.100774184070571
1169;30;2;2.0761287571239975;2.0761287571239975;2.5088878706119604
1170;44;3;1.3469806841341407;1.3469806841341407;1.8009102575234586
1171;35;3;1.5252735138688307;1.5252735138688307;1.9168366346994885
1172;35;3;1.4070905764020765;1.4070905764020765;1.6202810023299024
1173;20;3;1.6979339185163709;1.6979339185163709;2.0264132898022904
1174;39;4;2.366127867245353;2.366127867245353;2.65463867910951
1175;42;4;2.9019834898574635;2.9019834898574635;2.927797888429451
1176;37;4;1.6067962261095297;1.6067962261095297;1.995671564802683
1177;42;4;1.828885513873425;1.828885513873425;2.219613830108167
1178;37;4;1.625619072599633;1.625619072599633;1.9989773053928501
1179;41;3;3.239003511244788;3.239003511244788;3.197762310547221
1180;45;4;2.58483397371237;2.58483397371237;2.663733920173973
1181;41;4;1.937557794509706;1.937557794509706;2.1856140470927055
1182;29;4;1.4099157002933824;1.4099157002933824;1.628793526791628
1183;49;3;4.007962053879238;4.007962053879238;3.9572734387614665
1184;49;4;2.735600730934182;2.735600730934182;2.8625413006783846
1185;14;4;2.2824546684372313;2.2824546684372313;2.3762952263205657
1186;27;3;0.9736085013062135;0.9736085013062135;1.2281401185649687
1187;53;4;1.8500056656542099;1.8500056656542099;2.2188040527617194
1188;42;4;2.2228366527299612;2.2228366527299612;2.6220351591108257
1189;56;4;2.063750504552141;2.063750504552141;2.40372543127661
1190;71;4;2.2976735406525144;2.2976735406525144;2.5487394029825983
1191;31;4;2.7171436274953042;2.7171436274953042;2.9271315074151265
1192;29;3;1.0693803860662068;1.0693803860662068;1.2813286354343683
1193;66;4;2.7860360838816516;2.7860360838816516;3.0370605643024287
1194;58;4;2.6393759854137357;2.6393759854137357;3.266667382752319
1195;48;4;2.2876281541689543;2.2876281541689543;2.9029027000968313
1196;38;3;3.092942786172442;3.092942786172442;2.94073582918412
1197;56;4;3.185962129487192;3.185962129487192;3.0762522370343053
1198;66;4;1.7448420760634828;1.7448420760634828;2.0960097113369325
1199;55;3;1.9310384959170341;1.9310384959170341;2.1206503180060228
1200;69;4;1.9122613801893227;1.9122613801893227;2.2357700894713304
1201;63;4;1.9448315443003275;1.9448315443003275;2.391944247553058
1202;32;3;1.4874169786650036;1.4874169786650036;1.9808324701153335
1203;35;3;1.6167666018948998;1.6167666018948998;1.8932048269074326
1204;52;4;2.278894675030933;2.278894675030933;2.364917017211097
1205;59;4;2.4035591552391815;2.4035591552391815;2.6858378721611853
1206;42;3;1.522263713969983;1.522263713969983;1.9300080347164492
1207;29;3;1.7232632290376404;1.7232632290376404;2.314653111374509
1208;59;3;1.9099876330275283;1.9099876330275283;2.217452955102898
1209;55;4;2.048251706714058;2.048251706714058;2.412045336473573
1210;50;2;1.6310479104999853;1.6310479104999853;1.7731735083388045
1211;41;3;1.8872583183633682;1.8872583183633682;1.9029064248651113
1212;46;4;3.0037646744970927;3.0037646744970927;3.3459747048574386
1213;36;3;2.7310343883165484;2.7310343883165484;2.5219407822486373
1214;33;3;1.5145926390723385;1.5145926390723385;1.6889220462653751
1215;22;4;2.4162208091786437;2.4162208091786437;3.0366396677628353
1216;42;3;2.253078408075405;2.253078408075405;2.5193731786657967
1217;39;3;1.3855238556972502;1.3855238556972502;1.8734145928970016
1218;38;3;1.335566147561831;1.335566147561831;1.671846677117975
1219;20;4;3.1336260677537653;3.1336260677537653;3.1533995755783852
1220;43;4;2.2925367922884092;2.2925367922884092;2.5862422973970722
1221;44;4;1.8097685104487915;1.8097685104487915;2.0015202072380736
1222;33;4;2.712739972568048;2.712739972568048;3.1429146185067314
1223;44;2;1.7474965523510801;1.7474965523510801;1.9527337394869608
1224;10;3;1.4496659931921847;1.4496659931921847;1.589170889730108
1225;36;3;1.8631743497767213;1.8631743497767213;1.993787255719321
1226;25;3;1.6154753641078499;1.6154753641078499;2.0606598547599626
1227;54;4;3.218759014312278;3.218759014312278;3.6202767780028977
1228;13;4;3.162598749030855;3.162598749030855;3.5491800008080645
1229;43;3;1.773632056715645;1.773632056715645;2.0384207201911577
1230;41;2;2.15633055698132;2.15633055698132;2.368188048636756
1231;46;3;1.600597829800029;1.600597829800029;1.9678944250950072
1232;26;3;1.5853880716884539;1.5853880716884539;1.890738529172973
1233;33;3;1.4555130263114147;1.4555130263114147;1.6716619420396372
1234;18;3;1.967584709695323;1.967584709695323;2.145629789268203
1235;28;4;2.5462082467577543;2.5462082467577543;3.1870166000933215
1236;27;4;2.3903677548083695;2.3903677548083695;2.8459032241113125
1237;44;4;2.1772401933227226;2.1772401933227226;2.48642340519258
1238;46;4;2.191329824608874;2.191329824608874;2.38160770821392
1239;43;4;2.3247459229319127;2.3247459229319127;2.66666493425955
1240;37;3;3.8675172424159765;3.8675172424159765;4.125414058153984
1241;55;4;2.9297427127838684;2.9297427127838684;3.0874510151982504
1242;36;4;1.8012567444746967;1.8012567444746967;2.1378167483025807
1243;23;4;1.5339113202633718;1.5339113202633718;1.880334693667217
1244;45;3;3.546780195968936;3.546780195968936;3.912596044561107
1245;57;3;3.3236227243196255;3.3236227243196255;3.3479097851524875
1246;13;4;2.459024155293238;2.459024155293238;2.4638997611507825
1247;27;3;1.0003572354510644;1.0003572354510644;1.253875541532765
1248;56;4;1.978244379565935;1.978244379565935;2.3115918891404745
1249;35;4;2.410715240199626;2.410715240199626;2.8376306177190784
1250;54;4;2.054266917570473;2.054266917570473;2.360910572502238
1251;63;4;2.3015452784756785;2.3015452784756785;2.5293382469064136
1252;31;4;2.9274445450852395;2.9274445450852395;3.055553132958895
1253;29;3;1.1156501940145043;1.1156501940145043;1.3362223430583313
1254;58;4;3.612295323949664;3.612295323949664;3.903992618175408
1255;48;4;2.400954498762993;2.400954498762993;3.055958775972059
1256;36;4;2.2955063552150787;2.2955063552150787;2.8856352719063065
1257;39;3;2.7486451576442352;2.7486451576442352;2.8103655998253485
1258;58;4;3.1274125711529743;3.1274125711529743;3.079144469966714
1259;66;4;1.9113613106478664;1.9113613106478664;2.2324304271200957
1260;66;3;1.9679476640419558;1.9679476640419558;2.1769746321780983
1261;65;4;1.8422020239743508;1.8422020239743508;2.0754856804584825
1262;58;4;1.919482652165099;1.919482652165099;2.3001228069934334
1263;38;3;1.580253415411357;1.580253415411357;2.0291834116957768
1264;33;3;1.5403851257232526;1.5403851257232526;1.859171658449906
1265;54;4;2.432732139596371;2.432732139596371;2.8035518011964298
1266;53;4;1.9347813301739578;1.9347813301739578;2.349076032750698
1267;43;3;1.5841028416199385;1.5841028416199385;1.9195072303937226
1268;29;3;1.7932627674760888;1.7932627674760888;2.204663986781602
1269;46;4;1.943167088772757;1.943167088772757;2.078538999770353
1270;66;4;2.099768155999249;2.099768155999249;2.4621478525546707
1271;49;2;1.8868323766199118;1.8868323766199118;2.0838470787201167
1272;40;3;1.754747437268414;1.754747437268414;1.8760798415418092
1273;53;4;3.8599605279954523;3.8599605279954523;4.311829535931414
1274;33;4;2.490191715259628;2.490191715259628;2.871866888543492
1275;32;4;1.683045651839447;1.683045651839447;1.7476885358241978
1276;22;4;2.4682115255040826;2.4682115255040826;3.0416733403884613
1277;43;3;2.3530879201397727;2.3530879201397727;2.5750124422978864
1278;40;3;1.4476935663042063;1.4476935663042063;1.9406222251414043
1279;40;3;1.294228729399059;1.294228729399059;1.6778066230806223
1280;26;4;2.510363380798265;2.510363380798265;2.7896708986814946
1281;42;4;2.393266631170837;2.393266631170837;2.7590493209446723
1282;43;4;1.9741214031627041;1.9741214031627041;2.1116060948944964
1283;37;4;3.037636387328264;3.037636387328264;3.3430930075909564
1284;45;2;1.9191600435711325;1.9191600435711325;2.0808119212644534
1285;12;3;1.4186939475945735;1.4186939475945735;1.5797862647362844
1286;36;3;1.8093932556564787;1.8093932556564787;2.0253554252907375
1287;30;3;1.5822131410496272;1.5822131410496272;2.0146928829564654
1288;50;4;3.319422387950976;3.319422387950976;3.6642565354444803
1289;14;4;3.4305263300082425;3.4305263300082425;3.8436566245772
1290;44;3;1.7737293524723499;1.7737293524723499;2.0671654936706387
1291;39;2;2.1237821464960622;2.1237821464960622;2.31781320842251
1292;49;3;1.5649826409478471;1.5649826409478471;1.9381025552520394
1293;29;3;1.4454518114021742;1.4454518114021742;1.8255149298930757
1294;29;3;1.52595532360001;1.52595532360001;1.7507222073485869
1295;18;3;1.887251836071057;1.887251836071057;2.1473155039437075
1296;27;4;2.6015154577024915;2.6015154577024915;3.200896414889951
1297;26;4;2.479783789233411;2.479783789233411;2.8922402956770905
1298;45;4;2.1988569914402127;2.1988569914402127;2.509693753454438
1299;41;4;1.8911121456461826;1.8911121456461826;2.184846582024803
1300;37;4;1.868680486900877;1.868680486900877;2.319637852650184
1301;34;3;4.048286526802307;4.048286526802307;4.07592455100408
1302;46;4;3.310106530138676;3.310106530138676;3.4377660682052755
1303;33;4;1.7590680755263715;1.7590680755263715;2.0922203990171853
1304;18;4;1.6534431713068791;1.6534431713068791;1.901745074070767
1305;47;3;3.4082084025570136;3.4082084025570136;3.6796125688253123
1306;56;3;3.146180963762578;3.146180963762578;3.1542902492629645
1307;14;4;2.8128956652525043;2.8128956652525043;2.441763412893427
1308;27;3;1.1076738683976524;1.1076738683976524;1.2983039219316508
1309;50;4;2.1576070260353175;2.1576070260353175;2.2994309929386
1310;34;4;2.126743836210053;2.126743836210053;2.4691480122592973
1311;46;4;2.7495214423499834;2.7495214423499834;2.9602405620139898
1312;52;4;4.239723490067498;4.239723490067498;4.115903312784318
1313;29;4;2.74971285239813;2.74971285239813;2.8719467733171062
1314;29;3;1.2518223445374366;1.2518223445374366;1.5506993842251557
1315;61;4;3.126984621931796;3.126984621931796;3.340446667443341
1316;20;4;3.0683096210934973;3.0683096210934973;3.2022785658277733
1317;61;4;2.8452693452229676;2.8452693452229676;2.770217337760068
1318;48;3;3.3547896416883694;3.3547896416883694;3.3091901473170684
1319;60;4;3.1002341575993624;3.1002341575993624;3.1319946487555286
1320;61;3;2.2471197853900575;2.2471197853900575;2.3552159798057137
1321;48;3;1.625936135777416;1.625936135777416;1.9588717011668313
1322;51;3;2.2398804105831913;2.2398804105831913;2.4921846462953385
1323;41;4;2.4754303437451664;2.4754303437451664;2.582994783075035
1324;52;3;1.9066994572002913;1.9066994572002913;2.131259329506466
1325;44;3;1.6629518848158773;1.6629518848158773;1.8870301102191311
1326;54;4;3.0899250830487692;3.0899250830487692;3.1586936062896718
1327;40;4;3.128549961080478;3.128549961080478;2.967636315245314
1328;37;3;1.5596481607698214;1.5596481607698214;1.7830909712342369
1329;29;3;1.6886459336882638;1.6886459336882638;1.9442060475810155
1330;62;4;2.164899133288184;2.164899133288184;2.1636442534141187
1331;42;4;2.8639925271538336;2.8639925271538336;2.859257145755356
1332;61;2;1.9258235513684272;1.9258235513684272;2.094065535075384
1333;28;3;2.149408936295166;2.149408936295166;2.122952095068165
1334;65;4;8.555698049595104;8.555698049595104;6.594660621957148
1335;61;3;2.7645680573248836;2.7645680573248836;2.572054441396295
1336;46;3;1.5888785541074466;1.5888785541074466;1.606025195025024
1337;18;4;2.740711683814787;2.740711683814787;2.954444217943543
1338;25;3;1.8620649107665397;1.8620649107665397;2.0604848745140925
1339;42;2;1.6979425543047741;1.6979425543047741;1.8413401244861938
1340;48;3;1.805383153200148;1.805383153200148;1.9924112400162304
1341;49;4;3.657256074205684;3.657256074205684;3.614195431654573
1342;53;4;3.0280436343797557;3.0280436343797557;2.864265924165882
1343;47;3;1.8931194405024958;1.8931194405024958;1.9535684451852187
1344;20;4;2.5278344426032087;2.5278344426032087;2.4428076934817367
1345;24;3;1.7808868705988832;1.7808868705988832;1.7614494764532547
1346;17;2;1.5158890221808567;1.5158890221808567;1.4753002991576958
1347;42;3;2.1465047947130707;2.1465047947130707;2.4959070787367414
1348;41;4;2.9301518914596314;2.9301518914596314;2.9182420743867903
1349;49;4;2.0390906458578972;2.0390906458578972;2.5596490454862693
1350;25;4;3.619167550004938;3.619167550004938;3.1564109605661326
1351;27;3;1.7742162633896406;1.7742162633896406;2.066217641473035
1352;26;2;2.3116643019902345;2.3116643019902345;2.4836656573191034
1353;58;3;1.8399153272628361;1.8399153272628361;2.092794003347948
1354;42;4;1.782838562885275;1.782838562885275;2.009075215274675
1355;26;3;1.7491143631732933;1.7491143631732933;2.1036727413733822
1356;22;3;1.543768728897441;1.543768728897441;1.9671692106839118
1357;48;4;2.129736320564243;2.129736320564243;2.360188921985434
1358;48;4;3.0286565124276246;3.0286565124276246;2.8032848803168715
1359;42;3;1.8399912601708726;1.8399912601708726;2.063048893029927
1360;48;3;1.9409717662603718;1.9409717662603718;2.0054382570345197
1361;37;3;2.235330528993569;2.235330528993569;2.2958013073170798
1362;44;4;1.962527266908541;1.962527266908541;2.2984620332679877
1363;40;4;2.1957740335300815;2.1957740335300815;2.6104602753679607
1364;42;4;2.359042593775464;2.359042593775464;2.6732223410111526
1365;30;4;1.3579397549428287;1.3579397549428287;1.6893681566091006
1366;40;4;2.377579015880633;2.377579015880633;2.7890616489592186
1367;45;3;3.3051663369622366;3.3051663369622366;3.429992506978609
1368;31;4;2.7440821548770398;2.7440821548770398;2.584169872554571
1369;26;3;0.9787583786292593;0.9787583786292593;1.245976869176472
1370;58;4;2.1478645094360407;2.1478645094360407;2.49513570041779
1371;48;4;2.4830288203816533;2.4830288203816533;2.655655451064531
