Skewness: 0.0, Average LID: LPCA: 3.7660349854227406  |||  MLE: 2.1342516955434943  |||  MLENB: 2.1342516955434943  |||  TLE: 2.3711372986711163
LPCA: 0.2772506706384947  |||  MLE: 0.11565174045696285  |||  MLENB: 0.11565174045696285  |||  TLE: 0.13194699563653714
node;in_degree;local_intrinsic_dimensionality_LPCA;local_intrinsic_dimensionality_MLE;local_intrinsic_dimensionality_MLENB;local_intrinsic_dimensionality_TLE
0;102;4;2.0843249515060007;2.0843249515060007;2.289456713660209
1;116;4;1.8088098698038206;1.8088098698038206;2.279965055009205
2;92;3;1.6336685629949883;1.6336685629949883;1.8805382046073382
3;112;3;1.5402268020014054;1.5402268020014054;1.7697931554093358
4;136;4;1.487226758302656;1.487226758302656;3.648408857815548
5;110;4;2.1586466200049674;2.1586466200049674;2.1114935940733606
6;133;4;1.7915854109499;1.7915854109499;2.1715963201905697
7;35;4;2.5364212742669197;2.5364212742669197;3.005993498806369
8;137;4;2.359050669017607;2.359050669017607;2.4903963100908726
9;78;4;2.214129234696969;2.214129234696969;2.595834059570316
10;86;4;2.0770596951476055;2.0770596951476055;2.662610626776578
11;96;3;1.3407471513349578;1.3407471513349578;1.6617679489926267
12;110;4;2.209258695197882;2.209258695197882;2.549900671068642
13;64;4;2.2445476466609215;2.2445476466609215;2.51540358097619
14;99;4;2.050878418244839;2.050878418244839;2.3786161251817695
15;86;3;1.3944949712243917;1.3944949712243917;1.5475484455406046
16;119;4;1.8856257528117761;1.8856257528117761;2.2716054762567763
17;78;3;2.1779890242617848;2.1779890242617848;2.4253119638763643
18;39;4;2.366353284592154;2.366353284592154;3.097934759555482
19;65;3;1.4236148044116375;1.4236148044116375;1.5430090441641962
20;65;4;2.0867453851256474;2.0867453851256474;2.0898523463847987
21;138;4;0.0;0.0;3.6483377230659575
22;89;3;1.1064198045002447;1.1064198045002447;1.4194287759809965
23;116;4;2.12345413534524;2.12345413534524;2.587994389127054
24;81;4;1.4460197232248315;1.4460197232248315;1.6280013797360473
25;28;4;3.6713547528602875;3.6713547528602875;3.484998515146965
26;168;4;3.6838205179604477;3.6838205179604477;3.6493464306202354
27;77;3;2.7495400944537907;2.7495400944537907;2.776305106958893
28;59;3;2.836190677796531;2.836190677796531;2.1733261259462977
29;86;3;1.3484723859731438;1.3484723859731438;1.5159551489894207
30;90;4;3.8081750298128623;3.8081750298128623;3.186576575098825
31;83;3;2.544847028476172;2.544847028476172;2.5175224219133145
32;107;4;1.827301908420875;1.827301908420875;2.0807215993921133
33;107;4;2.1825361883960452;2.1825361883960452;2.363995426874499
34;37;4;2.356536405353119;2.356536405353119;2.513091315076858
35;163;4;2.2947908021716734;2.2947908021716734;2.4698718491835994
36;150;4;2.2778777678192323;2.2778777678192323;2.4765005911830626
37;133;4;1.7709320103707629;1.7709320103707629;2.0542773620011925
38;50;3;3.3142336593308963;3.3142336593308963;2.9569036201574748
39;119;3;1.5860766916539517;1.5860766916539517;1.7782808980221498
40;97;4;2.0687071372530403;2.0687071372530403;2.2734480158253745
41;44;4;0.0;0.0;3.1374185708971636
42;134;4;2.7247515020397897;2.7247515020397897;2.974687733836611
43;69;4;2.205697180909173;2.205697180909173;2.4864761464649425
44;111;4;1.8454120246932946;1.8454120246932946;2.235933900561808
45;44;3;0.0;0.0;3.3593327474009085
46;123;4;2.810418315530289;2.810418315530289;3.0615693009318274
47;44;3;0.0;0.0;3.3593327474009085
48;112;4;2.295370683909271;2.295370683909271;2.4412007490756644
49;95;3;2.3623268348678743;2.3623268348678743;2.3913106560296793
50;86;3;1.5005395860993092;1.5005395860993092;1.6616200560523486
51;46;3;2.5909701640242706;2.5909701640242706;2.5963886790699124
52;124;4;2.8805266415555204;2.8805266415555204;2.902766519171167
53;141;4;2.7368852120543425;2.7368852120543425;2.7678931968976976
54;82;4;2.3385131239777333;2.3385131239777333;2.296265847950536
55;90;4;1.7402505526698502;1.7402505526698502;1.8771188856679533
56;116;4;1.9064918236248474;1.9064918236248474;2.275413942538681
57;40;3;2.5893970944974023;2.5893970944974023;2.5125742781761127
58;124;3;1.888480035731407;1.888480035731407;1.9443603311312412
59;79;4;2.574087208125403;2.574087208125403;2.5702828692525954
60;68;4;2.7605509267384387;2.7605509267384387;2.839962110772314
61;76;4;1.9466437878802145;1.9466437878802145;2.3036177230814063
62;73;4;1.213009092263351;1.213009092263351;1.446634351661682
63;107;4;5.449083684285568;5.449083684285568;4.0195227721315545
64;52;3;2.6743848282074656;2.6743848282074656;2.529968953656578
65;141;4;2.2705406298151884;2.2705406298151884;2.4133000359896184
66;85;4;1.205384576015806;1.205384576015806;1.3859773071899384
67;173;3;2.5281666061309034;2.5281666061309034;2.5406590361513057
68;144;4;2.4104965032271672;2.4104965032271672;2.5421218342823324
69;136;4;2.477676557298772;2.477676557298772;2.614309309442918
70;113;3;1.63799627238659;1.63799627238659;1.9006538788876581
71;86;4;1.5397090276776746;1.5397090276776746;1.7841700657428998
72;82;3;1.335754679335616;1.335754679335616;1.5309258120885618
73;94;4;1.2338626721958448;1.2338626721958448;1.4323761833777782
74;69;3;1.1600050602625853;1.1600050602625853;1.3694352541438108
75;111;4;2.1314730412180385;2.1314730412180385;2.399513731245423
76;181;4;2.6778307654020077;2.6778307654020077;2.752747065622124
77;70;4;1.9881984775533668;1.9881984775533668;2.3063824732500744
78;116;4;2.679404252774504;2.679404252774504;2.783494116071089
79;73;3;2.757950944098106;2.757950944098106;2.640022889018062
80;134;4;1.8962157069954202;1.8962157069954202;2.3142597421086046
81;125;4;2.3011183103764545;2.3011183103764545;2.383269766368543
82;108;4;2.017763436873331;2.017763436873331;2.411479844163954
83;119;4;2.123394389529939;2.123394389529939;2.5521984438803886
84;87;4;1.957408792583939;1.957408792583939;2.2119517377686226
85;133;4;2.051110078482306;2.051110078482306;2.2879631960465865
86;43;4;2.18249461430351;2.18249461430351;2.398037135405123
87;99;4;2.157586207139909;2.157586207139909;2.3917761970154685
88;94;3;1.3898709382770429;1.3898709382770429;1.7728113492120012
89;135;4;1.9177738076222852;1.9177738076222852;2.1534639799582957
90;106;4;3.791725501135412;3.791725501135412;3.562637823169503
91;95;4;2.1129464459329705;2.1129464459329705;2.447602847433645
92;145;4;1.8668705902917566;1.8668705902917566;2.210378924987423
93;35;4;2.9091614994137256;2.9091614994137256;3.1613298927574864
94;161;4;2.3144552423561473;2.3144552423561473;2.2991539874177795
95;62;4;5.375772979841179;5.375772979841179;3.978421351574211
96;143;4;2.7245179686558996;2.7245179686558996;2.7139055325127113
97;37;4;2.7681882801527475;2.7681882801527475;3.232260971191493
98;81;3;1.1799636395490636;1.1799636395490636;1.4139224805158654
99;86;4;2.096269963025674;2.096269963025674;2.4460450888777134
100;106;3;2.2976809402409013;2.2976809402409013;2.2149915179890964
101;84;3;2.2180983709793907;2.2180983709793907;2.308398873419834
102;90;3;2.065924378934081;2.065924378934081;2.1592267347089846
103;115;3;1.778314261606884;1.778314261606884;1.9635745018826953
104;105;4;1.5814688832919983;1.5814688832919983;1.8339407663798806
105;114;4;2.261496765473578;2.261496765473578;2.4959459508508557
106;103;3;1.7795439829873363;1.7795439829873363;1.7553431989763495
107;58;4;0.0;0.0;3.1996825847174506
108;106;3;1.461032908088146;1.461032908088146;1.6409109384817087
109;104;3;1.418162951933769;1.418162951933769;1.6377790677663377
110;95;3;1.3348044597017685;1.3348044597017685;1.521462387687473
111;116;4;3.1301467604401427;3.1301467604401427;3.1455332340410855
112;148;3;2.659408735603042;2.659408735603042;2.3336339887398023
113;101;4;2.4437129040567127;2.4437129040567127;2.507066378685821
114;173;4;3.971352782784101;3.971352782784101;3.6436879338999564
115;81;3;4.118035514506027;4.118035514506027;3.558410649170542
116;120;4;2.2062903548886506;2.2062903548886506;2.3188063752622354
117;108;4;2.1714154288245298;2.1714154288245298;2.4734311989696103
118;109;4;2.425254748627346;2.425254748627346;2.501832937199988
119;189;4;0.0;0.0;3.3568087438584664
120;100;3;1.307099124080945;1.307099124080945;1.5255225899069254
121;82;4;1.0603319017423818;1.0603319017423818;1.3606115774307077
122;102;4;2.698631193900257;2.698631193900257;2.9858107478195395
123;43;4;2.3646083609397417;2.3646083609397417;2.646945828496935
124;110;4;2.3155014611574303;2.3155014611574303;2.341380906773992
125;131;4;2.1507236912020247;2.1507236912020247;2.5013210749340247
126;44;4;2.1984089628941206;2.1984089628941206;2.2688515201840613
127;99;3;1.4725426969425683;1.4725426969425683;1.739792194736824
128;95;4;2.1596530273288366;2.1596530273288366;2.193276168266727
129;137;4;1.903998222143888;1.903998222143888;2.163937192839604
130;119;3;1.7502126268932854;1.7502126268932854;1.9979526026921997
131;116;4;2.1766378263692467;2.1766378263692467;2.514025972081367
132;104;4;2.2974490409446817;2.2974490409446817;2.619146978435298
133;72;4;1.9935411741142075;1.9935411741142075;2.334174242695904
134;120;4;2.831565627804897;2.831565627804897;2.8263037835653764
135;76;4;1.3246988212152357;1.3246988212152357;1.5422311101769792
136;70;3;1.9446802604272861;1.9446802604272861;1.8791455600251266
137;94;4;1.6849875831540195;1.6849875831540195;2.0282447887097654
138;66;3;1.3040587524985081;1.3040587524985081;1.4872094455171054
139;44;4;0.0;0.0;3.1374185708971636
140;85;4;2.2326311738774303;2.2326311738774303;2.412101348362268
141;81;4;3.3205828644029824;3.3205828644029824;3.453350011376188
142;75;3;2.9807666013430665;2.9807666013430665;2.701850327377412
143;101;4;1.2216087003628124;1.2216087003628124;1.4131820795213879
144;89;4;1.06113754479077;1.06113754479077;1.3817025338904094
145;102;4;0.0;0.0;3.3009771239882038
146;103;4;1.4651042697021537;1.4651042697021537;1.723380905942109
147;71;4;2.729036519809115;2.729036519809115;3.0981856592986534
148;126;4;2.001964818436303;2.001964818436303;2.189607688041892
149;85;4;2.385804179542331;2.385804179542331;2.693459527190354
150;140;4;1.9288950530996725;1.9288950530996725;2.3859656993212894
151;53;4;1.956556931014524;1.956556931014524;2.2657728296456456
152;77;4;1.7448477762164771;1.7448477762164771;1.9547649673610101
153;85;3;1.3367831461486708;1.3367831461486708;1.5038095411871986
154;139;4;2.322839535168525;2.322839535168525;2.6496862293053964
155;105;4;3.2973309004202465;3.2973309004202465;3.3590991887401302
156;119;4;2.667277513725107;2.667277513725107;2.6654806091114636
157;100;4;1.1276345187290462;1.1276345187290462;1.3193248128449822
158;135;4;2.4660251350163476;2.4660251350163476;2.301065504352519
159;87;3;2.5872878939298145;2.5872878939298145;2.5533307670369245
160;53;3;2.620497254792645;2.620497254792645;2.58739510763606
161;145;4;2.0336175753286714;2.0336175753286714;2.272898782475889
162;134;4;3.206797075139813;3.206797075139813;3.122663608694414
163;143;3;2.4855488498753373;2.4855488498753373;2.475181067345321
164;101;4;2.300377153159692;2.300377153159692;2.4021788384107983
165;85;4;1.1500745361804794;1.1500745361804794;1.4110721578062402
166;137;4;2.2592561676941827;2.2592561676941827;2.6286486828804225
167;121;4;3.991265141241362;3.991265141241362;3.5746342431203493
168;70;4;1.767114272534959;1.767114272534959;2.044435889988722
169;84;4;5.240570258349974;5.240570258349974;4.222044620407839
170;93;4;0.0;0.0;2.9879489060070834
171;103;3;1.6719096123063288;1.6719096123063288;1.9890700579326202
172;32;4;2.648646640336481;2.648646640336481;2.5602214148406257
173;85;4;1.9544203059234555;1.9544203059234555;2.1683057303318174
174;117;4;2.5630400517784273;2.5630400517784273;2.6498582263743464
175;111;4;1.276093196677207;1.276093196677207;1.4626742740557122
176;70;4;3.460504861004336;3.460504861004336;2.9478326614587136
177;106;4;2.1678379436967963;2.1678379436967963;2.3579814098022385
178;56;4;3.1431543709277188;3.1431543709277188;3.3290014252093245
179;162;3;2.485997038391097;2.485997038391097;2.5399895403374666
180;91;4;2.8462634805704483;2.8462634805704483;2.924703613624302
181;62;4;2.7987805639121044;2.7987805639121044;2.9754087607027473
182;107;4;2.6793774186249335;2.6793774186249335;2.9152473603844404
183;185;4;3.2242668266213825;3.2242668266213825;3.1479579847205397
184;53;4;1.8129123647665608;1.8129123647665608;2.136889330721812
185;83;4;1.9447026343078235;1.9447026343078235;2.113342217243871
186;115;3;1.7484684514399003;1.7484684514399003;1.9918820085138775
187;121;4;2.3488740424590504;2.3488740424590504;2.481424146196404
188;87;3;1.1520868652500134;1.1520868652500134;1.3612133161556361
189;81;4;2.4259823153999815;2.4259823153999815;2.2871677209430503
190;189;4;0.0;0.0;3.3568087438584664
191;86;4;1.0292519115081666;1.0292519115081666;1.3502251075206142
192;84;4;3.087886292500696;3.087886292500696;3.269309011330364
193;104;4;2.6138894003113045;2.6138894003113045;2.6135528262216092
194;70;4;2.133388028675714;2.133388028675714;2.4486661111472148
195;59;4;0.0;0.0;3.1996825847174506
196;121;4;2.2756667444932246;2.2756667444932246;2.4003155695001372
197;123;4;3.092294402324381;3.092294402324381;3.4469255997089556
198;114;3;1.9435064953145404;1.9435064953145404;2.1332643732430423
199;64;4;2.099756549354686;2.099756549354686;2.129419730816396
200;74;4;2.0854586151257863;2.0854586151257863;2.5527480830176716
201;104;4;1.204843334878784;1.204843334878784;1.3865024315687013
202;43;3;1.9574090950416507;1.9574090950416507;3.359341479130513
203;82;3;1.0497040364957926;1.0497040364957926;1.3486613657836302
204;142;4;3.392977631828597;3.392977631828597;3.3579893386884794
205;97;4;2.354744859868661;2.354744859868661;2.473532892628858
206;58;4;2.298932664235631;2.298932664235631;2.2131889776683926
207;145;4;2.088567803642408;2.088567803642408;2.3867650498106996
208;161;4;2.7727986972370444;2.7727986972370444;2.952604515079911
209;81;4;2.7538778252189595;2.7538778252189595;3.132803680462822
210;77;3;1.5849872872969972;1.5849872872969972;1.7204285663740093
211;88;3;1.21095895478335;1.21095895478335;1.4619240870887986
212;107;4;2.9254298224521373;2.9254298224521373;2.9090529093087194
213;77;3;2.2810934463929495;2.2810934463929495;2.310031760701738
214;105;4;1.543679559110033;1.543679559110033;1.780664010248036
215;39;2;3.11578331763784;3.11578331763784;2.657754604365974
216;90;4;3.4239341985023053;3.4239341985023053;3.322840059512019
217;71;4;1.8642609350399262;1.8642609350399262;2.132648923670574
218;111;4;2.8986948278008495;2.8986948278008495;2.926247256329131
219;70;4;0.0;0.0;3.2616760640646487
220;49;4;2.126801895613188;2.126801895613188;2.3643734360477033
221;127;4;1.9829480358776999;1.9829480358776999;2.2362470411007407
222;67;4;1.8373082509252205;1.8373082509252205;2.155934666035569
223;70;4;1.1970982875821996;1.1970982875821996;1.4164437836529375
224;61;3;3.3278052806624205;3.3278052806624205;2.934823869501008
225;77;4;2.574211707293442;2.574211707293442;2.6551516257832732
226;95;4;0.0;0.0;2.9879489060070834
227;108;4;0.0;0.0;3.7726387904016665
228;101;4;1.8613323588387778;1.8613323588387778;1.9501747372635054
229;74;4;2.411050029397206;2.411050029397206;2.235195749345632
230;45;4;2.2790068154450163;2.2790068154450163;2.5781669949107187
231;60;4;1.9092389549727746;1.9092389549727746;2.2573538485504705
232;73;4;2.546093077371443;2.546093077371443;2.976811849029366
233;65;4;2.181050240015076;2.181050240015076;2.462666489930633
234;133;4;1.9045432579812795;1.9045432579812795;2.211160680139792
235;139;4;2.984985552426749;2.984985552426749;3.098974513554976
236;96;4;2.3588728072410614;2.3588728072410614;2.641997663758606
237;118;3;2.010795561695924;2.010795561695924;2.140139542109995
238;103;4;1.4907472535361546;1.4907472535361546;1.741987068932393
239;165;3;2.4999652783201483;2.4999652783201483;2.590111774173038
240;124;4;1.775905971271174;1.775905971271174;2.1368421269740048
241;43;4;2.087081126348613;2.087081126348613;2.3898197654238102
242;101;4;2.4211027004146555;2.4211027004146555;2.4056297768134396
243;137;4;1.9460614830549714;1.9460614830549714;2.2623830572278356
244;151;4;2.152831311124457;2.152831311124457;2.4071577961995816
245;93;3;1.420499839237237;1.420499839237237;1.7824566561104516
246;77;4;2.3738514320299915;2.3738514320299915;2.653053783339757
247;103;4;3.003423215680668;3.003423215680668;3.2516200242643407
248;94;4;0.0;0.0;2.792939068055937
249;124;4;2.3870994641852117;2.3870994641852117;2.6933053964552087
250;89;3;1.2591262401941714;1.2591262401941714;1.4287064301605694
251;122;4;3.1004756019849826;3.1004756019849826;3.3877311548925975
252;130;4;2.258619534807631;2.258619534807631;2.692018304602678
253;53;3;2.5184074064570017;2.5184074064570017;2.556807324537056
254;79;4;1.156531423171507;1.156531423171507;1.424171671566188
255;90;4;1.474197456805481;1.474197456805481;1.6101728474151422
256;106;4;1.6276564131461937;1.6276564131461937;1.8493166780703323
257;96;4;2.6593908096728427;2.6593908096728427;2.856409364834323
258;118;4;1.6187927061080916;1.6187927061080916;1.9041974574672318
259;150;4;2.5015979270420017;2.5015979270420017;2.5588396120065977
260;138;4;2.3002519898653526;2.3002519898653526;2.333927587683722
261;137;4;1.8790371499076541;1.8790371499076541;2.12758857975251
262;134;4;2.544304504280445;2.544304504280445;2.7023851322332595
263;83;4;1.9164083889439276;1.9164083889439276;2.005567245898955
264;168;4;2.5930800437945125;2.5930800437945125;2.714140033526624
265;112;4;2.961288961066655;2.961288961066655;2.699805234589358
266;117;4;3.1760745229553278;3.1760745229553278;3.0482277237520456
267;86;4;1.1388603140397566;1.1388603140397566;1.4432295958952956
268;187;4;0.0;0.0;3.3568087438584664
269;92;4;2.507658639540292;2.507658639540292;2.5331680300424986
270;84;4;1.1528635537476455;1.1528635537476455;1.4373420493009148
271;82;3;2.0428749464979052;2.0428749464979052;1.996051990432049
272;117;3;2.2003276910395466;2.2003276910395466;2.225079649983178
273;108;4;1.849187555988034;1.849187555988034;2.209711946198102
274;70;4;1.8978687689964155;1.8978687689964155;2.0744408560854377
275;125;4;2.1062882215479175;2.1062882215479175;2.3830451127409704
276;98;3;2.1703475895580135;2.1703475895580135;2.2647556458685862
277;44;4;2.3628423433870234;2.3628423433870234;3.047327791005456
278;106;4;3.2857574013331856;3.2857574013331856;3.1563559774493792
279;113;4;2.1807007622942223;2.1807007622942223;2.6310191858287286
280;54;4;2.1310186615859292;2.1310186615859292;2.4824919325432777
281;92;4;1.251546539383373;1.251546539383373;1.6020923729543934
282;124;3;2.2451470546790846;2.2451470546790846;2.3117298597419094
283;54;4;2.4630669507245075;2.4630669507245075;2.8631916645992135
284;70;4;0.0;0.0;3.2616760640646487
285;38;4;2.5259959590298924;2.5259959590298924;2.881083094686323
286;50;4;2.5281384628511328;2.5281384628511328;3.120738447074102
287;130;4;2.7309682352955735;2.7309682352955735;3.146835021323466
288;77;3;2.3584249028943565;2.3584249028943565;2.4752554513806833
289;127;4;2.934225135974456;2.934225135974456;2.9519335659403176
290;110;4;2.257136505024614;2.257136505024614;2.4695788456133587
291;75;4;2.1877849383367187;2.1877849383367187;2.4473634225213
292;106;4;2.15640322112462;2.15640322112462;2.3125329597019744
293;73;4;2.3344455776518904;2.3344455776518904;2.765617721624291
294;103;4;2.728690153951888;2.728690153951888;2.567504421295245
295;116;4;3.0297120587053086;3.0297120587053086;3.131621433928098
296;97;4;4.352711329809024;4.352711329809024;3.6872159959596744
297;148;4;2.330787332590057;2.330787332590057;2.511548042129029
298;70;4;2.0506311888155437;2.0506311888155437;2.36649268108415
299;139;4;2.183299630999986;2.183299630999986;2.494233999142411
300;135;4;0.0;0.0;3.6483377230659575
301;88;4;1.9608781621797446;1.9608781621797446;2.2500095213104254
302;138;4;2.5570697670708737;2.5570697670708737;2.769521911044984
303;64;4;1.930924199166835;1.930924199166835;2.3306779704052585
304;123;3;2.569616855778431;2.569616855778431;2.480473137625525
305;111;4;2.404007616889758;2.404007616889758;2.593734352021376
306;85;4;3.7808962796641903;3.7808962796641903;3.0667256916947307
307;38;4;2.3393814747995414;2.3393814747995414;3.0691158261454348
308;71;4;1.1186734835856564;1.1186734835856564;1.3559873053298097
309;103;4;1.754377179455867;1.754377179455867;1.9999096949902366
310;98;3;1.2842611063799267;1.2842611063799267;1.5819972320497777
311;85;3;1.4610338401642409;1.4610338401642409;1.4944522094846204
312;92;4;2.6953401135773842;2.6953401135773842;2.7571317847836454
313;106;4;4.5665207305667685;4.5665207305667685;3.7487874554880944
314;104;4;2.485432466786416;2.485432466786416;2.9450540804602845
315;136;4;0.0;0.0;3.6483377230659575
316;51;4;2.325575868893741;2.325575868893741;2.376264323438134
317;123;4;3.9781836735856997;3.9781836735856997;3.8505558803793933
318;53;4;2.463629946915014;2.463629946915014;3.0656634967639507
319;148;4;2.2924706299817337;2.2924706299817337;2.335274130801731
320;100;4;0.0;0.0;3.3009771239882038
321;113;3;1.8179220640472138;1.8179220640472138;2.010398638146512
322;38;4;2.4856965044254293;2.4856965044254293;2.592843024804688
323;93;3;1.0971390390033613;1.0971390390033613;1.415873078336595
324;128;4;2.0398109432358122;2.0398109432358122;2.3096427558361308
325;124;4;2.3881547469159012;2.3881547469159012;2.506966019965051
326;157;4;4.662691273988791;4.662691273988791;3.5475291944516756
327;76;4;1.555920259074823;1.555920259074823;1.59164601447019
328;131;4;2.0135907244042834;2.0135907244042834;2.1990922634570316
329;108;4;2.482506205547553;2.482506205547553;2.574807163176833
330;109;4;2.8516625299423213;2.8516625299423213;2.9034123085594046
331;93;4;2.2283309551816606;2.2283309551816606;2.2952007912720074
332;125;4;1.980974389214604;1.980974389214604;2.240791212782875
333;118;4;2.740719073395725;2.740719073395725;2.7958785644356703
334;133;4;2.1555834138331194;2.1555834138331194;2.3301432088883915
335;98;4;1.6607868040178648;1.6607868040178648;1.76696256359161
336;93;4;2.4225525170528543;2.4225525170528543;2.721920695690615
337;77;3;2.356928161890509;2.356928161890509;2.4428870930783058
338;75;4;2.0763352745603347;2.0763352745603347;2.407987872556957
339;103;4;2.3754749909502424;2.3754749909502424;2.6323897458193892
340;89;4;1.8173702143270514;1.8173702143270514;2.087588121502309
341;78;4;2.1794801521393654;2.1794801521393654;2.3490136325533393
342;101;4;1.5539690771012886;1.5539690771012886;1.814585598070911
343;129;4;2.7049464852297733;2.7049464852297733;3.190371521700156
344;126;4;1.992070583936725;1.992070583936725;2.34105131312254
345;60;4;0.0;0.0;3.1996825847174506
346;130;4;1.692565189899164;1.692565189899164;1.9757402934613026
347;141;4;2.2769818902124257;2.2769818902124257;2.421057545798908
348;135;4;1.7795769465927465;1.7795769465927465;2.1040869815426357
349;35;4;7.740170536714555;7.740170536714555;4.70864625578091
350;93;4;2.041709642251232;2.041709642251232;2.291256752890655
351;103;4;0.0;0.0;3.3009771239882038
352;135;4;0.0;0.0;3.6483377230659575
353;75;4;2.077200126137552;2.077200126137552;2.3742970047648986
354;102;3;1.5116550392228574;1.5116550392228574;1.7606764869185054
355;90;4;2.74687430148319;2.74687430148319;2.8518736767078616
356;119;4;1.920034330482026;1.920034330482026;2.3301729601026033
357;111;4;2.1581550145912605;2.1581550145912605;2.4997411285518094
358;102;3;1.4760731759568155;1.4760731759568155;1.674474593589709
359;90;4;1.883545171269753;1.883545171269753;2.1648951211889065
360;139;3;2.371388014129054;2.371388014129054;2.3209511296092433
361;125;4;1.793544813996327;1.793544813996327;2.1467510800333933
362;91;3;3.0995349057359367;3.0995349057359367;3.044275421254045
363;133;4;2.3231297756015254;2.3231297756015254;2.4594315121500543
364;60;4;2.1384486545613677;2.1384486545613677;2.228889285637069
365;139;4;2.2568979484384513;2.2568979484384513;2.3267802642478377
366;120;4;2.0168242318280694;2.0168242318280694;2.3199072632471296
367;88;4;2.9488004383982362;2.9488004383982362;3.056436195188231
368;99;4;2.1245235439883876;2.1245235439883876;2.3424702875319383
369;158;4;3.785323761739341;3.785323761739341;3.319237053106297
370;142;3;2.528487434037345;2.528487434037345;2.5833521204116177
371;91;4;1.1696063261782035;1.1696063261782035;1.363216857341334
372;104;4;3.336853961264685;3.336853961264685;3.4042980039436332
373;108;4;2.3944570696019376;2.3944570696019376;2.6346506061708777
374;47;4;2.881634106814483;2.881634106814483;2.8662580671034354
375;111;4;3.1391433564987152;3.1391433564987152;3.4992335637467544
376;119;4;2.659826614010749;2.659826614010749;2.7020402780265904
377;73;4;1.7485081540236664;1.7485081540236664;2.1417117361928364
378;145;4;2.5154361901252984;2.5154361901252984;2.420174396767227
379;127;4;2.3463543345259743;2.3463543345259743;2.4533292916250344
380;67;4;1.973959482200289;1.973959482200289;2.282912837118359
381;73;3;1.5968724652446493;1.5968724652446493;1.7260149392832684
382;82;3;2.166828197616182;2.166828197616182;2.4075044996579558
383;86;4;1.0356597875925262;1.0356597875925262;1.3552658799739632
384;122;4;2.8681375388814176;2.8681375388814176;3.4040617727790825
385;154;4;2.710850276182812;2.710850276182812;2.9095305028590634
386;81;4;2.2436725416768675;2.2436725416768675;2.7074565712427234
387;89;3;1.5938784131736328;1.5938784131736328;1.8158332979440759
388;70;4;2.012746016878665;2.012746016878665;2.483190096335382
389;83;4;1.1255806157289727;1.1255806157289727;1.413997825103897
390;127;4;3.2669856885982957;3.2669856885982957;2.9438947444340924
391;129;4;2.6393936514788128;2.6393936514788128;2.8904587336446492
392;83;4;1.917345742339504;1.917345742339504;2.231306195087392
393;96;3;1.2350921979330238;1.2350921979330238;1.4944988708750626
394;70;4;2.179710856626693;2.179710856626693;2.4779822163064256
395;81;4;6.622908984154416;6.622908984154416;4.448623950899205
396;114;4;1.9549472616325554;1.9549472616325554;2.3613691521987303
397;66;4;2.5116662074496845;2.5116662074496845;2.7365179978977885
398;121;4;1.9894390701968714;1.9894390701968714;2.2033877149063765
399;129;4;3.244243008214621;3.244243008214621;3.252001295953248
400;72;4;2.1103442682103313;2.1103442682103313;2.4148657001679283
401;37;4;2.5279257179011463;2.5279257179011463;2.873405437258043
402;85;4;2.449512600654628;2.449512600654628;2.5684954180909405
403;119;4;1.7792129807968668;1.7792129807968668;2.016824804440096
404;95;4;0.0;0.0;2.792939068055937
405;117;4;2.6579265916973323;2.6579265916973323;2.6853288339937125
406;113;4;2.7326265869340047;2.7326265869340047;2.7880478554271595
407;80;4;2.2376475095939354;2.2376475095939354;2.5340887665830114
408;115;4;1.586297608971699;1.586297608971699;1.7945806840679053
409;124;4;2.6933037052468105;2.6933037052468105;2.9066630917110947
410;81;4;2.2090313837781803;2.2090313837781803;2.44448416609171
411;109;4;1.5511472431169904;1.5511472431169904;1.8368171249685237
412;102;3;1.4680209914806395;1.4680209914806395;1.7266834686882648
413;99;4;3.191288579141962;3.191288579141962;2.9228713925833105
414;152;4;2.4617478993980066;2.4617478993980066;2.497331730669924
415;101;4;1.2628629703164096;1.2628629703164096;1.4373295070875731
416;73;4;1.1666428485813776;1.1666428485813776;1.4143480476345098
417;77;4;2.0591725291216694;2.0591725291216694;2.200749001668128
418;47;4;2.233930330752885;2.233930330752885;2.5129962204092897
419;38;4;2.3741620010637994;2.3741620010637994;2.8688310826040153
420;60;4;2.076817188153723;2.076817188153723;2.4647847861386127
421;42;4;2.0417797124514383;2.0417797124514383;2.2930465023963746
422;71;3;1.220456226271025;1.220456226271025;1.4356540504795157
423;117;4;2.686330111072565;2.686330111072565;2.714948488729172
424;104;4;2.337389296858364;2.337389296858364;2.685657028373407
425;40;4;2.290828522878428;2.290828522878428;3.009293816383228
426;73;4;1.8665840246892127;1.8665840246892127;2.167771527261516
427;69;4;0.0;0.0;3.2616760640646487
428;105;4;2.7684031073570896;2.7684031073570896;2.699853084520768
429;88;4;2.4725181256251827;2.4725181256251827;2.3298313066651066
430;115;4;2.817272779905271;2.817272779905271;2.9296838013424606
431;86;4;2.6206066224030016;2.6206066224030016;2.743487555897625
432;112;4;2.145529544211793;2.145529544211793;2.4571009021590524
433;166;3;2.6092461071968427;2.6092461071968427;2.6079742363880603
434;70;3;1.637225580499951;1.637225580499951;1.7453443059959188
435;83;4;2.104282039813302;2.104282039813302;2.7034259931851867
436;95;4;0.0;0.0;2.792939068055937
437;75;4;1.878171706224731;1.878171706224731;2.25154817768955
438;93;4;2.0882247826627482;2.0882247826627482;2.2534168021882985
439;101;4;2.4191762276247033;2.4191762276247033;2.5559465016809133
440;101;4;2.0125251848550474;2.0125251848550474;2.336430481238907
441;143;4;2.679702214308743;2.679702214308743;3.090188646342582
442;110;3;1.343291455807297;1.343291455807297;1.5633246525044449
443;134;4;1.7457155131001072;1.7457155131001072;2.1311995467512754
444;95;4;2.301435753939223;2.301435753939223;2.560687121276362
445;118;4;1.4173939958392021;1.4173939958392021;1.573651501672454
446;105;4;2.181018347922232;2.181018347922232;2.423205922001176
447;134;4;1.8829865919153468;1.8829865919153468;2.2321334333925984
448;87;4;1.09789248568656;1.09789248568656;1.3798464234799164
449;96;4;1.2242144948299014;1.2242144948299014;1.42780863945395
450;98;4;1.4205169838086698;1.4205169838086698;1.5832938620279184
451;70;4;1.940803332617475;1.940803332617475;2.056963761737905
452;121;4;2.225116728683711;2.225116728683711;2.7095831719079797
453;108;3;1.4744879172627738;1.4744879172627738;1.712776568725411
454;99;4;2.20984540892945;2.20984540892945;2.5220743313875618
455;111;3;1.6677757202223886;1.6677757202223886;1.8003488797781437
456;135;4;2.865645263940884;2.865645263940884;2.895360781904144
457;80;3;2.3305099397257685;2.3305099397257685;2.491912279900367
458;85;3;1.328101459965098;1.328101459965098;1.5585140822198125
459;94;4;2.4087273324334313;2.4087273324334313;2.700026571200058
460;130;4;2.1767556367344842;2.1767556367344842;2.586388891212849
461;120;4;2.076619980405915;2.076619980405915;2.3958880860586866
462;93;4;1.762598625617419;1.762598625617419;2.026358546495053
463;75;4;1.994242737831871;1.994242737831871;2.35563259153821
464;62;3;2.41017872641824;2.41017872641824;2.2297993254673343
465;61;4;2.781592310372198;2.781592310372198;2.7643677838808616
466;81;4;2.8286463131371713;2.8286463131371713;2.7384762698656244
467;128;4;2.0622832336689725;2.0622832336689725;2.377144639030699
468;97;4;2.0927586784337513;2.0927586784337513;2.192460331089213
469;70;4;2.160951678644906;2.160951678644906;2.4274477035666884
470;135;4;2.3932578314519604;2.3932578314519604;2.715646869439134
471;101;4;2.117584841619346;2.117584841619346;2.520688179797754
472;108;4;1.9545096782627136;1.9545096782627136;2.239460209025232
473;166;4;3.0176816652467884;3.0176816652467884;3.025326666281848
474;155;3;2.272311115355869;2.272311115355869;2.355625600749335
475;103;4;2.0527872581556728;2.0527872581556728;2.29039210333694
476;94;4;0.0;0.0;2.792939068055937
477;135;4;1.9099054947495047;1.9099054947495047;2.1552621943118075
478;41;4;2.4910832040683126;2.4910832040683126;2.5856818443955496
479;137;4;2.506562998347756;2.506562998347756;2.6672208057925375
480;67;4;2.364636170668944;2.364636170668944;2.512778758682175
481;144;4;1.9280943135853568;1.9280943135853568;2.2327718192782795
482;127;4;2.873545660949672;2.873545660949672;2.840853572965255
483;119;4;2.7792151204233204;2.7792151204233204;2.7294756211445024
484;106;4;2.4997618369067096;2.4997618369067096;2.5683810968583844
485;138;4;2.3536517293640644;2.3536517293640644;2.420426574586193
486;120;4;2.5403403847798676;2.5403403847798676;2.612678018917076
487;132;4;1.9771562391920192;1.9771562391920192;2.307723526252454
488;124;4;2.578052977883203;2.578052977883203;2.6190802068469288
489;128;4;1.9584023626776799;1.9584023626776799;2.2278582185430778
490;122;4;3.1108635451025957;3.1108635451025957;3.467580280116567
491;143;4;2.76479582969128;2.76479582969128;2.4961273599507
492;71;4;2.17677716220883;2.17677716220883;2.522116869904902
493;101;3;1.5604050550922934;1.5604050550922934;1.6646818019246123
494;112;4;2.585672003617389;2.585672003617389;2.5453034644784993
495;55;3;3.133073486637091;3.133073486637091;2.5580798964514653
496;107;3;1.6047637077728751;1.6047637077728751;1.7468879838765388
497;48;4;3.1295495740487778;3.1295495740487778;3.3310166120339604
498;89;4;0.0;0.0;2.9879489060070834
499;117;4;2.211614175542558;2.211614175542558;2.394729818853717
500;95;4;2.1407575301468005;2.1407575301468005;2.505608463155252
501;107;3;2.7814731904841907;2.7814731904841907;2.817114954985478
502;39;4;2.640172423295899;2.640172423295899;3.1112493990675865
503;72;4;2.0816665158049483;2.0816665158049483;2.08737792791815
504;144;4;1.9420470629698918;1.9420470629698918;2.139603054244682
505;132;4;2.2853425452169973;2.2853425452169973;2.4954514402818893
506;102;4;2.418404557621944;2.418404557621944;2.660249940123346
507;86;4;2.168199917484799;2.168199917484799;2.152156385279895
508;92;3;1.9380862639453065;1.9380862639453065;2.0946921975895796
509;137;4;2.862180486441522;2.862180486441522;2.9585399580773344
510;159;4;2.493523210862209;2.493523210862209;2.5291480929186654
511;144;4;2.2668324748227233;2.2668324748227233;2.3516441581695195
512;104;3;1.4953855176205013;1.4953855176205013;1.7231994721380084
513;67;4;2.1111932515122738;2.1111932515122738;2.112771241747313
514;103;4;2.6359661320050174;2.6359661320050174;2.5942316033407473
515;63;4;2.1736948963112908;2.1736948963112908;2.1669763080920976
516;54;4;2.025643627137327;2.025643627137327;2.244807744667475
517;93;3;2.9273297674757552;2.9273297674757552;2.7998751666843535
518;97;3;2.0275384251831494;2.0275384251831494;2.2103018050251126
519;148;4;2.149428895384275;2.149428895384275;2.3033317506713638
520;142;4;2.5123354606339077;2.5123354606339077;2.585019420887781
521;141;4;3.68923323574051;3.68923323574051;3.2641502425591393
522;87;4;3.5684987798053274;3.5684987798053274;3.286922663329055
523;146;4;3.811780872227195;3.811780872227195;3.12390930861379
524;70;4;2.5198639569320482;2.5198639569320482;2.484745312067893
525;130;4;2.173899046013421;2.173899046013421;2.5800022932351943
526;105;4;3.3576067485297276;3.3576067485297276;3.326508434928791
527;100;4;2.2924447154452126;2.2924447154452126;2.652877655296633
528;124;4;2.1007548632537123;2.1007548632537123;2.285261672325635
529;58;4;2.202298367659179;2.202298367659179;2.3657810034084443
530;70;4;2.1317917287799024;2.1317917287799024;2.2015909467093366
531;109;4;1.2959830743817597;1.2959830743817597;1.4843706011628326
532;139;4;3.0111724867096386;3.0111724867096386;2.887489436206158
533;93;4;2.1572744478082395;2.1572744478082395;2.542027059892378
534;98;4;1.7207034794836902;1.7207034794836902;2.0928032625009303
535;38;4;2.346303118252965;2.346303118252965;3.0131169400789086
536;81;4;2.928891587369876;2.928891587369876;2.8610930849754848
537;54;4;2.1482381036298372;2.1482381036298372;2.640643967262413
538;67;4;2.668549529089984;2.668549529089984;2.878392007534886
539;111;4;2.8006917814845207;2.8006917814845207;2.63599344288591
540;95;4;2.2526003870604887;2.2526003870604887;2.4270574676049774
541;113;4;3.019005653677451;3.019005653677451;2.9473054728950134
542;105;3;1.6129631207224084;1.6129631207224084;1.7788379918778965
543;79;4;2.2434509346046743;2.2434509346046743;2.474369710550928
544;115;4;1.6103420276966909;1.6103420276966909;1.7871363245396552
545;90;3;1.4862734711740513;1.4862734711740513;1.6904291320456495
546;84;4;2.2632567768794813;2.2632567768794813;2.77139978195791
547;117;3;1.4575655668482408;1.4575655668482408;1.5840466059048708
548;117;4;3.3571106112798677;3.3571106112798677;3.1876654053622184
549;101;4;1.9061408124826311;1.9061408124826311;2.227652572883941
550;116;4;1.5915680861198513;1.5915680861198513;1.8286888281667661
551;134;4;2.3385941062626068;2.3385941062626068;2.4511445445932365
552;87;4;1.1110419691216795;1.1110419691216795;1.4094352461048592
553;118;3;2.1886130443865324;2.1886130443865324;2.255244358412094
554;96;4;2.471956583000018;2.471956583000018;2.3679191171894285
555;104;4;2.6162901236157166;2.6162901236157166;2.7188344323940896
556;149;4;2.2692407237385166;2.2692407237385166;2.5564218024512706
557;106;4;1.4374466682877098;1.4374466682877098;1.7133884953887508
558;89;3;1.3514043367077593;1.3514043367077593;1.5169339342331205
559;71;4;2.6900726730903513;2.6900726730903513;3.0666501224399387
560;77;3;1.2099474395479632;1.2099474395479632;1.4386034104791652
561;50;4;2.133656700317706;2.133656700317706;2.5404155351397724
562;62;4;2.206862825280884;2.206862825280884;2.4393264749624883
563;78;4;1.1287467815321215;1.1287467815321215;1.3929712467464208
564;84;4;2.2979031724366594;2.2979031724366594;2.4747909788663827
565;149;4;2.373582102249598;2.373582102249598;2.6483497560113833
566;163;4;2.758190403413998;2.758190403413998;2.918055660221498
567;119;4;2.121064414935418;2.121064414935418;2.4897704391492033
568;104;4;2.2041987777149132;2.2041987777149132;2.438749760826857
569;43;4;2.621840478460762;2.621840478460762;3.1166772858319134
570;118;4;1.7191728521311234;1.7191728521311234;1.9625960398126443
571;115;4;2.674032708550219;2.674032708550219;2.45646430914464
572;66;3;1.4266263709353937;1.4266263709353937;1.5882497232026918
573;145;4;2.0392703437414568;2.0392703437414568;2.3781486528266185
574;84;4;2.1199462099282638;2.1199462099282638;2.5722994258845393
575;140;4;3.114394847237457;3.114394847237457;3.318726446084697
576;120;4;3.0977668934630493;3.0977668934630493;3.4104171974714963
577;97;3;1.587498210231687;1.587498210231687;1.7894507801027495
578;89;4;2.8745700604362505;2.8745700604362505;3.199913453812333
579;103;4;2.047561870518136;2.047561870518136;2.5107935662079974
580;127;4;1.839395497041848;1.839395497041848;2.3206834828310723
581;72;4;2.5033193117520054;2.5033193117520054;2.637494380103976
582;132;4;1.7788617803240916;1.7788617803240916;2.0477727122035647
583;31;4;2.663055972024072;2.663055972024072;3.1803702431068936
584;97;4;2.2145553336331965;2.2145553336331965;2.6142003958602804
585;81;3;1.9180340574405197;1.9180340574405197;1.8858044529775557
586;142;4;2.5137982450420417;2.5137982450420417;2.6607251632947766
587;128;4;2.6780942494104907;2.6780942494104907;2.79454874956124
588;78;4;1.937548557599839;1.937548557599839;2.948583831712706
589;114;4;2.1329091674213894;2.1329091674213894;2.6128492553653144
590;86;3;1.441415462384385;1.441415462384385;1.6866132282428155
591;34;4;2.570868949706912;2.570868949706912;2.9671494113514574
592;83;4;2.187086684147274;2.187086684147274;2.3196314568474214
593;37;4;3.4489438669150396;3.4489438669150396;2.9301167143890336
594;57;3;2.451236896188243;2.451236896188243;2.4986220880700514
595;109;4;3.492621782706575;3.492621782706575;3.3635283978543318
596;91;4;2.414904774011518;2.414904774011518;2.548163462545307
597;65;3;1.48466589783259;1.48466589783259;1.5835983607136115
598;133;4;2.507441918578555;2.507441918578555;2.6200743808489246
599;91;4;1.2374898892137833;1.2374898892137833;1.5544596019337273
600;65;4;2.2756526244411783;2.2756526244411783;2.3930209513137735
601;142;4;2.219940339175765;2.219940339175765;2.3113900160555074
602;102;3;1.401556026797702;1.401556026797702;1.5822435115491482
603;132;4;1.8841888733029375;1.8841888733029375;2.1966692560067216
604;108;4;0.0;0.0;3.7726387904016665
605;130;4;2.168175362095551;2.168175362095551;2.5653676238476555
606;73;4;2.1193616352344864;2.1193616352344864;2.3562826108670905
607;64;3;1.5721060686784658;1.5721060686784658;1.6385645754874545
608;62;3;2.5229603630937802;2.5229603630937802;2.5670373277691034
609;108;4;3.0257100431846147;3.0257100431846147;2.881120110199783
610;67;4;2.4839674674633727;2.4839674674633727;2.56349034432005
611;98;3;1.8774609870537804;1.8774609870537804;2.0011103782811657
612;48;4;2.308450166399478;2.308450166399478;2.580055599843997
613;86;4;1.600791276058943;1.600791276058943;1.7484210024127138
614;107;4;2.0865253700640447;2.0865253700640447;2.3835387403771313
615;44;4;0.0;0.0;3.1374185708971636
616;127;4;2.2414963826081618;2.2414963826081618;2.4187396231267657
617;78;4;0.0;0.0;2.948588691218705
618;86;4;3.2495566823705926;3.2495566823705926;3.3328980698749957
619;97;4;2.709849933706436;2.709849933706436;2.6981836667912527
620;109;3;1.496426242786567;1.496426242786567;1.7090053058425754
621;111;4;2.2130621113977735;2.2130621113977735;2.447301688511021
622;89;3;2.03866340025236;2.03866340025236;2.143013438080143
623;112;4;2.175492049372067;2.175492049372067;2.455230725370142
624;97;4;1.7507667723106535;1.7507667723106535;2.0978352480181526
625;91;4;1.2315562004247633;1.2315562004247633;1.5704049807012372
626;102;4;2.2097763009763396;2.2097763009763396;2.5223554149602663
627;78;4;2.2488729592721297;2.2488729592721297;2.471019276741756
628;140;4;1.826052105824015;1.826052105824015;2.081455858119431
629;88;3;2.3268771041931045;2.3268771041931045;2.1478015353872575
630;116;4;2.231917052174039;2.231917052174039;2.437059960723957
631;89;4;2.237660571272847;2.237660571272847;2.3792388580410604
632;98;4;1.347601066486137;1.347601066486137;1.5302237216891403
633;97;3;2.127477761723799;2.127477761723799;2.2378597764539174
634;29;3;2.9266639019084093;2.9266639019084093;2.4078480179042665
635;135;4;4.353298713602002;4.353298713602002;3.675926703665294
636;37;4;2.502506972955023;2.502506972955023;2.979389757203619
637;135;4;1.9815035815414506;1.9815035815414506;2.363462692688032
638;113;4;1.9477754169595543;1.9477754169595543;2.339603913407387
639;98;4;1.196453809862025;1.196453809862025;1.4953327510821879
640;88;3;2.6300780563938417;2.6300780563938417;2.5030834646317897
641;78;4;1.9352597486589314;1.9352597486589314;2.2927748423853367
642;80;3;1.8614041396170298;1.8614041396170298;2.0708811298995355
643;78;4;2.1484017152317842;2.1484017152317842;2.4382740275973407
644;121;4;1.7613798736573922;1.7613798736573922;1.9845810563822237
645;148;4;2.366546178839888;2.366546178839888;2.551680543571607
646;145;4;2.9394374480182446;2.9394374480182446;3.1706965227458093
647;146;4;2.07165083879864;2.07165083879864;2.2512767996053316
648;90;4;1.9071370234804332;1.9071370234804332;2.1956119300718315
649;51;4;2.4260103922562535;2.4260103922562535;2.8143344400173107
650;129;4;2.7005975082838996;2.7005975082838996;2.889766593089956
651;103;4;2.4633906988169083;2.4633906988169083;2.3390224157237274
652;87;3;1.2388157546384244;1.2388157546384244;1.4786982072409405
653;104;4;2.6928646500991076;2.6928646500991076;2.4895246803045974
654;140;4;1.8674823388261999;1.8674823388261999;2.261089284783448
655;104;3;1.5509231849429446;1.5509231849429446;1.7592784605268519
656;86;4;2.6035098330547215;2.6035098330547215;2.5993372290599366
657;78;4;0.0;0.0;2.948588691218705
658;95;4;3.412483443556967;3.412483443556967;3.160759501986094
659;114;4;2.1762149688717662;2.1762149688717662;2.2607591539577823
660;97;3;1.5135747085965778;1.5135747085965778;1.838016883714039
661;88;4;2.3073651982863463;2.3073651982863463;2.7390647948362377
662;146;4;2.0569175551247345;2.0569175551247345;2.3137823117735303
663;104;4;1.1687342787646164;1.1687342787646164;1.4060003522849718
664;42;3;2.526005150787854;2.526005150787854;2.5437486267406397
665;92;4;2.2207104038997096;2.2207104038997096;2.4417372191940987
666;69;4;1.8064061143442836;1.8064061143442836;2.0457690933511508
667;55;4;2.0518106983588735;2.0518106983588735;2.4901127251178425
668;98;4;1.3512988322518795;1.3512988322518795;2.9879939648838643
669;84;4;1.6886828132482803;1.6886828132482803;1.8825773765951475
670;110;3;1.393462711678881;1.393462711678881;1.6069738594551815
671;94;4;1.4216863591613462;1.4216863591613462;3.301013805806292
672;145;4;2.8130950910257986;2.8130950910257986;2.500309234824604
673;74;4;1.8385629539253219;1.8385629539253219;2.1830800511448256
674;86;4;2.5634049858899037;2.5634049858899037;3.0748689001403693
675;75;4;2.544390793607689;2.544390793607689;2.702016451628398
676;143;4;4.018565227993495;4.018565227993495;3.760543490860113
677;62;4;3.242497113244231;3.242497113244231;2.854977929419732
678;163;4;3.0365016007112007;3.0365016007112007;2.8479649885841587
679;154;4;4.822665369005334;4.822665369005334;4.1907937722871935
680;140;4;1.8241160143937871;1.8241160143937871;2.1983153122561534
681;137;4;2.6476954724018746;2.6476954724018746;2.526342277551578
682;106;3;1.196664186858644;1.196664186858644;1.3863640999908287
683;92;4;1.1897598246286238;1.1897598246286238;1.3758936370082775
684;90;4;1.8363195903837324;1.8363195903837324;2.227270024826141
685;123;4;2.1471838733781103;2.1471838733781103;2.3584832081892504
686;94;4;2.0409098227541524;2.0409098227541524;2.3415662586101273
687;114;4;3.237485447056443;3.237485447056443;3.1097129189375017
688;135;4;3.196629420617508;3.196629420617508;3.343037239344851
689;119;4;1.6969311636993036;1.6969311636993036;1.7912555417023879
690;51;4;2.1727214282630665;2.1727214282630665;2.2482097953032563
691;92;4;0.0;0.0;2.9879489060070834
692;76;4;1.1693551270836389;1.1693551270836389;1.4274178051370223
693;125;4;2.5840941723577404;2.5840941723577404;2.8347731166985497
694;119;4;5.233887446154274;5.233887446154274;3.986572649033374
695;124;4;2.9833085061096174;2.9833085061096174;3.3851561555384566
696;114;4;2.910419051365715;2.910419051365715;2.9498210890173797
697;112;4;1.8955310963068153;1.8955310963068153;2.254485829441381
698;128;4;2.5288062595961778;2.5288062595961778;2.400593586318666
699;86;4;1.0168641883585785;1.0168641883585785;1.3358479255130702
700;105;4;1.9965401883631009;1.9965401883631009;2.279703036801055
701;65;3;1.4148794918978953;1.4148794918978953;1.5494421779333076
702;101;4;1.3754618255076572;1.3754618255076572;1.555218827193761
703;84;4;2.7124111387537613;2.7124111387537613;2.7446986776749096
704;128;4;2.1239967068480126;2.1239967068480126;2.3479043437676537
705;86;3;1.244115678074814;1.244115678074814;1.5372874264215317
706;128;4;2.0659297964969663;2.0659297964969663;2.229710363761603
707;88;3;1.3676212273261963;1.3676212273261963;1.5105479126430719
708;44;3;2.9415841294387306;2.9415841294387306;2.808282940100672
709;96;4;2.2586750649226137;2.2586750649226137;2.529870521275808
710;122;4;2.9855363483815207;2.9855363483815207;2.763187743580302
711;46;4;2.365066921930093;2.365066921930093;3.0378049342891864
712;96;4;1.9420716240932272;1.9420716240932272;2.000370308965117
713;84;3;1.0445578036420637;1.0445578036420637;1.3584664866925613
714;106;4;2.1723472397319705;2.1723472397319705;2.23352542778549
715;106;4;1.9583298971847083;1.9583298971847083;2.2480610965975973
716;106;4;0.0;0.0;3.3009771239882038
717;119;4;2.5753222860376352;2.5753222860376352;2.7866934840544677
718;91;4;2.325709760192402;2.325709760192402;2.346305454748754
719;74;4;3.20593504958471;3.20593504958471;3.356668990403373
720;77;4;1.7970474378711;1.7970474378711;1.974483447408218
721;70;4;3.109494108524316;3.109494108524316;3.106843549582655
722;114;4;1.8572645303282194;1.8572645303282194;2.2900087201270085
723;104;4;2.5352260559548565;2.5352260559548565;2.8100071076771727
724;118;3;2.2670925178395893;2.2670925178395893;2.4375408965260337
725;101;4;1.4598786607782366;1.4598786607782366;1.600131270918366
726;97;4;2.675007706578807;2.675007706578807;2.8813362977340105
727;111;4;0.0;0.0;3.7726387904016665
728;92;4;1.3507986074183727;1.3507986074183727;2.7928228508401283
729;55;4;3.340829300544363;3.340829300544363;3.0729460931330785
730;144;4;2.0303764478995827;2.0303764478995827;2.062255394989001
731;134;4;2.25892706678988;2.25892706678988;2.6586457247494577
732;81;4;2.0902117289290714;2.0902117289290714;2.498229285491082
733;98;4;1.1887684210189622;1.1887684210189622;1.4928423061777383
734;154;4;2.3890337507247934;2.3890337507247934;2.4284571015233962
735;103;4;1.84057697748139;1.84057697748139;2.140425503713879
736;97;4;2.6490797962902715;2.6490797962902715;2.8738279073412953
737;111;4;2.0408163482800625;2.0408163482800625;2.2511091832714056
738;125;4;2.379358853571485;2.379358853571485;2.807421240532792
739;47;4;2.5191225658979386;2.5191225658979386;2.9368079026495177
740;66;4;2.1624873902256687;2.1624873902256687;2.4471546863209506
741;109;4;1.2478374603120759;1.2478374603120759;1.4841106182782833
742;121;4;2.6525028536484094;2.6525028536484094;2.9046526461847497
743;102;4;2.454942102899364;2.454942102899364;2.586559603551485
744;95;4;1.8316012864978217;1.8316012864978217;2.265908023752245
745;92;3;2.8014792215553435;2.8014792215553435;2.812803613535661
746;99;4;2.1126092800465672;2.1126092800465672;2.222327732952722
747;105;4;2.5468465745973026;2.5468465745973026;2.927720831784168
748;68;4;1.9979539405984128;1.9979539405984128;2.259812696956417
749;67;4;1.8602062969067021;1.8602062969067021;2.1532530033913124
750;98;4;1.6309436400349377;1.6309436400349377;1.6475694777746197
751;95;4;2.5206471700250477;2.5206471700250477;2.8517188760291847
752;127;4;3.4268710657571773;3.4268710657571773;3.380950351592867
753;75;4;2.6375030754874196;2.6375030754874196;2.3598414124858333
754;74;4;2.7313456950371724;2.7313456950371724;2.869253879025295
755;103;4;2.4116348490455595;2.4116348490455595;2.433320481190989
756;87;3;1.0664308438806993;1.0664308438806993;1.3843988327651975
757;114;4;2.056778588946199;2.056778588946199;2.1642203028729488
758;124;4;2.7097315698263387;2.7097315698263387;2.6379889062227466
759;101;4;2.6308949082075546;2.6308949082075546;2.8093107215162627
760;134;4;1.901157753547163;1.901157753547163;2.165841626076459
761;108;4;2.234421832718346;2.234421832718346;2.505721436980085
762;147;4;2.214840900304098;2.214840900304098;2.410984926295844
763;96;4;1.7511789000569595;1.7511789000569595;2.0197736312536176
764;167;4;2.57672809467977;2.57672809467977;2.514184400878867
765;33;3;1.6477591994608964;1.6477591994608964;1.6827164529234895
766;115;3;1.7987103452521915;1.7987103452521915;1.9779797830482468
767;97;4;2.2171005705041926;2.2171005705041926;2.5170444538949823
768;148;4;1.9637743017001212;1.9637743017001212;2.14256879662285
769;155;4;2.1108372995964086;2.1108372995964086;2.216198485360421
770;106;4;1.772784192984667;1.772784192984667;2.04225595260342
771;125;4;1.3396500126747934;1.3396500126747934;1.6598595025244565
772;127;4;1.5199085217433865;1.5199085217433865;1.9113270922582504
773;105;4;1.1752299357451834;1.1752299357451834;1.4786218605262311
774;129;4;1.8072897780853174;1.8072897780853174;2.228611261680011
775;112;3;1.7946993242254448;1.7946993242254448;2.1209421068760657
776;45;4;1.7157166463083031;1.7157166463083031;2.051872759856049
777;120;4;2.2306669160516788;2.2306669160516788;2.3075290055901485
778;98;4;2.7430348885200324;2.7430348885200324;2.8452393324865994
779;148;4;1.6092625127157234;1.6092625127157234;1.9561556219141585
780;44;3;1.6618581138657407;1.6618581138657407;1.6843042371358952
781;108;4;1.1904232818867462;1.1904232818867462;1.5390467246670814
782;111;4;1.757400938394541;1.757400938394541;2.1143671222187375
783;69;2;1.4795621233704939;1.4795621233704939;1.7667221642709932
784;73;3;2.3615867065197547;2.3615867065197547;2.1802740993611094
785;150;4;3.3677491317558936;3.3677491317558936;3.2750344064257435
786;165;4;1.6126473752555799;1.6126473752555799;1.7566963577481658
787;97;4;1.9202845027774924;1.9202845027774924;2.1487145935728718
788;63;4;2.5712719882625157;2.5712719882625157;2.828818093615847
789;69;3;1.945787258167482;1.945787258167482;2.143422727764545
790;65;3;1.4036757077710085;1.4036757077710085;1.6739726517258477
791;80;4;2.0238422336538755;2.0238422336538755;2.428440054882707
792;101;4;2.065744330753081;2.065744330753081;2.2092780897043074
793;93;4;1.409598998511227;1.409598998511227;1.644282207628838
794;83;4;1.396567472161878;1.396567472161878;1.6610012388842477
795;83;3;2.079612629787359;2.079612629787359;2.1942534935141675
796;60;3;1.8178209726735135;1.8178209726735135;2.0469808021521807
797;44;3;1.83029195710571;1.83029195710571;1.9650513685497242
798;81;4;1.992237735310491;1.992237735310491;2.400812663762563
799;86;4;2.166770986234312;2.166770986234312;2.337995411315006
800;110;4;2.2390234228269654;2.2390234228269654;2.454774450615871
801;91;4;3.1276516823780214;3.1276516823780214;3.1471960202441105
802;77;3;1.894076820852015;1.894076820852015;2.124903677189824
803;96;3;2.1956652703011232;2.1956652703011232;2.2329970062018987
804;126;3;1.9143973790080258;1.9143973790080258;2.2801378184299006
805;99;4;1.9504756396362586;1.9504756396362586;2.1674180575460196
806;64;4;2.26676471583357;2.26676471583357;2.6798566593893773
807;58;4;2.0416387338320905;2.0416387338320905;2.2737538692549952
808;116;4;2.662046685117252;2.662046685117252;2.945248044638679
809;120;4;2.7782924227635277;2.7782924227635277;2.9485864187193953
810;134;4;1.9889983613134399;1.9889983613134399;2.3230402294277686
811;144;4;2.116215225833594;2.116215225833594;2.471963429853415
812;128;4;2.203089952310337;2.203089952310337;2.5358078175370626
813;117;4;2.621205929557032;2.621205929557032;2.942534797268354
814;129;4;2.1408591334779734;2.1408591334779734;2.463356620452902
815;109;4;1.7942890164661756;1.7942890164661756;1.9769922896819432
816;74;4;1.9661150681382007;1.9661150681382007;2.232010220501397
817;107;4;2.7639810732026797;2.7639810732026797;2.8776376322254653
818;124;3;3.058410504361091;3.058410504361091;2.925276081243929
819;146;4;1.8512966640066433;1.8512966640066433;1.971199552998383
820;29;3;1.8359589470934212;1.8359589470934212;1.6947034263153489
821;91;3;1.9779933911873806;1.9779933911873806;2.1236538011349086
822;84;4;1.5647091549787062;1.5647091549787062;1.843295469649591
823;134;4;2.158894781510874;2.158894781510874;2.4172761757313577
824;151;4;2.0168596296538515;2.0168596296538515;2.4307772601950286
825;162;4;2.1477383785641515;2.1477383785641515;2.12891715423015
826;37;3;1.7158774449156518;1.7158774449156518;1.703385757663646
827;113;4;1.7359806568946248;1.7359806568946248;1.9056983213898184
828;88;4;2.1078412712038004;2.1078412712038004;2.397569897862918
829;134;4;2.291385101550247;2.291385101550247;2.473891124531073
830;128;4;2.0750923909964616;2.0750923909964616;2.1482767778682765
831;128;4;2.1164738436142496;2.1164738436142496;2.425909711625729
832;125;4;1.1987730570566255;1.1987730570566255;1.5139168150104216
833;129;4;1.7222000647118538;1.7222000647118538;2.010493262931638
834;93;4;1.167506901654931;1.167506901654931;1.431972111206075
835;161;4;2.155483337114174;2.155483337114174;2.515054882416919
836;104;3;1.912741560214692;1.912741560214692;2.170496249468811
837;45;4;1.7184811868272463;1.7184811868272463;2.064623876615632
838;118;4;1.912507348110257;1.912507348110257;2.1107122317420934
839;99;4;2.133646552048661;2.133646552048661;2.323939583755075
840;123;4;1.5202116611670147;1.5202116611670147;1.9069107557107756
841;44;3;1.7878012761123638;1.7878012761123638;1.7627536581758545
842;92;4;1.2514004784830008;1.2514004784830008;1.585698124940708
843;124;4;1.8026908966935191;1.8026908966935191;2.2144994599521644
844;69;2;1.492372963252477;1.492372963252477;1.6792422633539397
845;69;3;2.3498238861179717;2.3498238861179717;2.224808934329895
846;139;4;2.934071539017478;2.934071539017478;3.0439533267017165
847;154;4;1.9238202098334136;1.9238202098334136;2.0337967577413085
848;104;3;2.2153764760583496;2.2153764760583496;2.3618351159320765
849;69;4;2.6312155981379926;2.6312155981379926;2.755090932338028
850;78;3;1.9831586702076072;1.9831586702076072;2.1480808005676466
851;66;3;1.3745157523656428;1.3745157523656428;1.6287311644104863
852;58;4;1.806063291452345;1.806063291452345;2.3117452743277553
853;97;4;2.0112921291988695;2.0112921291988695;2.167135738672442
854;99;4;1.3875612674486142;1.3875612674486142;1.6432788578342372
855;85;4;1.3119774169115095;1.3119774169115095;1.622869000562376
856;102;3;2.3035505667436293;2.3035505667436293;2.3467095838147287
857;67;3;1.6882478057554544;1.6882478057554544;1.900401453143646
858;42;3;1.9784658196713747;1.9784658196713747;2.017999477950218
859;71;4;1.991264012959877;1.991264012959877;2.3993636370779465
860;86;4;2.1137779580501017;2.1137779580501017;2.2958684846333237
861;100;4;2.430787900162528;2.430787900162528;2.6147274259234514
862;86;4;3.1541408854531405;3.1541408854531405;3.0214681195897968
863;102;3;1.9810855460895016;1.9810855460895016;2.2327977962396757
864;102;3;2.366399872465402;2.366399872465402;2.392182370903846
865;127;3;1.8468527271748874;1.8468527271748874;2.123781161754019
866;89;4;1.9152331595085985;1.9152331595085985;2.087087858465792
867;59;4;2.189936202271677;2.189936202271677;2.5886997411726074
868;67;4;2.0868228139622538;2.0868228139622538;2.2751821981049196
869;102;4;2.8281331739460702;2.8281331739460702;3.0406443733023587
870;105;4;2.721110234270236;2.721110234270236;2.860283574240609
871;139;4;2.122722928054769;2.122722928054769;2.3763035567214015
872;141;4;2.1140665626090374;2.1140665626090374;2.4582298813697805
873;127;4;2.4627328787696547;2.4627328787696547;2.8727337778750077
874;112;4;2.8045425255206915;2.8045425255206915;2.7525255606323777
875;121;4;1.8541741834109524;1.8541741834109524;2.0879790277860573
876;107;4;2.145393069966036;2.145393069966036;2.3646581470048638
877;56;4;2.2072785681772595;2.2072785681772595;2.3620714320218084
878;109;4;2.439064355778287;2.439064355778287;2.428909588608729
879;139;3;3.031871743429335;3.031871743429335;2.9728965968528103
880;131;4;1.956924884251717;1.956924884251717;2.075969278674279
881;29;3;1.79764411965345;1.79764411965345;1.7245824687316456
882;92;3;1.9861164608740054;1.9861164608740054;2.115150148121221
883;83;4;1.737474032460496;1.737474032460496;1.9668228880267191
884;151;4;2.3089308118087297;2.3089308118087297;2.5118155046123185
885;138;4;3.1204692369487526;3.1204692369487526;3.061502718492326
886;157;4;2.319042238651677;2.319042238651677;2.40202538683338
887;33;3;1.9249464362856414;1.9249464362856414;1.8009920537955686
888;121;3;3.687530473760559;3.687530473760559;3.2205201640436023
889;122;4;3.751820247001312;3.751820247001312;3.4524241510949456
890;155;4;1.8167522590690433;1.8167522590690433;2.0302685967352705
891;166;4;2.3417684491830775;2.3417684491830775;2.4686541865691245
892;134;4;2.311333336373511;2.311333336373511;2.4120199845388925
893;144;4;1.988443720369756;1.988443720369756;2.1157847276093142
894;140;4;1.6035340649610326;1.6035340649610326;1.9867697508587736
895;98;4;2.3122730118343253;2.3122730118343253;2.2924817194809117
896;111;4;1.9744390717271794;1.9744390717271794;2.177894441565439
897;106;3;1.7092307741471264;1.7092307741471264;2.0263500480771373
898;53;4;1.7016006336799052;1.7016006336799052;2.0974357192924735
899;133;4;2.654917691756646;2.654917691756646;2.792001685540939
900;126;4;2.9055117531624894;2.9055117531624894;2.8037138530497354
901;99;4;1.9107242825606583;1.9107242825606583;2.1297209618036366
902;59;3;2.1001522226429734;2.1001522226429734;1.880548477262891
903;101;4;1.8008461259640158;1.8008461259640158;1.864773414380354
904;110;3;2.1167978888616914;2.1167978888616914;2.1566444695450455
905;69;3;1.3938642361003826;1.3938642361003826;1.6732607072688748
906;89;4;1.9738291609584742;1.9738291609584742;2.108677424692932
907;115;4;2.276833476267643;2.276833476267643;2.5786287282073603
908;168;4;2.557410917124031;2.557410917124031;2.217369990438069
909;138;4;2.3956963437899526;2.3956963437899526;2.287231335221247
910;76;4;3.6727307011059596;3.6727307011059596;3.6362159347547074
911;56;3;2.466171959276686;2.466171959276686;2.5881784218128145
912;67;3;1.443870503416886;1.443870503416886;1.724548039818397
913;63;4;2.2155631429038802;2.2155631429038802;2.286360185680987
914;94;4;1.8298613336041025;1.8298613336041025;1.9636882544363392
915;143;4;1.205509052778097;1.205509052778097;1.486483364220325
916;89;4;2.793680979955777;2.793680979955777;2.5288256831079594
917;58;3;2.5630439917577847;2.5630439917577847;2.6723771418384135
918;49;3;2.308904778471267;2.308904778471267;2.3797115379171854
919;45;4;1.758317301912372;1.758317301912372;1.8651285154854809
920;84;4;2.0377183662427374;2.0377183662427374;2.360116359744717
921;98;4;2.6297766145480326;2.6297766145480326;2.656094516643507
922;99;4;2.5869172479625564;2.5869172479625564;2.773796207688815
923;88;4;2.123187217936771;2.123187217936771;2.121745263165498
924;68;3;2.3000077472816303;2.3000077472816303;2.489196001329496
925;84;3;2.371374438646591;2.371374438646591;2.340455817461341
926;130;3;2.1102420582349217;2.1102420582349217;2.3246887953778876
927;98;4;1.8585362532083511;1.8585362532083511;2.0441699269088387
928;53;4;2.549692573431201;2.549692573431201;2.762519551346501
929;69;3;2.1422473417501364;2.1422473417501364;2.535678534701459
930;159;4;3.047693221075097;3.047693221075097;3.0319527368549832
931;136;3;2.9425056265155645;2.9425056265155645;2.705691188081494
932;119;3;2.1200037682175283;2.1200037682175283;2.2984882161685407
933;108;3;2.1621322458538574;2.1621322458538574;2.261211068548221
934;158;4;2.5269675106002962;2.5269675106002962;2.602796840815869
935;131;4;2.6200429151972053;2.6200429151972053;2.771511989488943
936;134;4;3.7587961635481566;3.7587961635481566;3.426901292908431
937;99;4;1.695310879279004;1.695310879279004;1.8433243611060914
938;73;4;1.923709679210157;1.923709679210157;2.1636285894142406
939;110;4;3.073397561833343;3.073397561833343;3.2261416589977077
940;124;4;2.047326288797024;2.047326288797024;2.2912415288287633
941;173;4;3.278572539015974;3.278572539015974;3.1130774905161496
942;29;3;1.897884795735884;1.897884795735884;1.67914273390333
943;103;4;1.6401178416704434;1.6401178416704434;1.789867007086912
944;87;4;2.0222005376830823;2.0222005376830823;2.2529628524470224
945;134;4;2.1942210922245793;2.1942210922245793;2.429743017391445
946;111;4;1.79560354474939;1.79560354474939;2.134583771891912
947;155;4;1.805936896157112;1.805936896157112;1.8697368096475808
948;41;3;1.9036955759623135;1.9036955759623135;1.7591322732068269
949;111;4;1.7315821655319896;1.7315821655319896;1.8765057039679884
950;86;4;2.144054770326413;2.144054770326413;2.321344652527849
951;153;4;2.2209755573084364;2.2209755573084364;2.3444900649404827
952;134;4;2.040430835282269;2.040430835282269;2.148506045125
953;125;4;1.9151645471593055;1.9151645471593055;2.249029137429525
954;123;4;1.2873716431539486;1.2873716431539486;1.6127413844607912
955;139;4;1.5747044985142726;1.5747044985142726;1.9459078103642784
956;115;4;1.2886586885815625;1.2886586885815625;1.5914032095884276
957;148;4;1.9524758350391715;1.9524758350391715;2.276383489029952
958;124;3;1.9289755648846438;1.9289755648846438;2.2472078871583503
959;45;4;1.859471648933744;1.859471648933744;2.0813472371348523
960;115;4;1.9020439731443077;1.9020439731443077;2.1011963943905876
961;114;4;2.1748958526014572;2.1748958526014572;2.474572736433838
962;163;4;1.7415460103537495;1.7415460103537495;1.957323470036701
963;44;3;1.6891720140182664;1.6891720140182664;1.7056567450715157
964;126;4;1.2402537852229936;1.2402537852229936;1.5435754171353417
965;125;4;2.416826516839904;2.416826516839904;2.589497613284728
966;69;2;1.4835326827268842;1.4835326827268842;1.7249294014720793
967;64;3;2.328221152936535;2.328221152936535;2.1992517993898026
968;157;4;3.6443719318574805;3.6443719318574805;3.416707577034661
969;156;4;1.2795768323583345;1.2795768323583345;1.5534492465236034
970;106;4;2.1526891938730923;2.1526891938730923;2.3640177643597524
971;61;4;2.7353226957203387;2.7353226957203387;2.9034208544430697
972;58;3;2.087203712577623;2.087203712577623;2.257505818793957
973;67;3;1.3947380912318408;1.3947380912318408;1.6737419300212613
974;64;4;1.8774375157800915;1.8774375157800915;2.33122774420847
975;91;4;2.267789851523581;2.267789851523581;2.3496294582781903
976;93;4;1.4978339333855815;1.4978339333855815;1.6834456114387972
977;105;4;1.3994190285070867;1.3994190285070867;1.6747598166025286
978;83;3;2.0434603614665865;2.0434603614665865;2.124461357083829
979;70;3;1.9157499755194416;1.9157499755194416;2.108055362259837
980;45;3;1.9705154974954886;1.9705154974954886;2.0572465172652645
981;68;4;1.9909544331441522;1.9909544331441522;2.349009907278884
982;88;4;2.1149076405696614;2.1149076405696614;2.255928435323298
983;118;4;2.4166938391243358;2.4166938391243358;2.6051364841325495
984;92;4;2.9986471304719293;2.9986471304719293;2.9241702243511027
985;76;3;1.7862967977779478;1.7862967977779478;2.0269598285077444
986;107;3;2.6679486154224845;2.6679486154224845;2.5892324456669376
987;127;3;1.8945360895439516;1.8945360895439516;2.196660883031314
988;102;4;2.0494336259929313;2.0494336259929313;2.218874313543507
989;46;4;2.3241935384693804;2.3241935384693804;2.673661030274098
990;58;4;2.167775735760869;2.167775735760869;2.348168962464717
991;112;4;2.995451304018742;2.995451304018742;3.124105608461119
992;122;4;2.6869333936171182;2.6869333936171182;2.7795475450372398
993;137;4;2.001385480823981;2.001385480823981;2.275325164745536
994;126;3;2.392614523726593;2.392614523726593;2.5686876333087194
995;129;4;2.1950608963370466;2.1950608963370466;2.620341412176724
996;122;4;2.6877611528125884;2.6877611528125884;2.739226964231349
997;123;4;2.0522206644710383;2.0522206644710383;2.3251562888461597
998;112;4;1.886572710921325;1.886572710921325;2.0870315213762396
999;78;4;1.9113940217140035;1.9113940217140035;2.040215727856436
1000;95;4;2.6130081580152535;2.6130081580152535;2.6158923346575107
1001;138;3;3.335787134048252;3.335787134048252;3.1844864784980706
1002;134;4;1.7310504369342714;1.7310504369342714;1.8543025292248012
1003;29;3;1.6900386025609697;1.6900386025609697;1.664679709841947
1004;93;3;2.08198270744378;2.08198270744378;2.14622142121181
1005;88;4;1.6963052368507188;1.6963052368507188;1.889268702477931
1006;154;4;2.248663876081683;2.248663876081683;2.4187938657439934
1007;137;4;3.358466615350048;3.358466615350048;3.2433263866902404
1008;146;4;2.0143305214239517;2.0143305214239517;2.173169966468244
1009;37;3;1.8048195984718756;1.8048195984718756;1.7572617826510566
1010;128;3;3.778138662801215;3.778138662801215;3.2971134919761886
1011;118;4;3.479245703829673;3.479245703829673;3.3755602622288925
1012;132;4;2.2988219158819114;2.2988219158819114;2.4804283544740136
1013;159;4;2.250056630877073;2.250056630877073;2.39635170484565
1014;136;4;2.7416931564601312;2.7416931564601312;2.7500968423683116
1015;150;4;2.303046211648863;2.303046211648863;2.2575873628646175
1016;131;4;1.5259316769890292;1.5259316769890292;1.9072919328849567
1017;91;4;2.1600923265882406;2.1600923265882406;2.1547300556503886
1018;124;4;2.182243664883851;2.182243664883851;2.4410004318233747
1019;101;3;1.8122931803954692;1.8122931803954692;2.0679794076657787
1020;61;4;1.7667922510173877;1.7667922510173877;2.1382181609179494
1021;149;4;2.778745208862372;2.778745208862372;2.8994962191263443
1022;112;4;3.0876796240962427;3.0876796240962427;2.970932683598436
1023;89;3;1.9782274218507507;1.9782274218507507;2.016345619616248
1024;62;3;2.0100407339614756;2.0100407339614756;1.8147492984257487
1025;86;4;1.6445103362996603;1.6445103362996603;1.7916019098607654
1026;112;4;1.814496677715599;1.814496677715599;1.966212774671673
1027;70;2;1.430608080852048;1.430608080852048;1.6223592354269973
1028;106;4;2.087642216492047;2.087642216492047;2.197432303703432
1029;108;4;2.1360759273702477;2.1360759273702477;2.5517727640185774
1030;175;4;2.4553516787183365;2.4553516787183365;2.2585137051437636
1031;138;4;2.1166137592786267;2.1166137592786267;2.1457096026383358
1032;57;4;3.272817836588651;3.272817836588651;3.1502780371853163
1033;68;3;2.115320475438282;2.115320475438282;2.3599711626974034
1034;69;3;1.4003896707802872;1.4003896707802872;1.6404577987444064
1035;67;4;2.7213507943390622;2.7213507943390622;2.575912688461254
1036;91;4;1.5939653178955482;1.5939653178955482;1.802662657185359
1037;161;4;1.404318926826936;1.404318926826936;1.5671310280294044
1038;92;4;1.974748091456085;1.974748091456085;1.99175252146456
1039;65;3;2.02312694442289;2.02312694442289;2.178556902030683
1040;49;4;1.95447934521117;1.95447934521117;2.0658106194508803
1041;46;3;1.9320154793426112;1.9320154793426112;2.0027712418604176
1042;85;4;2.327430114754663;2.327430114754663;2.539637864148207
1043;103;4;2.9482144068469083;2.9482144068469083;2.770070955793386
1044;99;4;2.4110546072901085;2.4110546072901085;2.6494655690670523
1045;92;4;2.1311975948513013;2.1311975948513013;2.258607673103865
1046;75;3;1.9373548686347974;1.9373548686347974;2.136997800587762
1047;94;3;2.0177981549182493;2.0177981549182493;2.1084727644409127
1048;136;3;1.9357694169628852;1.9357694169628852;2.119777454373377
1049;95;3;1.9122389355768965;1.9122389355768965;2.1066420448174434
1050;52;4;3.0507267616938822;3.0507267616938822;2.9897854210962516
1051;69;4;2.3961115175272556;2.3961115175272556;2.5555532763704023
1052;130;4;2.9445055393660633;2.9445055393660633;3.1456034668318384
1053;133;3;3.0415148237921636;3.0415148237921636;2.8125421017782957
1054;120;4;2.0970264394458216;2.0970264394458216;2.3549013904746103
1055;124;3;2.311011205083976;2.311011205083976;2.5355680758427432
1056;136;4;2.1711558652331355;2.1711558652331355;2.598704637907285
1057;122;4;2.5002443999174915;2.5002443999174915;2.7092494525139
1058;129;4;3.5106238176044817;3.5106238176044817;3.197202805702118
1059;99;4;1.6052947597117158;1.6052947597117158;1.7802656995257198
1060;42;4;2.2482518862531395;2.2482518862531395;2.301050261845088
1061;111;4;2.6984922886402796;2.6984922886402796;2.8255062322238507
1062;130;4;1.9974966159966026;1.9974966159966026;2.2934085006936282
1063;181;4;3.414540487095231;3.414540487095231;3.1268182489653173
1064;29;3;1.703472394710515;1.703472394710515;1.6729880820747745
1065;110;4;1.8382385055697779;1.8382385055697779;2.07889685725671
1066;85;4;1.9372795533813307;1.9372795533813307;2.1724308541780175
1067;149;4;2.582271336188411;2.582271336188411;2.7474695373128104
1068;130;4;2.806714557607692;2.806714557607692;2.8001954226478216
1069;167;4;2.4487608280820563;2.4487608280820563;2.526056717504944
1070;30;3;1.7797650681440083;1.7797650681440083;1.7096227715881747
1071;142;3;3.176212064385609;3.176212064385609;2.9994099181461933
1072;130;4;3.5346813296709167;3.5346813296709167;3.3995422308101806
1073;153;4;1.8343486469715897;1.8343486469715897;2.051052150775395
1074;156;4;2.3016757638349623;2.3016757638349623;2.429838556594707
1075;117;4;2.499550697235007;2.499550697235007;2.606828404636572
1076;142;4;2.779121148475805;2.779121148475805;2.6270686104452166
1077;128;4;1.7560172806769276;1.7560172806769276;2.104722458314828
1078;97;4;2.4236262090446115;2.4236262090446115;2.417757602579582
1079;100;4;1.8635029991533394;1.8635029991533394;2.108170267610074
1080;111;3;1.739666074585245;1.739666074585245;2.0364270944669656
1081;57;4;1.7151109139092657;1.7151109139092657;2.104087394855417
1082;143;4;2.6296795037769147;2.6296795037769147;2.77834417230834
1083;107;4;3.554607872978432;3.554607872978432;3.257788214657406
1084;91;4;2.0127649800699468;2.0127649800699468;2.154050179084327
1085;50;3;1.896867247289723;1.896867247289723;1.7367778866147228
1086;103;4;1.7678691657437786;1.7678691657437786;1.9406282941276265
1087;96;4;1.9519147400054109;1.9519147400054109;2.0879613971155213
1088;69;3;1.3696051765312407;1.3696051765312407;1.652690122491155
1089;96;4;1.981112965448738;1.981112965448738;2.1142516465603833
1090;109;4;1.9091482625988783;1.9091482625988783;2.3074420463807104
1091;174;4;2.1466322499329653;2.1466322499329653;2.11275602108382
1092;120;4;2.1082187591375314;2.1082187591375314;2.2311955240105292
1093;63;4;4.552788180021923;4.552788180021923;4.14510086441945
1094;51;3;2.4534904035682783;2.4534904035682783;2.5730105891008503
1095;69;3;1.4319000770883858;1.4319000770883858;1.7075755280913092
1096;60;4;2.272739150547439;2.272739150547439;2.331929896371694
1097;85;4;2.015259231323766;2.015259231323766;2.0015731043650904
1098;147;4;1.5041806326852392;1.5041806326852392;1.6620551324088788
1099;89;4;2.0702582771966487;2.0702582771966487;2.0522707618794693
1100;53;3;2.4209941865336195;2.4209941865336195;2.438535896365985
1101;49;3;2.2101730331324694;2.2101730331324694;2.332020522391379
1102;47;3;1.773178810552111;1.773178810552111;1.8859138523982384
1103;76;4;1.9786525579284187;1.9786525579284187;2.318344375535112
1104;95;4;2.6264637385225833;2.6264637385225833;2.648074802896444
1105;104;4;2.322681593976471;2.322681593976471;2.6177445358970135
1106;92;4;2.2850352963449896;2.2850352963449896;2.387180999230858
1107;69;3;2.004445359023983;2.004445359023983;2.244838643830997
1108;95;3;2.3841356279203767;2.3841356279203767;2.4398524822116108
1109;141;4;2.094765683163192;2.094765683163192;2.2858572697076207
1110;96;4;1.8255431094798313;1.8255431094798313;2.0543471184521422
1111;48;4;2.493128717624015;2.493128717624015;2.7190491958887324
1112;59;3;2.140909218787785;2.140909218787785;2.5186804777252547
1113;131;4;2.9319989667198287;2.9319989667198287;3.1614536162223428
1114;135;3;2.9169849786253006;2.9169849786253006;2.753117944490113
1115;121;4;1.9756998149422285;1.9756998149422285;2.2636207690758416
1116;121;3;2.2527619355484294;2.2527619355484294;2.4873165099735624
1117;138;4;2.351712590328208;2.351712590328208;2.560065384450777
1118;123;4;2.6148042557017113;2.6148042557017113;2.893940128306116
1119;128;4;3.0541182303080623;3.0541182303080623;2.9440210796966495
1120;101;4;1.6475056419578733;1.6475056419578733;1.8186637682386182
1121;74;4;1.9237194229017436;1.9237194229017436;2.193741334982181
1122;108;4;3.0689967824121926;3.0689967824121926;3.2004766796159787
1123;123;4;1.9828325969516916;1.9828325969516916;2.1529353646134455
1124;167;4;3.297645712805069;3.297645712805069;2.9899154264895462
1125;29;3;1.7191440005260006;1.7191440005260006;1.6743771771981024
1126;102;4;1.5765468665904245;1.5765468665904245;1.7725194287652508
1127;84;4;1.8191189735159516;1.8191189735159516;2.0924845491017763
1128;124;4;1.9330194630371746;1.9330194630371746;2.1695259578253943
1129;151;4;1.9670016246652189;1.9670016246652189;2.3662399316830007
1130;155;4;2.699180483722591;2.699180483722591;2.5575026355921717
1131;33;3;1.6863986848051156;1.6863986848051156;1.711227421650356
1132;114;4;1.7222908271816117;1.7222908271816117;1.9024159789275155
1133;100;4;2.452345561223004;2.452345561223004;2.633670850784458
1134;156;4;1.8592836244606088;1.8592836244606088;2.0507072324924054
1135;131;4;2.1332802404071987;2.1332802404071987;2.186672310364571
1136;131;4;2.0094490006125127;2.0094490006125127;2.2756209716665685
1137;124;4;1.1252275254849644;1.1252275254849644;1.4422374282606716
1138;115;4;1.5236637697900868;1.5236637697900868;1.80322124805705
1139;108;4;1.1899112327284884;1.1899112327284884;1.4834163705927257
1140;123;4;2.1177186300861854;2.1177186300861854;2.436257462630872
1141;111;3;1.8999085601220607;1.8999085601220607;2.2663753622386333
1142;45;4;1.8587539863001479;1.8587539863001479;2.212508089827017
1143;117;4;2.2458562088187883;2.2458562088187883;2.2807762770221656
1144;99;4;2.000297996441824;2.000297996441824;2.287428218260757
1145;125;4;1.51126271682948;1.51126271682948;1.9178378511661007
1146;44;3;1.6697904694733179;1.6697904694733179;1.69897291415739
1147;129;4;1.2123570001416062;1.2123570001416062;1.5006306485399468
1148;110;4;1.902948801107473;1.902948801107473;2.1989718995420144
1149;69;2;1.5218593119620953;1.5218593119620953;1.7885678297852774
1150;67;3;2.241423796009101;2.241423796009101;2.1970164431431174
1151;95;4;2.168937774128614;2.168937774128614;2.362831339636464
1152;154;3;2.1156735532997857;2.1156735532997857;2.1740126049369275
1153;94;4;1.9860759585311345;1.9860759585311345;2.2018886744751516
1154;63;4;2.783312227350445;2.783312227350445;3.0342380664761506
1155;68;3;1.9359152348846873;1.9359152348846873;2.0926806508262747
1156;67;3;1.3858423576257508;1.3858423576257508;1.6596672842050422
1157;58;4;1.7301912046548726;1.7301912046548726;2.259860091251469
1158;86;4;2.1331685107215668;2.1331685107215668;2.185735154878928
1159;102;4;1.3619662566963764;1.3619662566963764;1.6176640541736007
1160;86;4;1.7092086303755296;1.7092086303755296;1.863436533150118
1161;91;3;2.1232833697804914;2.1232833697804914;2.2062448660599934
1162;68;3;1.8558915217155438;1.8558915217155438;2.0499230789853726
1163;44;3;1.8137765895331759;1.8137765895331759;1.9458997726363825
1164;64;4;1.9400078584378992;1.9400078584378992;2.246357402153635
1165;79;4;2.1723826399714987;2.1723826399714987;2.479294545253801
1166;99;4;2.298484217178918;2.298484217178918;2.479141421434656
1167;84;4;3.25392808585393;3.25392808585393;3.1685372595538617
1168;72;3;1.8519952198051077;1.8519952198051077;2.095808257266251
1169;98;3;2.174615074581434;2.174615074581434;2.244645022904963
1170;114;3;1.8043007362232435;1.8043007362232435;2.1529719332371973
1171;95;4;1.8404134249906314;1.8404134249906314;2.0709372271772906
1172;52;4;2.15664592575273;2.15664592575273;2.5955335394115617
1173;58;3;2.1558428954391986;2.1558428954391986;2.2666275642306863
1174;106;4;2.4891511984891768;2.4891511984891768;2.729206594746479
1175;128;4;2.7367721036545807;2.7367721036545807;2.8240391949781656
1176;138;4;2.0097877384866143;2.0097877384866143;2.3609860297971665
1177;141;4;2.084598546140974;2.084598546140974;2.4065479926149087
1178;130;4;2.3573556478920805;2.3573556478920805;2.763508539035178
1179;92;4;2.8660120510117117;2.8660120510117117;2.7861198206658497
1180;97;4;1.6544394978242;1.6544394978242;1.859035541135505
1181;107;4;1.8743180105324937;1.8743180105324937;2.0745898519619534
1182;69;4;2.0024021849127887;2.0024021849127887;2.1535510934866138
1183;98;4;2.2477248668148855;2.2477248668148855;2.2766131633994857
1184;147;3;2.5493693688223584;2.5493693688223584;2.5474557650191065
1185;126;4;1.6865809268473038;1.6865809268473038;1.8398480230459249
1186;29;3;1.7017629838465549;1.7017629838465549;1.7074065571302708
1187;91;3;2.023692346747897;2.023692346747897;2.1383567770913694
1188;89;4;1.543049980718388;1.543049980718388;1.7928520602693632
1189;115;4;1.9737270837619607;1.9737270837619607;2.1844299005078787
1190;166;4;2.37130134279097;2.37130134279097;2.6683183466433045
1191;155;4;2.3244570925234957;2.3244570925234957;2.319154008163027
1192;31;3;1.6849445116551887;1.6849445116551887;1.6915987143439715
1193;112;4;1.6328782196328884;1.6328782196328884;1.781712678993202
1194;88;4;1.9080856359385503;1.9080856359385503;2.2283758010837293
1195;144;4;2.014186737957663;2.014186737957663;2.2489721833740393
1196;125;4;2.480066032394106;2.480066032394106;2.3216273093538007
1197;144;4;2.4832868384446134;2.4832868384446134;2.4708799177682823
1198;114;4;1.1037295055382814;1.1037295055382814;1.435172783324131
1199;111;4;1.5765685376026932;1.5765685376026932;1.8250320079561757
1200;105;4;1.121685039662808;1.121685039662808;1.4424540460437985
1201;154;4;2.2384309575304537;2.2384309575304537;2.682096278724668
1202;115;3;1.8777946847179057;1.8777946847179057;2.236361821861411
1203;45;4;1.8662910032615792;1.8662910032615792;2.1918874344928216
1204;111;4;1.9307499088627595;1.9307499088627595;2.0704080069897137
1205;115;4;1.9170964762724065;1.9170964762724065;2.204966470303112
1206;133;4;1.5275527703300982;1.5275527703300982;1.8956228506957804
1207;45;3;1.7296758874595188;1.7296758874595188;1.7301770723578964
1208;110;4;1.206378159789108;1.206378159789108;1.5254870896477417
1209;140;4;1.847655716184895;1.847655716184895;2.1735399085003637
1210;70;2;1.5101082844893796;1.5101082844893796;1.710202417243785
1211;61;3;2.2824287557895535;2.2824287557895535;2.220980054015297
1212;117;4;2.6195162367112794;2.6195162367112794;2.7747323979449616
1213;143;4;1.6671175379102066;1.6671175379102066;1.840926180111345
1214;98;4;2.08946745869094;2.08946745869094;2.2898323055426766
1215;78;4;2.7119643045121564;2.7119643045121564;2.868043175048358
1216;83;3;2.069334666811832;2.069334666811832;2.1726379232737103
1217;67;3;1.3392903834530487;1.3392903834530487;1.6201226242972473
1218;52;4;1.7774414841702828;1.7774414841702828;2.2490158144413495
1219;73;4;2.4562695368564675;2.4562695368564675;2.42407605180249
1220;91;4;1.3813582404955005;1.3813582404955005;1.6572114149747463
1221;88;4;1.3545046008235981;1.3545046008235981;1.651429807150793
1222;100;3;2.1263696942626122;2.1263696942626122;2.2722865477745557
1223;69;3;1.7356603638132067;1.7356603638132067;1.9836811381820583
1224;42;3;1.9561551257836525;1.9561551257836525;2.0051274803627193
1225;59;4;2.047826444023574;2.047826444023574;2.2640493349195716
1226;68;3;2.1092428516871644;2.1092428516871644;2.4253126671418577
1227;95;4;2.1559423315097734;2.1559423315097734;2.391493625025949
1228;117;4;2.969159532110697;2.969159532110697;2.943915145464795
1229;116;3;1.9560223519171742;1.9560223519171742;2.1787917558642524
1230;97;3;2.011347488727193;2.011347488727193;2.0803052066069396
1231;105;3;1.8310416082948955;1.8310416082948955;2.0602974769597697
1232;87;3;1.9680179266129716;1.9680179266129716;2.12925053872253
1233;54;4;2.237996643982662;2.237996643982662;2.686311633813042
1234;69;4;2.3785940491165953;2.3785940491165953;2.3899826736745187
1235;96;4;2.683197131756353;2.683197131756353;2.83249338898658
1236;105;4;2.5979014245878482;2.5979014245878482;2.824668480034439
1237;136;4;2.1858735667760154;2.1858735667760154;2.3884672994235823
1238;153;4;2.209837912484103;2.209837912484103;2.430616568214937
1239;128;4;2.6620476947400995;2.6620476947400995;2.8048986088413947
1240;89;4;2.776519525295902;2.776519525295902;2.71249939713013
1241;97;4;1.6924283339009385;1.6924283339009385;1.9350903213729256
1242;115;4;2.145973301969777;2.145973301969777;2.330165408013725
1243;53;4;2.147139687298849;2.147139687298849;2.2917368383553347
1244;99;4;2.233551090921486;2.233551090921486;2.3035596904684583
1245;144;4;2.4095249169107524;2.4095249169107524;2.4006481125582644
1246;125;4;1.977240381143984;1.977240381143984;2.0480447405014153
1247;29;3;1.751365880394969;1.751365880394969;1.7349784726732373
1248;92;3;2.040316253663404;2.040316253663404;2.1695381806995386
1249;78;4;1.6090970648845755;1.6090970648845755;1.83654473128767
1250;116;4;2.077366658143235;2.077366658143235;2.2930983352545713
1251;165;4;2.2885375309220217;2.2885375309220217;2.580631033724711
1252;150;4;2.4007776812221273;2.4007776812221273;2.3618744716938656
1253;34;3;1.7165659957971566;1.7165659957971566;1.7116035168835773
1254;121;3;1.9689800513085542;1.9689800513085542;2.0680264860832676
1255;84;4;1.9414811292857852;1.9414811292857852;2.2852299535031966
1256;137;4;2.1943913108033946;2.1943913108033946;2.4344415178013987
1257;130;4;2.3422773141167044;2.3422773141167044;2.297031160631035
1258;139;4;2.4956413560136226;2.4956413560136226;2.56665336987979
1259;116;4;1.11224922490112;1.11224922490112;1.4325790418904325
1260;119;4;1.628295920064176;1.628295920064176;1.876844406976352
1261;98;4;1.128852692208667;1.128852692208667;1.4317515194076855
1262;155;4;2.1743584150017647;2.1743584150017647;2.5196956547909384
1263;105;3;1.8348385096674904;1.8348385096674904;2.1228179951805264
1264;44;4;1.8506478603820529;1.8506478603820529;2.2027123726736373
1265;111;4;1.9642297239488975;1.9642297239488975;2.1300628742227983
1266;111;4;2.0684769016716045;2.0684769016716045;2.4591490737934216
1267;138;4;1.6486219536113227;1.6486219536113227;1.9656521274870342
1268;42;3;1.8371811669957259;1.8371811669957259;1.7747492439974546
1269;110;4;1.3077039916387847;1.3077039916387847;1.5884005768844558
1270;138;4;1.9861400117150367;1.9861400117150367;2.3543263229561657
1271;70;2;1.4884696044348744;1.4884696044348744;1.6595732683363513
1272;66;3;2.162888157974704;2.162888157974704;2.1256042239475383
1273;101;4;2.3228888352462236;2.3228888352462236;2.523486184646802
1274;152;4;2.1172887551565815;2.1172887551565815;2.1924285473324936
1275;93;3;2.2092527888202222;2.2092527888202222;2.281286185437738
1276;81;4;2.7577260110685775;2.7577260110685775;2.807015747324588
1277;87;3;2.1186332378365935;2.1186332378365935;2.224860618973655
1278;67;3;1.3452627718082109;1.3452627718082109;1.6069108130037058
1279;60;4;1.7367024172870584;1.7367024172870584;2.2521381099391973
1280;88;4;2.255509761213315;2.255509761213315;2.3602711107266723
1281;93;4;1.3913523952926317;1.3913523952926317;1.6672877029204298
1282;85;4;1.3933421228476934;1.3933421228476934;1.6728145245805681
1283;101;3;2.124677827225018;2.124677827225018;2.260082370064841
1284;69;3;1.7275904816751873;1.7275904816751873;1.9452926235327885
1285;44;3;1.9055464720973834;1.9055464720973834;1.9840220766863566
1286;62;4;1.9992633867573295;1.9992633867573295;2.2778823654891664
1287;75;4;2.050659850548914;2.050659850548914;2.3814697963548985
1288;92;4;2.1198633619807783;2.1198633619807783;2.306881900673313
1289;97;4;3.2771845494412433;3.2771845494412433;3.120006515141661
1290;115;3;2.026032861052958;2.026032861052958;2.278615849587959
1291;98;3;2.133508239742193;2.133508239742193;2.1938060388338863
1292;110;3;1.8317446560092154;1.8317446560092154;2.0633941132325173
1293;90;4;1.8673132215581787;1.8673132215581787;2.113312135120623
1294;52;4;2.28768366324725;2.28768366324725;2.723694705628227
1295;65;3;2.2816541073810894;2.2816541073810894;2.321974462258186
1296;94;4;2.7663346601777103;2.7663346601777103;2.9022325562061493
1297;97;4;2.6775289272012754;2.6775289272012754;2.854743314417067
1298;135;4;2.117662604375905;2.117662604375905;2.32421968571867
1299;142;4;2.1615562035632907;2.1615562035632907;2.462389679143641
1300;124;4;2.5798557623584446;2.5798557623584446;2.94746893839225
1301;86;4;2.9236929580534436;2.9236929580534436;2.7761837075133715
1302;94;4;1.7241282802963696;1.7241282802963696;1.9317441991920736
1303;105;4;2.180371887163564;2.180371887163564;2.395765573452732
1304;47;4;2.3703098395640656;2.3703098395640656;2.4057880800258933
1305;100;4;2.196777258432804;2.196777258432804;2.268622579114066
1306;139;4;2.4394644460570665;2.4394644460570665;2.416594977839883
1307;108;4;2.1928933628875105;2.1928933628875105;2.1478407782805746
1308;29;3;1.8521608584695501;1.8521608584695501;1.7549679382149188
1309;92;3;2.035320887405159;2.035320887405159;2.1011009202106514
1310;88;4;1.606700776813029;1.606700776813029;1.841083822824111
1311;140;4;2.3448777304021338;2.3448777304021338;2.5369446556831616
1312;92;4;1.9336179394354123;1.9336179394354123;2.1488810770381854
1313;157;4;2.6330491059926513;2.6330491059926513;2.518230355594058
1314;35;3;1.7008749302310302;1.7008749302310302;1.7005784713352283
1315;116;4;1.8772254469288607;1.8772254469288607;2.0203943336639885
1316;89;4;2.5666083487032174;2.5666083487032174;2.5549482073558627
1317;159;4;2.1380465245653313;2.1380465245653313;2.2061697599283145
1318;157;4;2.2182654038649297;2.2182654038649297;2.2885224365521273
1319;97;4;1.84716656746932;1.84716656746932;2.0490250114874975
1320;123;4;1.5546721689693443;1.5546721689693443;1.851150191822908
1321;117;4;1.5346748721538725;1.5346748721538725;1.8690635039654029
1322;118;4;1.3825682185006845;1.3825682185006845;1.6779561883431304
1323;99;4;2.0231812945746284;2.0231812945746284;2.2764152212235262
1324;120;3;2.1616235056327455;2.1616235056327455;2.2082919912916377
1325;47;4;1.8370646875619632;1.8370646875619632;2.1132213653666354
1326;137;4;2.41521204241532;2.41521204241532;2.5268420647347454
1327;103;4;3.508222892352996;3.508222892352996;3.3998668637340455
1328;119;4;1.7892951854327004;1.7892951854327004;2.127220541861616
1329;40;3;1.7922387535849922;1.7922387535849922;1.706645037732368
1330;138;4;1.5073016455292203;1.5073016455292203;1.76893302544799
1331;91;4;2.0489229013593695;2.0489229013593695;2.2352945115016256
1332;69;3;1.5472355817581254;1.5472355817581254;1.767129487461557
1333;87;4;2.292115118190829;2.292115118190829;2.2688158097939217
1334;155;4;4.0659752073543665;4.0659752073543665;3.4027730542186996
1335;165;4;1.5636999362969393;1.5636999362969393;1.6894501622076907
1336;88;4;2.0055045910697378;2.0055045910697378;2.105063918780461
1337;49;4;3.5739693430389146;3.5739693430389146;3.601043279050629
1338;50;3;2.323405066653823;2.323405066653823;2.4088256665585632
1339;64;3;1.555331635390149;1.555331635390149;1.7545475212634942
1340;86;4;2.2347443031579504;2.2347443031579504;2.560944164921672
1341;97;4;1.85050322294211;1.85050322294211;2.045088109564176
1342;94;4;1.3594242268203722;1.3594242268203722;1.5697553147940422
1343;110;4;1.4060168907188726;1.4060168907188726;1.687269125237677
1344;49;3;2.570158599096818;2.570158599096818;2.4028508202501273
1345;57;3;2.363531919028826;2.363531919028826;2.36313560764427
1346;45;3;1.9911255882884387;1.9911255882884387;2.0304637807374903
1347;83;4;2.0383581749553508;2.0383581749553508;2.417723892201024
1348;83;4;2.6379747937622877;2.6379747937622877;2.701643319407616
1349;100;4;2.2638442261077767;2.2638442261077767;2.5274679520089927
1350;77;4;3.40995022091221;3.40995022091221;2.997005098905639
1351;67;3;1.978330368645419;1.978330368645419;2.199010059579254
1352;93;3;2.618751182600968;2.618751182600968;2.5639737559965723
1353;120;3;2.0037970097537987;2.0037970097537987;2.117488879743062
1354;105;4;1.987720767980285;1.987720767980285;2.1691086141070857
1355;60;4;2.3768145280250947;2.3768145280250947;2.768899191992666
1356;54;3;2.1641970223828464;2.1641970223828464;2.4898420881084307
1357;117;4;2.5022908772470336;2.5022908772470336;2.7413142540850215
1358;128;4;2.463961790191434;2.463961790191434;2.5985016352111803
1359;125;4;1.9969844556021843;1.9969844556021843;2.2145776448964747
1360;118;3;2.159853007098995;2.159853007098995;2.3877765022416972
1361;145;4;2.306474224318734;2.306474224318734;2.4171662504112534
1362;113;4;2.5364281711241192;2.5364281711241192;2.819317535471234
1363;129;4;2.1912605882413354;2.1912605882413354;2.473339545087204
1364;118;4;2.0076301200207745;2.0076301200207745;2.152569950288532
1365;80;4;1.8750133946986514;1.8750133946986514;2.1851960211514685
1366;109;4;2.7673238294465916;2.7673238294465916;2.9202798855917855
1367;123;3;3.1570185396093655;3.1570185396093655;3.0130728329771443
1368;140;4;1.9900917650237464;1.9900917650237464;2.070094089332201
1369;29;3;1.7045535049413214;1.7045535049413214;1.667231543219007
1370;93;3;2.047113602437991;2.047113602437991;2.1475725663536727
1371;94;4;1.6557035011174657;1.6557035011174657;1.887513711411209
