Skewness: 0.0, Average LID: LPCA: 3.5051020408163267  |||  MLE: 2.350659977152892  |||  MLENB: 2.350659977152892  |||  TLE: 2.612193985898447
LPCA: 0.1509195855141363  |||  MLE: 0.012513181528228707  |||  MLENB: 0.012513181528228707  |||  TLE: 0.008716359606394532
node;in_degree;local_intrinsic_dimensionality_LPCA;local_intrinsic_dimensionality_MLE;local_intrinsic_dimensionality_MLENB;local_intrinsic_dimensionality_TLE
0;15;4;2.1551769497923536;2.1551769497923536;2.5400995142696376
1;29;4;1.6602358454627353;1.6602358454627353;2.058624233048757
2;23;4;3.471331687424274;3.471331687424274;3.243887094750344
3;23;3;1.7050730650005905;1.7050730650005905;1.9244905314938712
4;15;4;0.37951896398933765;0.37951896398933765;2.398356167949131
5;15;4;3.7291338998518353;3.7291338998518353;2.894197611156502
6;30;4;2.079613095091453;2.079613095091453;2.495217471107932
7;21;3;1.286113650325297;1.286113650325297;1.7779173851310925
8;21;4;3.0338285529646614;3.0338285529646614;3.156609519670837
9;13;4;1.9209764043272994;1.9209764043272994;2.373069482458644
10;19;4;1.3741934622108691;1.3741934622108691;1.93509810996991
11;31;4;2.228045660597154;2.228045660597154;2.502631118444947
12;30;4;2.465809329871058;2.465809329871058;2.9192558279174223
13;14;4;1.5988813442228182;1.5988813442228182;1.948076789616741
14;19;4;1.5913677481520798;1.5913677481520798;2.025562853432502
15;15;3;2.5400121793598305;2.5400121793598305;2.71390488722297
16;22;4;1.6707746564949078;1.6707746564949078;2.275245697995632
17;12;4;1.388696107348412;1.388696107348412;1.9679939927830448
18;19;3;1.1468980632585593;1.1468980632585593;1.662943048591382
19;14;3;3.087393203986087;3.087393203986087;2.9532435845885856
20;13;4;3.6804171576282223;3.6804171576282223;2.986299538490921
21;15;4;0.0;0.0;2.3984167921292046
22;40;3;1.763658864458562;1.763658864458562;2.245654852867166
23;38;4;2.576651642555997;2.576651642555997;2.854314323714019
24;20;4;6.8249696415867005;6.8249696415867005;4.71585548936111
25;13;3;1.96838014338347;1.96838014338347;1.7408037854592546
26;14;3;2.666980116291993;2.666980116291993;2.9165703600985933
27;19;3;1.7956987171916488;1.7956987171916488;2.036343746431248
28;7;4;2.624550972217239;2.624550972217239;1.9585576010275176
29;14;4;2.507403797211371;2.507403797211371;2.6464190916609462
30;11;4;8.38448981966187;8.38448981966187;5.153160114073246
31;20;3;3.175918094023257;3.175918094023257;3.010687558996716
32;32;3;2.408944822366234;2.408944822366234;2.5840581650008465
33;19;3;1.7846017674275108;1.7846017674275108;1.9368541956735286
34;21;3;1.7652024509435114;1.7652024509435114;1.8430566055551896
35;25;4;2.9523849270398834;2.9523849270398834;3.540356932931539
36;20;4;2.184139550518217;2.184139550518217;2.500128516669435
37;34;4;2.795857053075625;2.795857053075625;3.389011131759073
38;10;2;2.86280728681236;2.86280728681236;2.9364512609527504
39;25;3;1.8434461766067916;1.8434461766067916;2.1874639367950732
40;16;3;4.278849393488727;4.278849393488727;3.6738471604010945
41;12;3;0.0;0.0;1.882278365333545
42;18;4;1.8873428449234988;1.8873428449234988;2.1099777741029646
43;21;3;2.12131264085365;2.12131264085365;2.4150026492210457
44;22;4;1.5951187447934185;1.5951187447934185;1.8253999473311697
45;11;4;0.0;0.0;1.9751901241526486
46;18;4;3.0773329463979864;3.0773329463979864;3.7231119644853474
47;11;4;0.0;0.0;1.9751901241526486
48;23;4;2.864161502647265;2.864161502647265;3.1411991798416463
49;28;3;3.3902933542426803;3.3902933542426803;3.6892856807475045
50;15;3;2.145114593443903;2.145114593443903;2.5567893949170677
51;15;3;1.5193490837533075;1.5193490837533075;1.9319225357621497
52;18;4;3.0505563789667223;3.0505563789667223;3.142487829044992
53;23;4;3.7831696113317674;3.7831696113317674;3.886295301909722
54;19;3;3.1015889252149136;3.1015889252149136;2.7779129175620922
55;18;4;5.8478389607254675;5.8478389607254675;4.710869523230323
56;26;4;1.7395280682440215;1.7395280682440215;2.02973532496728
57;20;2;1.970812775899761;1.970812775899761;1.9934854257231744
58;19;4;2.3330481075189478;2.3330481075189478;2.6304381526894285
59;17;3;2.5743184820688434;2.5743184820688434;2.847307656165564
60;21;4;3.0613689776306683;3.0613689776306683;3.221441715399337
61;22;3;1.6757887421911288;1.6757887421911288;2.0241262687339394
62;15;4;2.408798310943521;2.408798310943521;2.8528766549257614
63;3;4;4.65525232230766;4.65525232230766;2.86791844958922
64;14;3;1.859071351297616;1.859071351297616;1.9758467211806805
65;23;3;2.0093261070868005;2.0093261070868005;2.37758623773024
66;14;3;3.4945448023258434;3.4945448023258434;3.5993236545121925
67;12;3;1.504209090173426;1.504209090173426;2.1038862562592557
68;31;4;2.9818169286194354;2.9818169286194354;3.0871397476144966
69;33;4;3.228185169042835;3.228185169042835;3.000591207512798
70;28;4;3.014336294158356;3.014336294158356;2.947969159706404
71;28;4;3.0395903678330076;3.0395903678330076;3.6480093103378977
72;22;3;3.921657613217058;3.921657613217058;3.013022564912239
73;18;3;2.318100974262067;2.318100974262067;2.5056833631875217
74;21;4;3.872630775390589;3.872630775390589;3.695765472177986
75;20;4;2.233188789317749;2.233188789317749;2.5296743583402583
76;12;3;3.96555336311964;3.96555336311964;3.4037374959790876
77;25;3;2.782058190631429;2.782058190631429;2.8827093273265896
78;16;4;2.1423288268058633;2.1423288268058633;2.367669957268236
79;15;3;3.7132393101338996;3.7132393101338996;3.3166867563990814
80;21;4;1.361579498580945;1.361579498580945;1.7196720788658313
81;21;4;3.0285004043470996;3.0285004043470996;3.215627525535263
82;17;4;1.7750394703863135;1.7750394703863135;2.0524829681527863
83;27;4;1.9319685972341005;1.9319685972341005;2.467276447863635
84;19;4;2.15487107307449;2.15487107307449;2.1956075315288297
85;26;4;1.8110329382192332;1.8110329382192332;1.9605619496380315
86;11;3;1.2972469521150198;1.2972469521150198;1.7370716396074144
87;30;4;3.0681082633699637;3.0681082633699637;3.1355278573804592
88;27;4;1.581029667762267;1.581029667762267;1.9782597848069126
89;24;4;3.776960222568502;3.776960222568502;4.000378045442232
90;13;4;5.578645236727172;5.578645236727172;3.82353669904273
91;18;4;1.9838974160830738;1.9838974160830738;2.1877494547711906
92;30;4;2.8258662021468455;2.8258662021468455;2.974159843512815
93;15;3;1.6772699194621152;1.6772699194621152;1.9100087362371572
94;18;4;3.375546567214209;3.375546567214209;3.239439314765428
95;8;3;3.2756428133194726;3.2756428133194726;2.368184593084983
96;12;4;4.203155831784333;4.203155831784333;3.4525062619147993
97;11;3;1.2642941045070901;1.2642941045070901;1.7971495922011214
98;21;3;2.633387650343184;2.633387650343184;2.6340173856077627
99;24;4;2.4323581668768486;2.4323581668768486;2.6958873952948426
100;12;3;2.717074374866608;2.717074374866608;2.477517439129269
101;10;4;3.390011808392462;3.390011808392462;2.925754040617996
102;10;4;1.8083815437031026;1.8083815437031026;2.3953551312116725
103;31;4;2.0949553423142913;2.0949553423142913;2.4385587668427124
104;34;4;2.884440593360023;2.884440593360023;3.2298610911883405
105;12;4;2.1510410155204176;2.1510410155204176;2.593684977005088
106;22;3;2.7375625169177873;2.7375625169177873;2.749320876794949
107;6;4;0.0;0.0;4.336266986483602
108;15;3;3.6645154518853196;3.6645154518853196;3.098626805184549
109;12;3;1.693423358225128;1.693423358225128;2.365990846572457
110;28;4;2.6549234832287163;2.6549234832287163;2.5918198107528587
111;17;4;3.4087092046757297;3.4087092046757297;3.224395447944382
112;16;3;3.594126775878571;3.594126775878571;3.065185409782253
113;10;4;3.3236774795668795;3.3236774795668795;2.9919376512036067
114;18;4;4.927909346533584;4.927909346533584;4.359194021740799
115;8;4;3.614055725976617;3.614055725976617;2.7084791512142408
116;16;4;3.2216147543044267;3.2216147543044267;3.2846738091335754
117;19;3;1.9437831785454942;1.9437831785454942;2.0664473661289033
118;10;4;2.6640774295209853;2.6640774295209853;2.60127406964552
119;17;3;0.0;0.0;2.541429529889892
120;18;3;6.085479081427096;6.085479081427096;4.261863194726708
121;33;4;2.8503340327627993;2.8503340327627993;2.9821891006225174
122;17;3;2.0431365275839686;2.0431365275839686;2.27445680999228
123;12;3;1.2271590700381347;1.2271590700381347;1.7568316064190945
124;23;3;2.4772165559285164;2.4772165559285164;2.6420002348406304
125;21;4;2.4279223060304496;2.4279223060304496;2.698654566151484
126;12;3;2.6900936628616923;2.6900936628616923;2.668567560359783
127;24;4;2.9648286618424433;2.9648286618424433;2.895125617644031
128;15;3;2.8988745392195425;2.8988745392195425;2.9089580174342613
129;29;4;4.4055012574135795;4.4055012574135795;4.1169033483653585
130;24;4;1.8043754206405114;1.8043754206405114;2.217956592156196
131;14;4;1.7020468325749538;1.7020468325749538;1.9371801853334696
132;15;4;1.5123106916715279;1.5123106916715279;1.9004063439620678
133;20;3;1.6507063965098998;1.6507063965098998;1.9880391639712076
134;22;3;2.4248398741469335;2.4248398741469335;2.4957964484560144
135;15;4;2.949686922686573;2.949686922686573;2.795292451967174
136;10;4;2.7792696324720656;2.7792696324720656;2.5832244759689837
137;24;4;1.9835956111592128;1.9835956111592128;2.1229217453893443
138;16;4;2.4585560439663277;2.4585560439663277;2.6925462001368565
139;12;3;0.0;0.0;1.882278365333545
140;17;4;1.7917969200580048;1.7917969200580048;2.395353714274775
141;15;4;3.26858703917129;3.26858703917129;3.2062909991488397
142;11;3;3.2469023328596065;3.2469023328596065;3.0301505331424035
143;20;3;3.817868882956044;3.817868882956044;4.267804874821042
144;46;3;1.682976948257913;1.682976948257913;2.0886720167040456
145;13;4;0.0;0.0;3.473285706625226
146;34;4;2.8652988939431325;2.8652988939431325;3.3736319916343653
147;16;4;2.0943216341864117;2.0943216341864117;2.410597957886081
148;23;4;2.620388372521699;2.620388372521699;2.8953804226366975
149;26;4;3.037187883806883;3.037187883806883;3.1380294705687315
150;24;4;1.8873694070395082;1.8873694070395082;2.3358897303083377
151;21;4;1.6378472628895229;1.6378472628895229;1.9755168966579166
152;15;4;1.8828771394134645;1.8828771394134645;2.565134036380902
153;11;4;3.367777041015947;3.367777041015947;3.0254572635181174
154;25;4;2.383540712846186;2.383540712846186;2.6481327872576905
155;14;4;2.3206903708188147;2.3206903708188147;2.6777476557880777
156;15;4;1.809435979330018;1.809435979330018;2.383921460286472
157;28;3;2.641943321732473;2.641943321732473;2.827767824940713
158;25;3;3.4695365711312425;3.4695365711312425;3.0533820617280303
159;18;3;2.4010278163417538;2.4010278163417538;2.757124563459726
160;13;3;1.5913402902105065;1.5913402902105065;1.997936403020121
161;22;4;2.573545749109255;2.573545749109255;2.6361165665179107
162;16;3;3.057796224823445;3.057796224823445;3.0838469198325686
163;13;3;2.1816229906373446;2.1816229906373446;2.3311556865295606
164;17;4;1.7738058441953857;1.7738058441953857;2.19084273240934
165;31;4;2.438597895712663;2.438597895712663;2.3643866305124797
166;27;4;2.252918852447157;2.252918852447157;2.4335575301158707
167;11;4;4.7724483102276;4.7724483102276;4.689167218658479
168;36;4;2.6968801808352145;2.6968801808352145;3.0352309487715994
169;8;4;5.38532739601677;5.38532739601677;4.754360652601797
170;15;4;0.0;0.0;2.7380797734672466
171;21;4;2.0231601598212556;2.0231601598212556;2.2039678306099173
172;17;3;2.3165681267928373;2.3165681267928373;2.1416640231416584
173;32;4;2.3390296677132705;2.3390296677132705;2.501743069036295
174;28;3;2.417218072105732;2.417218072105732;2.5239354609477815
175;33;3;2.268915863496096;2.268915863496096;2.5733821759906776
176;13;3;1.738380586501635;1.738380586501635;2.1629010536228717
177;16;4;2.256760853440997;2.256760853440997;2.550063073423866
178;11;3;1.4579386350403905;1.4579386350403905;1.8273634672624899
179;16;3;1.4727346076986427;1.4727346076986427;2.0925741105094358
180;12;4;2.1725498839764006;2.1725498839764006;2.2764208328693583
181;12;3;1.474880551117406;1.474880551117406;1.8119837365716729
182;19;3;1.6714641361084885;1.6714641361084885;1.846650458789852
183;18;4;4.739710710240167;4.739710710240167;3.8958461128460207
184;24;4;2.6912913414983004;2.6912913414983004;2.871498919951837
185;32;4;5.8298970293085555;5.8298970293085555;4.787532415106313
186;24;4;1.704230119151148;1.704230119151148;2.1476781876275166
187;25;4;2.8273778254235338;2.8273778254235338;2.8635688784302826
188;23;3;3.598501991450109;3.598501991450109;3.8021443988539083
189;26;3;2.428791145201071;2.428791145201071;2.7133103362327198
190;18;3;0.0;0.0;2.541429529889892
191;31;3;1.5538578831326502;1.5538578831326502;1.8041968323971507
192;24;3;3.430141100812852;3.430141100812852;3.214595162302545
193;19;3;3.870559935631797;3.870559935631797;3.3457817079456698
194;12;3;1.2149874313797064;1.2149874313797064;1.6635592195363724
195;6;4;0.0;0.0;4.336266986483602
196;19;4;2.316931645999122;2.316931645999122;2.393721306457383
197;13;4;1.9694351242475991;1.9694351242475991;2.902359756750084
198;15;4;2.1675137912659825;2.1675137912659825;2.296626827953308
199;11;3;1.587119100766649;1.587119100766649;2.1519060939632793
200;20;4;1.4895313899069074;1.4895313899069074;1.8185773883227514
201;36;4;3.225167636605663;3.225167636605663;3.2734848179230776
202;11;4;0.523561869492124;0.523561869492124;1.9751941170496334
203;44;3;1.851514101235281;1.851514101235281;2.186689819401033
204;15;4;2.5437297650259145;2.5437297650259145;2.668105832649514
205;21;3;1.5821493677272345;1.5821493677272345;2.254059356796439
206;13;3;2.298906493218426;2.298906493218426;2.4706870669243655
207;19;4;1.6505733092158872;1.6505733092158872;1.9563117551758111
208;32;4;2.727738590801925;2.727738590801925;2.8929107687470923
209;21;4;2.4850384662013787;2.4850384662013787;2.986736656114614
210;10;4;5.729264221271966;5.729264221271966;4.191208039912155
211;15;3;2.217642424542117;2.217642424542117;2.144156336012014
212;15;4;3.559632767213813;3.559632767213813;2.726672937629682
213;14;3;2.186602884210824;2.186602884210824;2.6136349921774062
214;35;4;2.1871627150158712;2.1871627150158712;2.574411544385359
215;12;3;2.4296162146914644;2.4296162146914644;2.2629803729817612
216;10;4;2.6542799451483017;2.6542799451483017;2.661235721252902
217;25;4;2.0374076726775434;2.0374076726775434;2.8430438752883758
218;18;3;1.7453443509533018;1.7453443509533018;2.0055942085683194
219;17;3;0.0;0.0;2.5524296477075645
220;17;4;2.5238434237870213;2.5238434237870213;2.6030174817744696
221;29;3;2.960632167499955;2.960632167499955;3.046868228398638
222;20;4;1.6301513438575435;1.6301513438575435;2.1454013859467675
223;21;4;4.516258350953874;4.516258350953874;4.292372082367915
224;5;3;6.691071059145171;6.691071059145171;4.395395658273647
225;11;3;1.9924475621457742;1.9924475621457742;2.233563178135593
226;15;4;0.0;0.0;2.7380797734672466
227;17;4;0.0;0.0;3.9562946650982447
228;11;4;2.977537342527843;2.977537342527843;2.5062563161384643
229;14;4;2.5261408782107115;2.5261408782107115;2.3947147901356587
230;13;3;1.2798827442959309;1.2798827442959309;1.7759837972451502
231;22;4;1.9932623489318686;1.9932623489318686;2.269292627829518
232;31;4;2.579509192338361;2.579509192338361;3.062968920565613
233;29;4;1.6833154974531155;1.6833154974531155;1.8497097921047094
234;26;4;2.0608612829309756;2.0608612829309756;2.505868786929132
235;23;3;2.7638187764914663;2.7638187764914663;2.900633087336347
236;18;3;2.511329257833268;2.511329257833268;2.714848963656562
237;13;4;2.7896453470181206;2.7896453470181206;2.780734733385052
238;37;4;2.8166944702674015;2.8166944702674015;3.2196990749462415
239;12;3;1.5019919414386804;1.5019919414386804;2.0176212726345315
240;26;4;2.024328873401246;2.024328873401246;2.255829801412421
241;17;3;1.16880070785612;1.16880070785612;1.585179341948691
242;20;4;4.620542393770914;4.620542393770914;4.284885277507357
243;27;4;2.804454519133782;2.804454519133782;2.9707863684533664
244;22;4;2.0721551675010423;2.0721551675010423;2.348004151482317
245;25;4;1.7766220501671157;1.7766220501671157;2.198376697792901
246;21;4;1.8559812978842805;1.8559812978842805;2.362745572005338
247;19;4;2.3762185018237028;2.3762185018237028;3.0194749694988103
248;10;3;0.0;0.0;3.039719904010996
249;38;4;2.528163164921839;2.528163164921839;2.8128547653759837
250;17;3;2.3907119487546344;2.3907119487546344;2.4109127078758563
251;26;4;1.3377802071941165;1.3377802071941165;1.8864456901575979
252;30;4;2.1587171735414583;2.1587171735414583;2.2439609452710783
253;15;3;1.4308285594251602;1.4308285594251602;1.801715190305658
254;16;4;2.8663630483527722;2.8663630483527722;3.076405590349508
255;16;3;1.8902703732014268;1.8902703732014268;1.9819545636101132
256;17;4;2.6624361261069716;2.6624361261069716;2.631739596411722
257;13;3;2.043602249538801;2.043602249538801;2.278183012655285
258;32;4;3.232361879563235;3.232361879563235;3.401787310838401
259;20;3;2.887296086733151;2.887296086733151;3.1971958106206664
260;19;4;3.1734754010690427;3.1734754010690427;3.2714713775812947
261;31;4;2.3019035383140483;2.3019035383140483;2.3874387181017815
262;30;4;4.836565746330586;4.836565746330586;4.3160190602679025
263;16;4;4.281847969770258;4.281847969770258;3.4461781335767787
264;26;4;2.892869261729947;2.892869261729947;3.4754059382219658
265;19;3;4.079229460768925;4.079229460768925;3.6729546127055923
266;8;4;2.300865212171213;2.300865212171213;2.2334807798997067
267;27;3;2.3554713784832217;2.3554713784832217;2.5092127498176233
268;16;3;0.0;0.0;2.541429529889892
269;20;3;1.867489447892745;1.867489447892745;2.3694633929911264
270;18;3;1.8935177062700568;1.8935177062700568;1.970802448445313
271;12;4;3.3642237322652346;3.3642237322652346;3.1715811523343964
272;11;4;3.6212276407355426;3.6212276407355426;3.3662977009561206
273;27;3;1.8538531626578183;1.8538531626578183;2.157831303226359
274;13;4;1.8094742090284857;1.8094742090284857;2.508781838451694
275;25;4;2.649654854848149;2.649654854848149;2.834816781775952
276;14;4;3.460567656946442;3.460567656946442;3.177050845529133
277;22;3;1.1642304147100955;1.1642304147100955;1.664909669420897
278;14;4;3.805994249452523;3.805994249452523;3.013955144808224
279;27;4;1.976164249030466;1.976164249030466;2.6401001626226965
280;24;3;1.6400004658960892;1.6400004658960892;2.186526681127211
281;30;4;1.6493353349964541;1.6493353349964541;1.9401382483485852
282;23;4;2.229426239396435;2.229426239396435;2.395121332367781
283;17;4;1.3673321531877827;1.3673321531877827;1.8267661632097254
284;18;3;0.0;0.0;2.5524296477075645
285;25;3;1.658728335957822;1.658728335957822;1.8799550156402511
286;13;3;1.3625893145530454;1.3625893145530454;1.8436706157400922
287;12;3;1.1803293917486635;1.1803293917486635;1.8283243696915439
288;11;3;1.597725421305106;1.597725421305106;2.1539137732375178
289;18;4;4.299409564675427;4.299409564675427;4.290452865818913
290;18;4;2.876731750549426;2.876731750549426;2.912284947398764
291;14;4;1.230222271581965;1.230222271581965;1.7046421373919571
292;24;4;2.1309926488197632;2.1309926488197632;2.453631620106616
293;32;4;2.7867670049779445;2.7867670049779445;3.2884796570362465
294;21;4;2.6689574582123674;2.6689574582123674;2.554887273674124
295;22;4;4.517689437352432;4.517689437352432;4.515847001713048
296;10;4;4.096315923902831;4.096315923902831;4.307508464077294
297;33;4;2.8180791049838647;2.8180791049838647;3.2721054578256084
298;24;4;1.9776598484332268;1.9776598484332268;2.607050480860059
299;22;4;1.8340332242172972;1.8340332242172972;2.0303962804818623
300;15;4;0.0;0.0;2.3984167921292046
301;20;4;2.3237428330867855;2.3237428330867855;2.5226325593711914
302;25;4;3.863574681443146;3.863574681443146;3.5714280555014732
303;22;4;1.4449353255017332;1.4449353255017332;1.8265665135018352
304;25;3;2.574442498570023;2.574442498570023;2.3472287821304016
305;29;4;3.367741657818513;3.367741657818513;3.113163259828766
306;20;3;4.419500407748684;4.419500407748684;3.5699822396762597
307;17;3;1.155629522616591;1.155629522616591;1.692754970613985
308;32;4;3.353635041467101;3.353635041467101;2.9657951343165285
309;35;3;2.938180580300585;2.938180580300585;3.0367363863957504
310;31;4;2.1144489079864055;2.1144489079864055;2.316536703215351
311;9;3;2.5166646065078804;2.5166646065078804;2.5848858595154725
312;26;3;2.894123701558337;2.894123701558337;2.877175301917879
313;4;4;4.684937330639873;4.684937330639873;3.6919448080022685
314;19;4;2.3318651584142724;2.3318651584142724;2.5206847698405865
315;15;4;0.0;0.0;2.3984167921292046
316;18;3;1.6293027872284518;1.6293027872284518;2.0573880187828326
317;10;4;2.7479997992457847;2.7479997992457847;2.795512691720522
318;26;3;1.4560107087282108;1.4560107087282108;1.8452692179139198
319;17;3;4.745323240576762;4.745323240576762;4.192049043500266
320;18;4;0.0;0.0;3.473285706625226
321;19;4;2.063916127912592;2.063916127912592;2.4675862702232227
322;11;3;1.315289396871657;1.315289396871657;1.6347486237550002
323;35;3;1.72794793098068;1.72794793098068;2.0570675094288564
324;20;4;2.2127064661915226;2.2127064661915226;2.5742504808863265
325;21;4;2.465705577977116;2.465705577977116;2.706841775526299
326;16;3;7.120866539731521;7.120866539731521;4.390793860883934
327;4;4;5.001111773386667;5.001111773386667;2.9017620070271657
328;30;4;4.316890256159377;4.316890256159377;4.3497979531059405
329;26;3;2.5666377469929795;2.5666377469929795;2.811561307709081
330;20;3;2.5972269505179337;2.5972269505179337;2.751860104768446
331;25;4;2.496453873761188;2.496453873761188;2.9156339000600453
332;28;4;2.962103476490831;2.962103476490831;3.3365349359758674
333;13;4;3.2774193355940913;3.2774193355940913;3.1258741579905958
334;21;4;4.347112223912481;4.347112223912481;4.509378496717167
335;13;4;1.7320804728370536;1.7320804728370536;2.12523294940973
336;10;4;2.1670015576941832;2.1670015576941832;2.3273910129442883
337;15;3;2.3564380969665484;2.3564380969665484;2.661572561044981
338;21;3;1.9774070201796379;1.9774070201796379;2.4492569641643547
339;20;3;2.1467274238598004;2.1467274238598004;2.3479201476110205
340;26;4;2.996375497284184;2.996375497284184;3.1004149464673674
341;16;4;2.0024798264057186;2.0024798264057186;2.4705036223673416
342;34;4;2.8096643792659326;2.8096643792659326;3.102687018459962
343;11;3;1.123830393744729;1.123830393744729;1.7450081251203817
344;24;4;1.8912883684569743;1.8912883684569743;2.317272259078054
345;7;4;0.0;0.0;4.336266986483602
346;27;4;3.3973029947198774;3.3973029947198774;3.6006292016660653
347;17;4;3.2950441143145808;3.2950441143145808;3.414295219969568
348;36;4;2.3019269948610575;2.3019269948610575;2.383653468222986
349;1;2;9.51821445383046;9.51821445383046;3.772664894454771
350;27;4;2.1236746845174164;2.1236746845174164;2.293062183246784
351;15;4;0.0;0.0;3.473285706625226
352;15;4;0.0;0.0;2.3984167921292046
353;21;3;1.6128186789272212;1.6128186789272212;1.8665417763041134
354;16;3;2.6411105539600923;2.6411105539600923;2.538938369696755
355;17;2;1.662462286052307;1.662462286052307;1.8868483112760586
356;21;4;1.4994991726223923;1.4994991726223923;1.8972212421735029
357;20;4;1.6379349310566147;1.6379349310566147;1.9889901360272413
358;13;3;1.4664247749836108;1.4664247749836108;2.1758435415858126
359;39;4;2.6525631790667923;2.6525631790667923;2.9147545195050353
360;30;4;2.9477984787094575;2.9477984787094575;2.7165047828745705
361;34;4;2.572791123978634;2.572791123978634;2.866856118194318
362;13;3;2.8384464763875537;2.8384464763875537;3.3275795099287926
363;14;4;5.399829976134786;5.399829976134786;5.15762772827321
364;14;3;1.3121109356043867;1.3121109356043867;1.7511839390492638
365;22;4;5.073785409436926;5.073785409436926;4.802790525570422
366;29;4;3.088014868296671;3.088014868296671;3.1842554834696633
367;13;4;2.435091877064615;2.435091877064615;2.5481480663052465
368;26;4;4.766413088409968;4.766413088409968;4.158062150641814
369;6;4;5.8244137196328545;5.8244137196328545;5.08505163241105
370;23;3;1.6966960101237472;1.6966960101237472;2.099319179199322
371;25;3;3.271213368709842;3.271213368709842;3.4985175811173823
372;10;3;1.6811391335568853;1.6811391335568853;2.106752035313422
373;18;4;2.8698883863428537;2.8698883863428537;2.8233819565937828
374;25;4;4.428538171211002;4.428538171211002;3.6226537124258904
375;17;3;1.288723314712841;1.288723314712841;1.8773495588816616
376;15;4;4.289974193194771;4.289974193194771;3.4703819170841252
377;32;4;2.251813180700962;2.251813180700962;2.678582590203637
378;16;3;3.450260580872471;3.450260580872471;2.80433901699199
379;25;4;3.3659484391339003;3.3659484391339003;3.154128399386196
380;32;3;2.501182976801989;2.501182976801989;2.679857977119094
381;13;4;1.9758245732578692;1.9758245732578692;2.195663374353584
382;13;4;1.5067839821386173;1.5067839821386173;2.0818878263577876
383;33;3;1.527424638334764;1.527424638334764;1.7602785202821143
384;20;3;1.0946592602622036;1.0946592602622036;1.688650911193173
385;28;4;2.6949524595618635;2.6949524595618635;3.0529189236488774
386;19;4;1.876911521484343;1.876911521484343;2.2238452429946105
387;17;4;3.246425433219639;3.246425433219639;3.167351249623198
388;23;4;1.504305190247837;1.504305190247837;1.8720063584279336
389;22;3;2.2692190612328322;2.2692190612328322;2.4026155525132076
390;20;4;5.890760432892618;5.890760432892618;5.8239650644961465
391;28;4;3.583870690521145;3.583870690521145;3.85719381916134
392;25;3;1.7250171106224745;1.7250171106224745;2.05516374720325
393;32;3;2.1601992356748947;2.1601992356748947;2.161641428566182
394;14;3;1.2240995597949245;1.2240995597949245;1.7164798409976405
395;2;4;10.365117165300694;10.365117165300694;6.010561216165752
396;21;4;1.7021846453444354;1.7021846453444354;2.2717663862448885
397;15;3;2.6185771280840804;2.6185771280840804;2.560251606828764
398;15;4;4.098846242241545;4.098846242241545;4.271865808539796
399;11;4;2.395432648461719;2.395432648461719;2.6463510793174567
400;27;4;2.1293853843829558;2.1293853843829558;2.3758698534077274
401;27;3;3.068945466424118;3.068945466424118;2.7805890388570322
402;15;3;2.5054444849810262;2.5054444849810262;2.4715336671325447
403;14;4;2.817025530885155;2.817025530885155;3.276065567400908
404;10;3;0.0;0.0;3.039719904010996
405;15;4;2.4904338939641453;2.4904338939641453;2.8022463179365165
406;16;3;1.9129992217105265;1.9129992217105265;2.1186064727229112
407;24;3;2.7104149238048016;2.7104149238048016;2.87038184017835
408;40;4;2.1128142977532356;2.1128142977532356;2.9381295287208506
409;16;4;2.458893867123847;2.458893867123847;2.782068831918934
410;21;4;1.5740999059542602;1.5740999059542602;1.9750120558931332
411;39;4;3.2201843543880213;3.2201843543880213;3.6011616251589644
412;23;4;1.8344589989155502;1.8344589989155502;2.1427116200274883
413;6;4;3.5992014418989857;3.5992014418989857;2.851051366689208
414;16;4;2.9362258084556023;2.9362258084556023;2.5218397522107026
415;22;4;2.172815608877641;2.172815608877641;2.4101841543883005
416;18;4;2.5942037841409262;2.5942037841409262;3.0277728431193065
417;25;3;2.7889932741258843;2.7889932741258843;3.0566960870389206
418;14;3;1.422216084080022;1.422216084080022;1.9308378945212148
419;24;2;1.7842138041736544;1.7842138041736544;1.9292583155623613
420;22;4;2.5202471674986753;2.5202471674986753;2.7369858014009214
421;21;3;1.3559773850163372;1.3559773850163372;1.6510641198739344
422;22;4;4.468940084983058;4.468940084983058;4.284439360184365
423;18;3;1.872882303677315;1.872882303677315;2.009399128626663
424;17;3;1.4987205248970912;1.4987205248970912;1.6629228892905352
425;22;3;1.1881896218809527;1.1881896218809527;1.7334334909005444
426;32;4;3.0771016595695415;3.0771016595695415;3.0384258475104744
427;17;3;0.0;0.0;2.5524296477075645
428;4;4;3.423832964008645;3.423832964008645;2.7229538279005183
429;19;3;1.9126154367337158;1.9126154367337158;2.369484485273957
430;16;4;4.160632664539979;4.160632664539979;4.340919233259229
431;17;3;2.1725683356456567;2.1725683356456567;2.2313670385343594
432;16;4;1.9112074275452005;1.9112074275452005;2.1494147935153554
433;15;3;1.4830010643135523;1.4830010643135523;2.007873817383361
434;12;4;1.726485910535378;1.726485910535378;1.9806418244742297
435;17;4;1.3287693699945762;1.3287693699945762;1.8821100281990117
436;10;3;0.0;0.0;3.039719904010996
437;27;3;2.196014355624347;2.196014355624347;2.3503239360515153
438;24;4;1.861206339162176;1.861206339162176;2.3107701689625904
439;18;3;1.519823146880348;1.519823146880348;2.166228640404183
440;18;4;2.434540825383455;2.434540825383455;2.972890257287234
441;14;3;1.160952771774592;1.160952771774592;1.7758838822874172
442;33;3;2.0959543059087324;2.0959543059087324;2.282824894707884
443;30;4;1.6925916145593451;1.6925916145593451;2.1063450841119407
444;17;3;1.9157515635965048;1.9157515635965048;2.2759541168954485
445;20;3;3.2532956156997845;3.2532956156997845;3.0983518728505275
446;19;4;2.369384559019267;2.369384559019267;2.380417243517221
447;23;4;1.7560916137022378;1.7560916137022378;1.982993809807721
448;37;3;3.0079990256061824;3.0079990256061824;2.811723088571655
449;22;3;3.949675707988966;3.949675707988966;3.936372275761774
450;17;4;1.5386236665883446;1.5386236665883446;2.03711447989968
451;16;4;3.213723273699623;3.213723273699623;2.820146510343143
452;33;4;2.5319811307598696;2.5319811307598696;2.659174473933793
453;24;3;1.6748567368667766;1.6748567368667766;2.109931006887612
454;15;3;1.5377617267365398;1.5377617267365398;1.9985490418138112
455;23;3;3.020167914508569;3.020167914508569;2.9180530951366217
456;25;4;2.2628753525225207;2.2628753525225207;2.539881294094771
457;11;4;1.4521381911297013;1.4521381911297013;1.9458336035704469
458;15;4;3.0041508969037705;3.0041508969037705;3.0140799273620775
459;24;4;2.986192032897959;2.986192032897959;2.760669645895266
460;45;4;2.324142498889962;2.324142498889962;2.8269101228454114
461;23;4;1.7520695612796668;1.7520695612796668;2.0830306979365085
462;30;4;2.6860991987628715;2.6860991987628715;2.8359853161309254
463;21;4;1.491613204452712;1.491613204452712;1.780179057433036
464;8;4;2.3291125070210095;2.3291125070210095;2.4093353909224082
465;11;3;1.613528645446715;1.613528645446715;1.8288429696500852
466;17;3;4.069026363897022;4.069026363897022;3.885729350067122
467;22;3;1.635534718075526;1.635534718075526;1.8658909663712142
468;10;4;4.231391268136954;4.231391268136954;3.3664451255160843
469;21;3;2.911734691998335;2.911734691998335;2.9552918860233173
470;30;4;2.4242655225346166;2.4242655225346166;2.635638230573209
471;23;4;1.789540130194004;1.789540130194004;2.0590274456115187
472;24;4;2.1249685952735575;2.1249685952735575;2.6832379304827887
473;17;4;2.791611854014228;2.791611854014228;3.0579667130706327
474;14;3;1.5649421926310334;1.5649421926310334;2.048309367920194
475;13;4;2.589958810729174;2.589958810729174;2.7539854756774274
476;10;3;0.0;0.0;3.039719904010996
477;38;4;2.9022421402874645;2.9022421402874645;3.0563511449241725
478;22;3;2.004231807943339;2.004231807943339;2.0521257422854586
479;25;3;2.448948917353857;2.448948917353857;2.680170340815533
480;18;3;3.2029834588472554;3.2029834588472554;2.85638557148411
481;19;4;1.5232637064418295;1.5232637064418295;1.8045016675751457
482;20;4;2.3485562795082937;2.3485562795082937;2.613788562837304
483;16;4;3.9759252501736624;3.9759252501736624;4.053660609618065
484;18;4;1.815757917882146;1.815757917882146;2.2782366045041007
485;16;4;3.1467645526679426;3.1467645526679426;3.297993167007185
486;20;3;3.739277386706029;3.739277386706029;3.463405008614402
487;21;4;1.727994833878615;1.727994833878615;1.932454396176481
488;18;4;3.4874024051936194;3.4874024051936194;3.351644244650601
489;21;4;2.0860182509979044;2.0860182509979044;2.4053014269567377
490;12;4;1.9219096522238377;1.9219096522238377;2.8120103388002278
491;17;3;3.2306242656353352;3.2306242656353352;2.9295200176292178
492;16;4;1.466843663568461;1.466843663568461;1.802433916654452
493;10;3;2.0812628408695435;2.0812628408695435;2.3654311778113892
494;15;4;1.7588855088651987;1.7588855088651987;2.2992778500483846
495;12;3;1.8092686706385666;1.8092686706385666;2.102379574653677
496;19;4;2.032974857976221;2.032974857976221;2.5642976338810617
497;11;4;1.4373911034743818;1.4373911034743818;1.77825074814605
498;15;4;0.0;0.0;2.7380797734672466
499;34;4;3.1142652847722396;3.1142652847722396;3.164907879661778
500;19;4;1.9040267740353172;1.9040267740353172;2.1519005904159694
501;17;3;2.6553266853613438;2.6553266853613438;2.7443448908859733
502;14;3;1.2215813375551852;1.2215813375551852;1.7978365809999601
503;12;3;3.353415142777258;3.353415142777258;2.8937782212828584
504;26;4;2.520075489326774;2.520075489326774;2.7513256536245283
505;24;4;2.2078642592573297;2.2078642592573297;2.250292833284392
506;17;4;2.630432852383123;2.630432852383123;2.9758116457808366
507;24;3;2.8128706027327337;2.8128706027327337;2.623930813545804
508;11;4;1.5717228644317365;1.5717228644317365;2.03784844041766
509;16;4;2.650427426028937;2.650427426028937;2.706340164327333
510;18;3;3.4356350799941078;3.4356350799941078;3.2749204768340934
511;16;4;2.8537430568290483;2.8537430568290483;2.817947532670804
512;13;3;1.4072134919596255;1.4072134919596255;2.098872265190324
513;10;3;1.8261921828731447;1.8261921828731447;2.2605366078173788
514;25;4;2.894378612699543;2.894378612699543;3.0213167718200986
515;10;3;1.8268124284767764;1.8268124284767764;2.3397053138968382
516;17;4;2.346044711327443;2.346044711327443;2.5870408187175573
517;13;3;2.769253044670086;2.769253044670086;3.2348482949584763
518;13;4;2.1860290920634236;2.1860290920634236;2.1189578378949743
519;32;4;3.387240445309447;3.387240445309447;3.586433330393884
520;11;4;3.8201661561743596;3.8201661561743596;4.038239623854072
521;28;4;3.322428009199555;3.322428009199555;2.843813516836882
522;10;4;6.4794432538024465;6.4794432538024465;4.785840451397548
523;11;3;3.399870557631829;3.399870557631829;2.5993649167302135
524;17;3;3.6248605799155134;3.6248605799155134;3.0567610925254924
525;31;4;2.255507088834512;2.255507088834512;2.6028398380239315
526;11;4;3.7960310304869056;3.7960310304869056;3.4013514448151527
527;27;4;2.793620948924659;2.793620948924659;2.7941532827067954
528;15;4;2.6218618839220853;2.6218618839220853;2.881799535673077
529;11;3;1.5961516097450517;1.5961516097450517;1.9226006098925361
530;12;3;1.5018531987244106;1.5018531987244106;1.955022602022708
531;32;3;4.428050722458687;4.428050722458687;3.5104466831551395
532;22;4;2.205270810731601;2.205270810731601;2.322486787414123
533;24;4;3.061850314232993;3.061850314232993;3.49229100264962
534;28;4;2.2057347670343073;2.2057347670343073;2.5311392559547667
535;22;3;1.232836585735506;1.232836585735506;1.652560249868963
536;19;3;2.9314391673603297;2.9314391673603297;3.139853730381921
537;25;3;1.246112993292629;1.246112993292629;1.815496573740664
538;19;4;3.8451974834041747;3.8451974834041747;3.45287117667702
539;16;4;3.3691193559709056;3.3691193559709056;3.04318341455083
540;11;4;2.633596231457284;2.633596231457284;2.7751416723814337
541;5;4;3.7791852085719295;3.7791852085719295;3.1875547439704484
542;19;3;1.7557936829527132;1.7557936829527132;2.3880097270498557
543;14;4;1.6121883181103762;1.6121883181103762;2.0877559521143167
544;33;4;2.3026154754003154;2.3026154754003154;3.1636769151287396
545;20;3;2.31335436509211;2.31335436509211;2.7983660988391224
546;14;4;1.572696244563052;1.572696244563052;2.1079955599981686
547;31;3;3.3771604046061623;3.3771604046061623;2.9197840081047217
548;10;4;2.8979842257113178;2.8979842257113178;3.1707621347779114
549;21;4;2.28230570798821;2.28230570798821;2.6956323130913846
550;37;4;2.17150389237277;2.17150389237277;2.7009434573637363
551;20;4;2.5054957269826095;2.5054957269826095;2.270037929895607
552;31;3;2.3468136395407897;2.3468136395407897;2.4508834469894176
553;19;3;2.358652862070652;2.358652862070652;2.393986198188548
554;14;3;1.7392552171443159;1.7392552171443159;2.235679503189449
555;15;4;2.678674819332234;2.678674819332234;2.7784568846534112
556;32;4;2.5642355739970424;2.5642355739970424;3.158198984864954
557;41;4;2.1656725984143135;2.1656725984143135;2.437332993205667
558;16;3;2.325975797471063;2.325975797471063;2.62856360690121
559;21;4;2.427568354490606;2.427568354490606;2.7407665637496184
560;15;4;2.728137573345386;2.728137573345386;2.715245288268089
561;26;3;1.493501146633886;1.493501146633886;2.0543513207539057
562;13;3;1.2921028504039223;1.2921028504039223;1.693150343761213
563;26;3;2.923460237386055;2.923460237386055;2.9566820420162374
564;15;4;1.8548136553184493;1.8548136553184493;2.5319148783818046
565;29;4;2.8118816998410456;2.8118816998410456;3.2853121957267444
566;20;4;2.383845309862669;2.383845309862669;2.8746839264070165
567;19;4;1.9346714816403872;1.9346714816403872;2.162043094404056
568;19;4;2.5018266353551395;2.5018266353551395;2.4174779212465682
569;22;3;1.2530788749682105;1.2530788749682105;1.6992272299090925
570;24;4;2.1488732998750484;2.1488732998750484;2.6801821524726575
571;17;2;5.172693494330086;5.172693494330086;3.3823596064721695
572;13;4;1.5996657090081163;1.5996657090081163;1.944080822399083
573;20;4;1.5333549783827336;1.5333549783827336;1.814635894599783
574;20;4;1.5722374268907395;1.5722374268907395;1.9126625630970222
575;20;4;2.745769151123486;2.745769151123486;3.045044016956897
576;24;4;1.4051314610154582;1.4051314610154582;1.9786327601563063
577;22;3;2.498633473980455;2.498633473980455;2.772472029184098
578;20;4;2.2246461128309574;2.2246461128309574;2.878863039386744
579;26;4;1.7260215466549294;1.7260215466549294;1.9387638772142646
580;25;4;1.602422470166288;1.602422470166288;1.9624692927399825
581;17;3;1.5253544203768679;1.5253544203768679;1.9131091725960652
582;28;4;3.227175647287188;3.227175647287188;3.4184987180260555
583;14;3;1.334056907409071;1.334056907409071;1.7915883452571224
584;23;4;2.0704820417673435;2.0704820417673435;2.4309016753798303
585;12;3;2.016953047451284;2.016953047451284;1.9667739200370444
586;21;4;3.3159665778225;3.3159665778225;3.362325783278567
587;26;4;3.5363812582554703;3.5363812582554703;3.2172161012253895
588;10;4;0.7354077427960415;0.7354077427960415;4.410890361430368
589;39;4;2.2816370633136054;2.2816370633136054;2.3924071410861076
590;20;4;3.117623320323952;3.117623320323952;3.063931900217274
591;23;3;2.0798372361184;2.0798372361184;2.0379373224977626
592;14;4;2.0739921519117255;2.0739921519117255;2.5459592523680468
593;13;4;2.1781612777550867;2.1781612777550867;1.96623749021912
594;13;3;1.3798624994149782;1.3798624994149782;1.7399367296777044
595;9;4;3.364514742532409;3.364514742532409;3.4198237855781795
596;20;3;3.0900533834919557;3.0900533834919557;3.0232925027635438
597;12;4;1.7733801422166005;1.7733801422166005;2.2245058945584306
598;28;4;3.95567060613483;3.95567060613483;3.5884320655542816
599;31;4;2.0086262186517208;2.0086262186517208;2.2701913084091987
600;18;3;5.237433485718575;5.237433485718575;4.033803929702335
601;22;4;2.3441978880151453;2.3441978880151453;2.6999072313763133
602;11;3;1.9027107082158072;1.9027107082158072;2.444689586980045
603;28;4;2.2146136055946593;2.2146136055946593;2.5487576661958973
604;17;4;0.0;0.0;3.9562946650982447
605;43;4;2.002195409209105;2.002195409209105;2.459264085237904
606;14;3;1.5598760037265966;1.5598760037265966;1.9202253199631603
607;11;4;1.7528672177336742;1.7528672177336742;2.1487200285006303
608;14;3;1.4282016434859852;1.4282016434859852;1.7502321462823944
609;12;4;3.014700667879314;3.014700667879314;2.8303781514022543
610;18;3;2.282235260005251;2.282235260005251;2.393204713436572
611;10;4;4.370515122326224;4.370515122326224;3.2872169580602377
612;12;3;1.4509263599053577;1.4509263599053577;2.071592617942327
613;28;4;4.6749746068340015;4.6749746068340015;3.9553501721827384
614;21;3;2.252969591719632;2.252969591719632;2.3619782900603203
615;12;3;0.0;0.0;1.882278365333545
616;29;4;3.9519964831150602;3.9519964831150602;4.004744654014559
617;10;4;0.0;0.0;4.4109144490203205
618;9;4;2.1116398932513545;2.1116398932513545;2.111454726555798
619;16;3;2.046952953004895;2.046952953004895;2.2790635121437988
620;35;3;2.4470978257448537;2.4470978257448537;2.8003002854636847
621;11;4;2.181176424820733;2.181176424820733;2.7280862229854477
622;10;4;1.6770793115871283;1.6770793115871283;2.250781436558682
623;18;4;2.3498453865795024;2.3498453865795024;2.7343060817336236
624;29;4;2.1751417406328795;2.1751417406328795;2.4904019865249554
625;34;4;2.026547335990447;2.026547335990447;2.4035016729739875
626;13;3;1.503887030443995;1.503887030443995;2.020078222167619
627;32;4;3.1514049598701006;3.1514049598701006;3.4968748251501656
628;23;4;2.7776021862923836;2.7776021862923836;3.4374879882699276
629;9;3;2.6115396521797645;2.6115396521797645;2.3399772527881497
630;23;4;2.7703227933541554;2.7703227933541554;2.790803320176714
631;31;4;2.1511085773373346;2.1511085773373346;2.534728969337055
632;18;4;1.6311354527738404;1.6311354527738404;2.162164441705429
633;11;4;2.249626861093527;2.249626861093527;2.136032305669985
634;11;2;2.3758739971295593;2.3758739971295593;2.1497669975709464
635;8;3;3.39123931970657;3.39123931970657;2.682044703282008
636;26;3;1.5795810346352992;1.5795810346352992;1.9937690100409757
637;25;4;2.056650522274317;2.056650522274317;2.4196670273000955
638;25;3;1.7705259833043556;1.7705259833043556;2.0913063670209873
639;33;4;2.044533808781804;2.044533808781804;2.3236182132880523
640;10;4;3.4643088537436504;3.4643088537436504;2.9580958210496933
641;22;3;1.760768207267687;1.760768207267687;2.1605723266290777
642;12;4;1.5703186563109202;1.5703186563109202;1.9682108941962113
643;25;3;3.214557416489186;3.214557416489186;3.2192347405139503
644;12;4;2.985011905848563;2.985011905848563;3.496464725333084
645;19;4;2.9782471967538737;2.9782471967538737;3.3345406416350425
646;10;3;1.4150334045706658;1.4150334045706658;2.0196771356841956
647;26;4;2.290828843761311;2.290828843761311;2.344131535643268
648;38;3;3.198719057171955;3.198719057171955;3.369943672527802
649;21;3;1.3102431802819632;1.3102431802819632;1.7218813363571863
650;10;4;1.8861169121809163;1.8861169121809163;2.136670286728502
651;13;3;2.0157912541948133;2.0157912541948133;2.1630370230989766
652;22;3;5.0385982344772575;5.0385982344772575;4.413596910212081
653;12;3;2.2885823691672877;2.2885823691672877;2.398852920779979
654;35;4;1.81148234245637;1.81148234245637;2.3497272371257965
655;20;3;1.4310201020807705;1.4310201020807705;2.042247777663773
656;11;4;2.4276490490450278;2.4276490490450278;2.476919545057672
657;10;4;0.0;0.0;4.4109144490203205
658;23;3;2.8584697448878744;2.8584697448878744;2.484003983026372
659;23;4;4.7086728719605;4.7086728719605;4.177896471670856
660;21;4;1.9876439284019563;1.9876439284019563;2.2348573587702347
661;19;3;2.3464561797909886;2.3464561797909886;2.8627083436976624
662;20;4;1.8167395400880495;1.8167395400880495;1.9145758453049109
663;30;3;2.8631629869886135;2.8631629869886135;2.963367919609557
664;14;2;1.5820971303530278;1.5820971303530278;2.05726329489064
665;16;3;1.8004151560755184;1.8004151560755184;2.240321025580483
666;31;4;2.0728960562054857;2.0728960562054857;2.6734752813020446
667;27;3;1.3612811266041454;1.3612811266041454;1.8893066585265659
668;16;4;0.41519149952093143;0.41519149952093143;2.738068515975248
669;19;4;3.481550149843169;3.481550149843169;3.6740073414656265
670;33;4;2.038999438849204;2.038999438849204;2.3775173898059423
671;14;4;0.4017367734884382;0.4017367734884382;3.4733561930227426
672;10;4;3.7903712453299114;3.7903712453299114;3.0498050703681017
673;28;4;3.3753402964898;3.3753402964898;3.7591930342096225
674;13;4;1.5889366990060951;1.5889366990060951;1.9277164925530603
675;17;3;3.5044199545682564;3.5044199545682564;3.1842553976061048
676;14;4;3.802528504665012;3.802528504665012;3.3160546420299815
677;12;3;1.4379748451416072;1.4379748451416072;1.9239545272658185
678;18;4;3.961056550475868;3.961056550475868;3.5674726391043152
679;8;4;6.114476167270399;6.114476167270399;5.891848433636798
680;35;4;1.8971774931424852;1.8971774931424852;2.3943046737527696
681;22;4;4.9935784277818644;4.9935784277818644;4.467197596903787
682;38;3;2.832500913344507;2.832500913344507;3.2444232138283184
683;22;3;3.297739705989408;3.297739705989408;3.4824884966302783
684;30;4;3.2154220617771534;3.2154220617771534;3.4102350025082515
685;20;3;2.327419329624043;2.327419329624043;2.389517381458372
686;31;3;3.030232901650998;3.030232901650998;3.3323079910420264
687;17;4;3.462251315333272;3.462251315333272;2.911755087729649
688;19;4;2.225560082439567;2.225560082439567;2.3069989447651054
689;14;3;3.7297679939247987;3.7297679939247987;3.561431058445139
690;15;3;1.3835609045016033;1.3835609045016033;1.882528246308963
691;15;4;0.0;0.0;2.7380797734672466
692;19;4;2.8212582151774024;2.8212582151774024;3.1660150614427716
693;27;4;3.9612058366781704;3.9612058366781704;3.987659728145945
694;6;4;5.960609522542967;5.960609522542967;3.860485065941661
695;11;4;1.2916177343795852;1.2916177343795852;1.8508339733952708
696;13;4;2.953602615929352;2.953602615929352;2.9005809820518875
697;27;4;2.0577697876337107;2.0577697876337107;2.429589886520815
698;18;3;2.8919423196719953;2.8919423196719953;2.6861958084235527
699;34;3;1.5381764630410157;1.5381764630410157;1.7781317489340158
700;23;4;1.878461617264218;1.878461617264218;2.435582396595987
701;12;4;1.819789099117728;1.819789099117728;2.228979156806161
702;18;4;1.781893933440608;1.781893933440608;2.0716783426766314
703;18;3;2.1805791901174842;2.1805791901174842;2.418077619167433
704;29;4;3.0570026270352066;3.0570026270352066;3.1454278991313576
705;28;4;2.287509842873762;2.287509842873762;2.427858667077865
706;24;4;3.2976086190674447;3.2976086190674447;3.3045579713199276
707;11;4;2.2313854407462452;2.2313854407462452;2.648448758760464
708;16;3;2.3121356594458637;2.3121356594458637;2.238141114855587
709;26;4;4.952342180824309;4.952342180824309;4.4133511342946505
710;17;4;2.6337168744005686;2.6337168744005686;2.56749319912771
711;15;3;1.2455303745365958;1.2455303745365958;1.765031538180784
712;29;4;4.758983675361171;4.758983675361171;4.195443512910313
713;50;3;1.5210778481534344;1.5210778481534344;1.9468825162388383
714;22;4;3.740050328123523;3.740050328123523;4.247488135274205
715;19;4;1.6629370004050061;1.6629370004050061;2.1227953516350886
716;18;4;0.0;0.0;3.473285706625226
717;20;4;2.591789802749129;2.591789802749129;3.0289854898072752
718;25;4;2.6403119748538346;2.6403119748538346;3.0290456170515365
719;16;4;2.9389048743341037;2.9389048743341037;2.836086848394973
720;15;4;2.0416651111438755;2.0416651111438755;2.749383087286921
721;18;4;2.5402789937819588;2.5402789937819588;2.471619733550308
722;23;4;2.094835101298834;2.094835101298834;2.323664198865317
723;17;4;2.0605240688777733;2.0605240688777733;2.3105796074544585
724;14;4;2.134882358770563;2.134882358770563;2.2367422566151833
725;18;3;4.320918132451978;4.320918132451978;3.934767545114653
726;19;3;1.5301109488484426;1.5301109488484426;1.846835403156579
727;17;4;0.0;0.0;3.9562946650982447
728;10;3;0.45211148005569485;0.45211148005569485;3.0399174590499283
729;17;4;5.298189619546955;5.298189619546955;4.148995366532064
730;19;3;2.8142910870496034;2.8142910870496034;2.8251127717979925
731;21;4;2.3676454041832247;2.3676454041832247;2.624510061057693
732;24;4;2.9718248653469197;2.9718248653469197;3.062469105311934
733;38;4;2.183956282510841;2.183956282510841;2.409646048016605
734;19;4;2.728593246032152;2.728593246032152;3.048578596125145
735;22;4;2.419441753526013;2.419441753526013;2.530567968626739
736;17;3;1.8886359511213877;1.8886359511213877;2.118937279712268
737;23;4;2.7820267547229993;2.7820267547229993;2.903775882948346
738;20;4;2.150198342427072;2.150198342427072;2.4101063226102513
739;25;3;1.3816179683087624;1.3816179683087624;1.881453795253573
740;12;3;1.1856066445682296;1.1856066445682296;1.6451151074509636
741;28;4;3.4130463220801284;3.4130463220801284;3.5134888608983705
742;13;4;2.2834346394257428;2.2834346394257428;2.483223193323915
743;17;4;1.6451042743206636;1.6451042743206636;2.083775272692432
744;25;4;1.7174181509209265;1.7174181509209265;2.020390414754656
745;18;3;3.7517334860570792;3.7517334860570792;3.58727359401889
746;18;4;3.5493354645270045;3.5493354645270045;3.3342463512681677
747;18;4;1.970043781678044;1.970043781678044;2.374653695529107
748;27;4;2.434330099457939;2.434330099457939;2.630653561064408
749;27;4;1.758706412583298;1.758706412583298;2.342803398488392
750;16;4;2.973355241858119;2.973355241858119;3.024429926079211
751;18;4;2.7011334582882536;2.7011334582882536;3.199742677681545
752;13;4;4.08053026155422;4.08053026155422;3.6659781334200887
753;11;2;2.37517772322231;2.37517772322231;2.37178195101104
754;14;4;1.7550178480560599;1.7550178480560599;2.0104101194432475
755;23;3;1.7897117029215421;1.7897117029215421;2.2251545007165707
756;43;3;1.6870377659279148;1.6870377659279148;2.2564104171242074
757;23;4;3.3181861703026363;3.3181861703026363;3.9280431584863726
758;16;4;3.5590569090607915;3.5590569090607915;3.1814538194377833
759;18;3;1.4828223301267862;1.4828223301267862;1.7841328880426126
760;34;4;4.323423320524916;4.323423320524916;4.172158357141313
761;16;4;2.224345975901032;2.224345975901032;2.5193750941978563
762;32;4;3.1365079554554343;3.1365079554554343;3.329976080319665
763;39;4;3.3040479246145087;3.3040479246145087;3.784665358696885
764;18;4;2.3421536050831557;2.3421536050831557;2.7450278239527512
765;27;3;1.571269559476998;1.571269559476998;1.8613002779542303
766;10;4;1.9881855364633096;1.9881855364633096;2.980308130953096
767;16;4;1.7586788856543727;1.7586788856543727;2.2114685464068247
768;13;4;1.8436121944513644;1.8436121944513644;2.4270023040662783
769;20;4;3.0435684510896803;3.0435684510896803;3.077586372126958
770;28;4;3.107742337427064;3.107742337427064;3.365030229450296
771;26;4;2.3323209754769634;2.3323209754769634;2.4626816497162727
772;37;4;1.2060227260943999;1.2060227260943999;1.5175907362030585
773;42;4;3.0219601029848553;3.0219601029848553;3.254801466793514
774;33;4;2.04217151621488;2.04217151621488;2.490326874579799
775;19;3;0.9516713255363823;0.9516713255363823;1.1581300207264213
776;25;3;1.63294636836637;1.63294636836637;1.8123334764568741
777;24;2;3.5274467361281863;3.5274467361281863;2.896700988046167
778;28;4;2.172597204734366;2.172597204734366;2.108352607231474
779;28;3;1.7611885082746066;1.7611885082746066;2.090356799196027
780;19;2;1.0823353552403423;1.0823353552403423;1.4450640321206631
781;33;4;2.3002686419745726;2.3002686419745726;2.5940563397612744
782;38;4;3.082130456326476;3.082130456326476;3.4560603420116567
783;19;3;1.179979705477491;1.179979705477491;1.3813363939836507
784;18;3;2.3039971694085652;2.3039971694085652;2.178347394995308
785;23;4;3.824563692499352;3.824563692499352;3.896657250548585
786;19;4;2.9363598046871666;2.9363598046871666;2.7694501095174635
787;19;3;2.2250060482536846;2.2250060482536846;2.5761725370393833
788;12;4;1.580404913385083;1.580404913385083;2.3265767981313608
789;23;2;2.6174576939123217;2.6174576939123217;2.691021077141015
790;33;3;1.5044587429785514;1.5044587429785514;1.793142385055264
791;27;3;1.7371925575215723;1.7371925575215723;2.058341413201866
792;19;4;3.649170294081316;3.649170294081316;3.765834719214979
793;15;4;2.5474125928959293;2.5474125928959293;2.8207075581703247
794;21;4;3.6760510267614417;3.6760510267614417;3.58136836736779
795;19;3;1.7491778695090057;1.7491778695090057;1.9852820940475955
796;17;3;1.679650713824322;1.679650713824322;2.0624700735458625
797;9;2;1.2551980704134762;1.2551980704134762;1.6487715556880898
798;28;3;1.9455142734973394;1.9455142734973394;2.711848724108296
799;28;3;2.17221298352751;2.17221298352751;2.3245782811907905
800;23;4;2.2301967656585098;2.2301967656585098;2.774277281069465
801;7;4;2.0424358206891853;2.0424358206891853;2.826995793874004
802;17;3;1.7646646968402409;1.7646646968402409;2.042405442355897
803;12;2;1.3936279934331668;1.3936279934331668;1.846874312310366
804;23;4;0.8786361536587621;0.8786361536587621;1.0591133803126833
805;24;3;1.6461164863891415;1.6461164863891415;1.9920058778931167
806;17;3;1.0856685877275878;1.0856685877275878;1.3776643832045903
807;20;3;1.5069214742676094;1.5069214742676094;1.7911843926280033
808;15;4;1.6805584039043893;1.6805584039043893;2.0558359090662015
809;16;4;2.752224880309732;2.752224880309732;3.531109999317961
810;22;3;1.7303051863523327;1.7303051863523327;2.1205896992036752
811;23;2;1.9497149879882179;1.9497149879882179;2.3504731989188405
812;22;4;1.5040248547275599;1.5040248547275599;1.784588581645647
813;20;3;2.2207361315239655;2.2207361315239655;2.4515063963881776
814;25;4;1.660379433206703;1.660379433206703;2.0548215691859757
815;32;4;1.8341713596160296;1.8341713596160296;2.184381296155496
816;21;3;1.5488626197901136;1.5488626197901136;1.8731626405145059
817;12;3;1.9775062876205793;1.9775062876205793;2.643252690592185
818;12;3;2.7388484730913984;2.7388484730913984;3.2801111761431767
819;10;4;3.05782418701932;3.05782418701932;3.1169755366634697
820;10;3;1.1497986318910742;1.1497986318910742;1.3923967415863105
821;10;4;1.2839413276695273;1.2839413276695273;1.7881975447801057
822;26;4;2.271848240412215;2.271848240412215;2.791563438800727
823;34;4;3.0941537787200923;3.0941537787200923;3.3997703703023068
824;41;4;2.370525251984286;2.370525251984286;3.1101340763162204
825;21;4;2.202921577231149;2.202921577231149;2.553667576762989
826;29;3;1.8836178000621284;1.8836178000621284;2.201822744009666
827;15;4;1.9095962282978534;1.9095962282978534;2.667138656093866
828;29;4;2.2205243864539757;2.2205243864539757;2.633201417235371
829;18;4;2.1255940503358324;2.1255940503358324;2.538498247747152
830;17;4;2.8770686733755304;2.8770686733755304;3.2325082967471612
831;32;4;2.4454236428281653;2.4454236428281653;2.790004397623942
832;39;4;3.0395069035109414;3.0395069035109414;3.2246629329239602
833;26;3;1.9565572804446645;1.9565572804446645;2.2137980473861307
834;46;4;2.9624649665740774;2.9624649665740774;3.1156296086982387
835;25;4;1.9400162769815972;1.9400162769815972;2.376422684548012
836;19;3;1.2184254212678665;1.2184254212678665;1.3485885511228703
837;19;3;1.4771011284019062;1.4771011284019062;1.6868763811447083
838;30;4;1.7477175189935736;1.7477175189935736;2.2478896480902515
839;27;4;2.4040556518329734;2.4040556518329734;2.5600653643380373
840;31;3;1.4635407109305867;1.4635407109305867;1.8461085391139327
841;12;2;1.1647221800317804;1.1647221800317804;1.5679758194825115
842;24;4;2.4113240137941077;2.4113240137941077;2.68461162488583
843;38;4;2.0936299061264356;2.0936299061264356;2.5990922408064367
844;23;3;1.5069798411829591;1.5069798411829591;1.7726277105962895
845;17;3;1.8566399347761513;1.8566399347761513;2.0164693703738172
846;23;4;2.4260400975910072;2.4260400975910072;2.874267050012145
847;12;3;1.9902864658457362;1.9902864658457362;2.7771906402625794
848;10;4;1.9380171197153995;1.9380171197153995;2.0708831714974227
849;17;3;1.9648286819505407;1.9648286819505407;2.506763685737519
850;26;3;2.5300532281422687;2.5300532281422687;2.9629893974656154
851;29;3;1.267703933386824;1.267703933386824;1.5404974175687272
852;24;3;1.394992612857223;1.394992612857223;1.7383897955039105
853;11;4;2.169516000459384;2.169516000459384;2.743764480520802
854;14;4;2.577748127842344;2.577748127842344;3.01200478777575
855;21;4;3.002480118748363;3.002480118748363;3.110152606160334
856;21;3;2.3633816640049496;2.3633816640049496;2.7359145416749677
857;27;3;2.2256906229748803;2.2256906229748803;2.5002811034962753
858;9;2;1.213833143027836;1.213833143027836;1.62522865925502
859;22;3;1.8886590939314958;1.8886590939314958;2.3359821165475245
860;29;3;2.006797375454468;2.006797375454468;2.3481931162270095
861;22;4;2.8105107893698946;2.8105107893698946;3.3923113833325917
862;6;3;2.6353440223325006;2.6353440223325006;2.952989981835603
863;21;3;1.6862421830917051;1.6862421830917051;2.0583818777967187
864;12;2;1.6629055578437733;1.6629055578437733;2.099657086171705
865;20;4;1.0255655289363368;1.0255655289363368;1.1609722034224041
866;20;3;1.4798994825603502;1.4798994825603502;1.970967735813519
867;17;3;1.080348572407861;1.080348572407861;1.3153104183567095
868;20;3;1.581413797216672;1.581413797216672;1.8655711098619938
869;14;4;1.7423296538188935;1.7423296538188935;2.301182259385135
870;15;3;2.1450499829208916;2.1450499829208916;2.3176532119929747
871;19;3;1.7238965889084585;1.7238965889084585;2.06647323133073
872;24;3;1.824406452755065;1.824406452755065;2.3183748761721534
873;24;4;1.7341646937269741;1.7341646937269741;2.1479516851843647
874;14;4;3.565295879509475;3.565295879509475;3.31222011247318
875;29;4;2.8215113172400965;2.8215113172400965;2.808191732505365
876;27;3;2.0897826228722725;2.0897826228722725;2.3939946023417966
877;12;3;1.2311364816165347;1.2311364816165347;1.5520356086027167
878;14;3;2.8423220625995254;2.8423220625995254;2.8475817083351624
879;15;3;2.598640203809828;2.598640203809828;2.681264824394251
880;13;4;1.7451783590328378;1.7451783590328378;1.9342556322491715
881;13;3;1.1254570401336599;1.1254570401336599;1.4129679343419834
882;17;3;1.9926184215615057;1.9926184215615057;2.282266809891919
883;26;4;3.445435612745167;3.445435612745167;3.799778813706382
884;19;4;2.1771427626929873;2.1771427626929873;2.8168457626352623
885;13;3;2.445989616727861;2.445989616727861;2.939343200882699
886;17;3;3.166651600728968;3.166651600728968;3.33250012396817
887;26;3;1.7878558372132412;1.7878558372132412;2.149220166797686
888;10;4;3.0140892272883493;3.0140892272883493;3.023176073035226
889;6;3;3.2185917606744225;3.2185917606744225;3.362986940720433
890;23;4;1.724030625150205;1.724030625150205;2.418087824896259
891;16;4;2.241009455846986;2.241009455846986;2.7837725423080184
892;17;3;3.051742864882969;3.051742864882969;2.831940602426296
893;10;4;3.2429502763696805;3.2429502763696805;3.1401330290830307
894;28;3;1.6525542782635285;1.6525542782635285;1.9945483678594536
895;12;3;2.4863797734215054;2.4863797734215054;2.816344703447521
896;19;4;3.1118343884979183;3.1118343884979183;3.3269567078390256
897;23;3;0.998487569659896;0.998487569659896;1.2219331975997623
898;19;4;1.3659476602189677;1.3659476602189677;1.6571837228734452
899;20;3;2.706788649563657;2.706788649563657;2.9916149153991647
900;21;3;2.8138571369321235;2.8138571369321235;2.746062331878919
901;23;3;4.574096052378451;4.574096052378451;3.9067010286336226
902;10;2;1.9386158427334301;1.9386158427334301;1.9660624029055536
903;17;3;2.7417284675541125;2.7417284675541125;2.6435277769840395
904;23;4;3.205452008889961;3.205452008889961;3.0755966668728334
905;22;3;1.0218899507464645;1.0218899507464645;1.18380614362228
906;22;3;1.9033999495885843;1.9033999495885843;2.1523617545252987
907;29;3;2.521088839916199;2.521088839916199;2.827228336400849
908;8;3;3.502333345068868;3.502333345068868;3.136146578260705
909;10;3;3.58412426795225;3.58412426795225;3.125664081889636
910;9;4;2.455260443897338;2.455260443897338;2.9829467050670306
911;12;2;1.907259069149255;1.907259069149255;2.0745305472492652
912;30;3;1.5889277378812339;1.5889277378812339;1.9181310804129412
913;25;4;2.372176801089097;2.372176801089097;2.4041971393012362
914;19;4;3.158051170365209;3.158051170365209;3.2875787269253065
915;45;4;3.1432945259974363;3.1432945259974363;3.3210178674858626
916;24;3;5.181534645217678;5.181534645217678;3.566661500029869
917;15;3;1.924848489566912;1.924848489566912;2.1417145935811006
918;11;3;1.8866513301476269;1.8866513301476269;1.9882373708088197
919;12;2;1.8477623375456025;1.8477623375456025;1.9963886391032302
920;28;3;2.784368645376048;2.784368645376048;3.0787190323298734
921;19;4;2.8747227492596035;2.8747227492596035;3.5935369283989784
922;33;3;2.2025697290759867;2.2025697290759867;2.5589676387353526
923;10;4;5.139905928454251;5.139905928454251;4.637507393670418
924;11;3;1.7198901671570146;1.7198901671570146;1.990451726642682
925;17;2;1.4849353111554604;1.4849353111554604;1.6418034490652205
926;25;4;1.5235733698119027;1.5235733698119027;1.6430413581372383
927;23;3;1.3918476051029092;1.3918476051029092;1.6996982276603354
928;13;3;1.4081003792094475;1.4081003792094475;1.7363258542954825
929;22;3;1.1472940438892;1.1472940438892;1.3822862815011063
930;20;4;2.621027822605968;2.621027822605968;2.959013034756242
931;16;3;3.3848599165543196;3.3848599165543196;3.444068231814138
932;23;3;1.8605292661480597;1.8605292661480597;1.9815299434274218
933;27;3;3.798913216851625;3.798913216851625;3.656362830735794
934;21;3;2.4377388537573528;2.4377388537573528;2.6303229083187185
935;23;4;2.1561967433135;2.1561967433135;2.4279529749917046
936;5;4;2.7103345674467203;2.7103345674467203;2.5620593548957875
937;16;4;1.804147787679124;1.804147787679124;2.0500316342472624
938;17;3;1.5166177186768226;1.5166177186768226;1.8291436871678544
939;7;3;2.100284368312737;2.100284368312737;2.6399856354637596
940;27;3;2.2009623950253485;2.2009623950253485;2.678312829957953
941;14;4;2.37193250676253;2.37193250676253;2.5758008754479986
942;14;3;1.2671120235877769;1.2671120235877769;1.383721957895216
943;32;4;2.6918558376489474;2.6918558376489474;3.0242465286771454
944;18;4;2.2585414193106876;2.2585414193106876;2.5891779885371204
945;36;4;3.0262056412154577;3.0262056412154577;3.1376562771959664
946;45;4;3.2697669576604134;3.2697669576604134;3.349378424465477
947;17;4;3.3003151663319925;3.3003151663319925;3.6932090559875914
948;29;3;1.9113239632303773;1.9113239632303773;1.9941554698418884
949;10;4;2.392631634411176;2.392631634411176;2.7476533800669363
950;14;4;2.001972091415065;2.001972091415065;2.3561732004853733
951;23;3;2.410395779263079;2.410395779263079;2.6121723422292833
952;25;4;3.36403743627608;3.36403743627608;3.6272549938797964
953;30;4;2.707787448884213;2.707787448884213;3.007256156026868
954;26;4;2.3117753129541154;2.3117753129541154;2.879919288920965
955;33;3;1.4561032225959687;1.4561032225959687;1.7220234035063031
956;24;4;2.4004372045671194;2.4004372045671194;2.7840010996002986
957;33;4;2.390647037398485;2.390647037398485;2.5521218483163013
958;24;4;0.9725131509299677;0.9725131509299677;1.165400287870209
959;15;3;2.116699502937687;2.116699502937687;2.2071166231989574
960;26;4;1.7101500224043193;1.7101500224043193;2.1790682063796236
961;28;4;2.0458613778400325;2.0458613778400325;2.311350586491883
962;27;3;2.335773481650177;2.335773481650177;2.435650520456612
963;13;2;1.0717632347201593;1.0717632347201593;1.4348222565223794
964;31;4;2.897643918535142;2.897643918535142;3.0808947537885207
965;21;4;3.516173394448444;3.516173394448444;3.4494128357302767
966;23;3;1.4560900654958133;1.4560900654958133;1.6023007818313748
967;12;3;1.9917333622340565;1.9917333622340565;2.2538954265196924
968;17;4;2.85791380588191;2.85791380588191;3.1208871687479465
969;33;4;3.241946293402599;3.241946293402599;3.0314802378871057
970;17;3;2.3573866190058714;2.3573866190058714;2.3212703908710646
971;10;4;1.870227438032304;1.870227438032304;2.3646353497232835
972;20;2;2.241772543829986;2.241772543829986;2.530018256268294
973;32;3;1.3912973992260884;1.3912973992260884;1.695610157107737
974;23;3;1.6787091860812242;1.6787091860812242;2.131723351153926
975;7;4;2.193393112838064;2.193393112838064;2.757285897810053
976;15;4;3.2827548403688365;3.2827548403688365;3.4808271195722944
977;23;4;4.564743075540436;4.564743075540436;4.439184073200898
978;18;3;2.284000750273143;2.284000750273143;2.4001314564480243
979;19;3;1.8665880191551878;1.8665880191551878;2.01829710317641
980;9;2;1.281324044794215;1.281324044794215;1.6222479404226644
981;23;3;1.7766775793871754;1.7766775793871754;2.147983361920897
982;30;3;2.345802887253845;2.345802887253845;2.5653021386151313
983;27;4;2.5893124423123384;2.5893124423123384;3.231863689794053
984;8;4;2.3849772077201163;2.3849772077201163;2.561154498916965
985;19;3;1.85761954064111;1.85761954064111;2.2203088308812124
986;11;2;2.08727010613706;2.08727010613706;2.370076775424409
987;21;4;0.994032062060381;0.994032062060381;1.1555364133414707
988;21;4;2.1137472204860184;2.1137472204860184;2.4043424139578735
989;13;3;1.103756949161353;1.103756949161353;1.3436794622229513
990;18;3;1.4669195647969109;1.4669195647969109;1.773606393892972
991;15;4;2.0655055879123516;2.0655055879123516;2.4295261475116092
992;13;4;2.8283483351926026;2.8283483351926026;3.242621992268292
993;23;3;2.0646068952428105;2.0646068952428105;2.2919625237334698
994;18;3;2.63821605416771;2.63821605416771;2.9261486997723423
995;23;3;1.321917464781113;1.321917464781113;1.8693118325523264
996;29;3;2.9198157508232017;2.9198157508232017;2.7664968116194726
997;35;4;2.399741983153979;2.399741983153979;2.7246726963851975
998;33;4;1.6831928575879467;1.6831928575879467;2.102415919854823
999;27;3;2.8710524669561988;2.8710524669561988;2.84695258919824
1000;20;2;2.20501777774234;2.20501777774234;2.453687372564891
1001;12;3;2.792993557413319;2.792993557413319;3.00650853691426
1002;12;4;2.2036022340920822;2.2036022340920822;2.30813086668133
1003;21;3;1.1809207320617936;1.1809207320617936;1.3006976591788884
1004;11;4;1.6815760787985108;1.6815760787985108;2.083889288747297
1005;19;4;2.473719025768959;2.473719025768959;2.665608706462167
1006;19;4;2.260061647198238;2.260061647198238;2.8286053822774067
1007;16;3;2.6544620171868587;2.6544620171868587;3.051540268637488
1008;23;4;2.9654157754424864;2.9654157754424864;2.9058098493382496
1009;29;3;1.5126774911964314;1.5126774911964314;1.8960186645365744
1010;10;4;3.00896410425811;3.00896410425811;3.0818526329994445
1011;14;4;3.102732800461383;3.102732800461383;3.0300976571216456
1012;21;4;2.029081644552763;2.029081644552763;2.329835029797645
1013;18;4;2.230835795988165;2.230835795988165;3.0318349995986185
1014;19;4;2.744996061133901;2.744996061133901;3.275598807665548
1015;10;3;3.47845497868118;3.47845497868118;3.6692005964605836
1016;30;3;1.4936428361856084;1.4936428361856084;1.7935701489548481
1017;12;3;2.6350925151353004;2.6350925151353004;2.884312200860328
1018;24;4;4.28140449923808;4.28140449923808;3.887529520724565
1019;22;3;1.2792880774956557;1.2792880774956557;1.491836096187804
1020;22;3;1.6141747913775801;1.6141747913775801;1.9583909136931965
1021;23;3;3.296791393028124;3.296791393028124;3.8225583076545417
1022;15;3;3.612705295790345;3.612705295790345;3.865262945153332
1023;13;3;3.4007087093520556;3.4007087093520556;2.8514176024612743
1024;11;2;2.0391539076870693;2.0391539076870693;2.1320730073827585
1025;20;3;2.7860894173266555;2.7860894173266555;2.5302701445777562
1026;24;4;3.5103951996845146;3.5103951996845146;3.3455080031514632
1027;28;3;1.2436821888497342;1.2436821888497342;1.4686854847937658
1028;26;3;2.816762097461665;2.816762097461665;2.624117660121578
1029;25;4;1.5002587602624633;1.5002587602624633;1.880541190539106
1030;14;3;3.26986498715587;3.26986498715587;2.9004799646660517
1031;16;3;3.032032085072581;3.032032085072581;2.835786078278158
1032;9;3;2.5107068105504906;2.5107068105504906;2.639028392937604
1033;14;3;1.7792648316580464;1.7792648316580464;2.092054580363517
1034;32;3;1.2905593454677273;1.2905593454677273;1.4517178195129339
1035;15;3;3.072153565505941;3.072153565505941;2.8904197811018753
1036;25;4;2.881529551738269;2.881529551738269;3.060528054278817
1037;23;3;4.478115528537549;4.478115528537549;4.300274876357567
1038;19;3;1.9162058180132444;1.9162058180132444;2.114861361879616
1039;22;2;1.935224944852715;1.935224944852715;2.287942450106492
1040;12;2;2.303044205330253;2.303044205330253;2.1108349087248004
1041;9;2;1.5149082616351832;1.5149082616351832;1.7159629860549948
1042;21;3;2.923884318413616;2.923884318413616;2.822451618393843
1043;14;3;4.158287473761737;4.158287473761737;4.488269125402873
1044;30;3;1.9877988555170487;1.9877988555170487;2.5500131944145394
1045;15;4;3.05280491456703;3.05280491456703;3.496252023133117
1046;18;3;1.832298339645382;1.832298339645382;1.9890145882252626
1047;18;3;1.3571276434611117;1.3571276434611117;1.5582597708116912
1048;28;4;1.9713674903797733;1.9713674903797733;1.9005318646013618
1049;22;3;1.476265420682642;1.476265420682642;1.9174591160114356
1050;13;3;1.7120065461643041;1.7120065461643041;1.8956547411021967
1051;19;3;1.4505553815130932;1.4505553815130932;1.5551874856938088
1052;28;4;2.85401778908852;2.85401778908852;3.3731576559684213
1053;13;3;4.604409626250091;4.604409626250091;4.980589842963004
1054;21;3;2.4546481148557673;2.4546481148557673;2.765073466446943
1055;28;3;2.2712599765014314;2.2712599765014314;2.7315744988142394
1056;23;3;1.3122689983647895;1.3122689983647895;1.8748488230689047
1057;23;4;1.9965192914251613;1.9965192914251613;2.325623813565935
1058;6;3;2.9265254706186306;2.9265254706186306;2.8354840961779897
1059;29;3;2.0739954298478698;2.0739954298478698;2.235123640120584
1060;12;3;1.346033792636113;1.346033792636113;1.5335337433500813
1061;7;3;2.394741060406057;2.394741060406057;3.405353221485742
1062;27;4;2.558748408039076;2.558748408039076;2.943525367802792
1063;15;4;3.3845534137252136;3.3845534137252136;3.4248881809144347
1064;15;3;0.9984917470428181;0.9984917470428181;1.3391858895742172
1065;34;4;1.7772375717297886;1.7772375717297886;2.083341260366575
1066;34;3;2.8086650290569684;2.8086650290569684;3.0555815290529456
1067;17;4;2.582826778046741;2.582826778046741;3.2795683855895588
1068;12;3;2.4305280971928642;2.4305280971928642;3.102409872465718
1069;16;4;2.9518170249490914;2.9518170249490914;2.914918646115194
1070;27;3;1.7346075250166526;1.7346075250166526;2.041089512261226
1071;18;4;2.5257727072581293;2.5257727072581293;2.713629064615622
1072;9;3;2.8727136776901805;2.8727136776901805;3.116394648936067
1073;21;4;1.7549072394337284;1.7549072394337284;2.4909785230916017
1074;12;4;2.311624145856196;2.311624145856196;3.1171119898672313
1075;16;4;2.452633858773865;2.452633858773865;2.742997990540289
1076;6;3;3.5871157943732586;3.5871157943732586;3.2972556763555243
1077;24;3;2.0360535954801304;2.0360535954801304;2.1987393650234295
1078;9;3;2.665125026657895;2.665125026657895;2.6166812901912597
1079;27;4;3.796845063096537;3.796845063096537;3.8194264339238493
1080;22;3;0.9846482431554071;0.9846482431554071;1.1976002018871288
1081;25;3;1.605038400197185;1.605038400197185;1.9096101835786419
1082;21;3;2.568268109541342;2.568268109541342;3.0043595400422327
1083;11;3;3.8924967047576535;3.8924967047576535;4.16792797454857
1084;13;4;2.872848590289046;2.872848590289046;2.4302110829961867
1085;14;2;2.0015195157041856;2.0015195157041856;2.1218037384702932
1086;13;3;2.8240106404162035;2.8240106404162035;2.6264590840448823
1087;24;4;3.7197917527057465;3.7197917527057465;3.6413044108294423
1088;29;3;1.0315113796797284;1.0315113796797284;1.1770113529120818
1089;23;3;2.0950082890535247;2.0950082890535247;2.366464233470468
1090;30;4;1.515244409825448;1.515244409825448;1.8458248167598175
1091;20;3;2.7932701498731554;2.7932701498731554;2.6021177266086353
1092;21;4;4.525501886662083;4.525501886662083;3.958937639282972
1093;9;4;2.3646336572967996;2.3646336572967996;2.7648281831313923
1094;12;2;1.7528208610668579;1.7528208610668579;1.8645742604747233
1095;29;3;1.545358727220224;1.545358727220224;1.8289859403829525
1096;21;3;2.5796786292777485;2.5796786292777485;2.675724529239226
1097;9;4;3.538783869344007;3.538783869344007;3.0297201740489097
1098;16;3;4.194361885404904;4.194361885404904;4.557978526945037
1099;14;2;2.1622300868684774;2.1622300868684774;2.3476436941925223
1100;15;3;1.81478445498738;1.81478445498738;1.958669594921087
1101;12;3;1.7468303456502707;1.7468303456502707;1.9683325436584895
1102;9;2;1.6531515169887772;1.6531515169887772;1.9233565230132657
1103;27;3;2.524519157387197;2.524519157387197;2.720188444802197
1104;18;3;2.664216015441425;2.664216015441425;3.1250769059763757
1105;26;3;1.7732622763310504;1.7732622763310504;2.117573343724999
1106;14;4;3.000587036023339;3.000587036023339;3.3398601453962398
1107;17;3;1.7246266883518344;1.7246266883518344;2.068343359859303
1108;17;2;1.300927302228829;1.300927302228829;1.576835125420474
1109;24;4;2.1124846232910213;2.1124846232910213;2.1196933065279078
1110;23;3;1.3565959319824754;1.3565959319824754;1.878137534049048
1111;13;3;1.3420165093983496;1.3420165093983496;1.666486073006878
1112;18;3;1.1725485698994182;1.1725485698994182;1.4468974945731667
1113;16;4;1.7878208536102658;1.7878208536102658;2.1128148234687374
1114;13;3;3.624874039201635;3.624874039201635;3.5430217139315263
1115;24;3;2.0853407398863366;2.0853407398863366;2.4107366415379614
1116;30;3;2.374831923594811;2.374831923594811;2.7663611335982976
1117;24;4;2.130523146651224;2.130523146651224;2.516054674268374
1118;24;4;1.757217880119837;1.757217880119837;1.9258433685006828
1119;10;3;3.458993563172314;3.458993563172314;3.142322380636468
1120;19;4;1.8996626582125506;1.8996626582125506;2.1912143151489425
1121;17;3;1.4133336965147885;1.4133336965147885;1.7926009919024761
1122;6;3;2.041561249405619;2.041561249405619;2.644109363425817
1123;23;4;2.325382515037806;2.325382515037806;2.745572064609755
1124;14;4;2.805940105084006;2.805940105084006;2.9358125434131734
1125;16;3;1.021619909547621;1.021619909547621;1.3422227790588679
1126;34;4;2.2972897207573117;2.2972897207573117;2.6536827257002455
1127;25;4;2.1408297434897423;2.1408297434897423;2.477704412465669
1128;31;4;2.0371759903458893;2.0371759903458893;2.542577891128697
1129;44;4;2.0957895029145104;2.0957895029145104;2.617595274871312
1130;17;4;2.3335689035907157;2.3335689035907157;2.7155660194864746
1131;27;3;1.5472785840627787;1.5472785840627787;1.9474628393004023
1132;13;4;1.9327938144536014;1.9327938144536014;2.8448618715100054
1133;13;4;2.128572476365546;2.128572476365546;2.571904455387242
1134;20;4;1.8575653235171181;1.8575653235171181;2.5228831537951435
1135;18;4;2.788729823993172;2.788729823993172;3.152774606699449
1136;26;4;2.449067270695869;2.449067270695869;2.6588499391083777
1137;45;4;2.3724356641398785;2.3724356641398785;2.6056576985273754
1138;32;3;1.891110180170269;1.891110180170269;2.0645053116511947
1139;34;4;2.7840655439669204;2.7840655439669204;2.8835557703548234
1140;21;4;2.09049177410228;2.09049177410228;2.247468579526536
1141;19;3;0.9414076906450876;0.9414076906450876;1.1399321001595675
1142;14;3;1.3604306839216558;1.3604306839216558;1.7016391037894705
1143;19;4;2.24351746359735;2.24351746359735;2.3819436909019123
1144;26;4;1.5392557439244585;1.5392557439244585;1.8428906282005384
1145;32;4;1.4344028531126938;1.4344028531126938;1.8587514794990256
1146;14;2;1.0556104713172225;1.0556104713172225;1.460918303347267
1147;32;4;2.5786631172833347;2.5786631172833347;2.8203923949503173
1148;28;4;2.3689365871907437;2.3689365871907437;2.4734440725884848
1149;19;3;1.4230082857139843;1.4230082857139843;1.6388228920010344
1150;16;3;1.6071490529746086;1.6071490529746086;1.8532848073266153
1151;23;4;3.641722709727514;3.641722709727514;3.963064418065697
1152;11;3;1.9099187940774442;1.9099187940774442;2.694179338052023
1153;11;4;1.9803975950717112;1.9803975950717112;2.5186591043543776
1154;14;4;1.5808117799188037;1.5808117799188037;2.1928169230792474
1155;23;3;1.6667808432310887;1.6667808432310887;1.9405273076192198
1156;33;3;1.3363834540947794;1.3363834540947794;1.5393573628205075
1157;25;3;1.2868396925836743;1.2868396925836743;1.7245098589868315
1158;10;4;2.514418034341744;2.514418034341744;2.630942882159326
1159;17;3;3.037161339271194;3.037161339271194;3.1403442117529132
1160;7;4;2.8881411814367692;2.8881411814367692;2.4294354703048353
1161;19;4;2.5134967317089716;2.5134967317089716;2.810376051533099
1162;19;3;2.073013908057934;2.073013908057934;2.4438329836805264
1163;9;2;1.1868684271215053;1.1868684271215053;1.58706600066289
1164;22;3;1.983106182703541;1.983106182703541;2.5580385785543784
1165;23;3;1.5280561615510067;1.5280561615510067;1.8621744203173118
1166;18;4;2.2382999873674736;2.2382999873674736;2.258917495607373
1167;7;4;2.2415019911640006;2.2415019911640006;3.043864664125325
1168;21;3;2.0198907813284515;2.0198907813284515;2.3597186132204415
1169;14;2;1.3228933560931975;1.3228933560931975;1.7563676050438617
1170;19;3;0.8817436966545418;0.8817436966545418;1.0645321592486612
1171;22;3;1.2998855912099865;1.2998855912099865;1.778722642907228
1172;19;3;1.1737491696343032;1.1737491696343032;1.4414501431976794
1173;13;3;1.441608306248987;1.441608306248987;1.6632901164678497
1174;18;4;2.128661244333996;2.128661244333996;2.405152258437476
1175;14;3;3.0949089273482184;3.0949089273482184;3.3303177449475427
1176;22;3;1.8821077481193034;1.8821077481193034;2.2402514995830622
1177;26;3;1.9526436104995015;1.9526436104995015;2.441770329554749
1178;24;4;1.7128113533346447;1.7128113533346447;2.060875406771912
1179;8;4;3.0324302570776136;3.0324302570776136;3.4125956620740516
1180;30;4;3.4090611455566067;3.4090611455566067;3.1941527825259395
1181;35;4;2.4871433799909037;2.4871433799909037;2.8185358415163906
1182;15;3;1.7663279961629204;1.7663279961629204;2.1121353685155744
1183;16;3;3.210193555576244;3.210193555576244;3.9074862853116294
1184;22;3;2.9236255336629307;2.9236255336629307;3.012369160896568
1185;12;4;1.6403003550317419;1.6403003550317419;1.878259627794418
1186;18;3;1.0516489630462764;1.0516489630462764;1.319002753435548
1187;9;4;1.325162773433681;1.325162773433681;1.815674728081559
1188;25;4;2.225215662051203;2.225215662051203;2.7580588097917382
1189;26;4;2.0696068405624306;2.0696068405624306;2.7817017209262875
1190;23;4;1.9917936157059488;1.9917936157059488;2.2425769296387084
1191;17;4;2.1472179737779347;2.1472179737779347;2.6936881962416654
1192;27;3;1.870771200676149;1.870771200676149;2.0157450753697748
1193;19;4;2.2210207690380805;2.2210207690380805;2.8086621092896884
1194;31;4;1.9641719288932313;1.9641719288932313;2.599000744249382
1195;22;4;1.6849278743969958;1.6849278743969958;2.2153551404854275
1196;9;4;3.036192814325926;3.036192814325926;3.106791824729142
1197;23;4;3.6391988767303904;3.6391988767303904;3.633913704982639
1198;50;4;2.017761017614196;2.017761017614196;2.553321810914634
1199;33;3;1.923431138569284;1.923431138569284;2.0881781541556492
1200;42;4;2.30826587712618;2.30826587712618;2.7037948808747827
1201;24;4;1.8123795960070495;1.8123795960070495;2.269983224663129
1202;19;3;0.8973736665636264;0.8973736665636264;1.0585989737102317
1203;16;3;1.5387684583860681;1.5387684583860681;1.8662375812880365
1204;31;4;2.163663886837228;2.163663886837228;2.2431539156753506
1205;34;4;2.74289851332387;2.74289851332387;2.8020231087112566
1206;35;3;1.4252442542775703;1.4252442542775703;1.7287093151257658
1207;13;2;1.0982970212328045;1.0982970212328045;1.4884307061272302
1208;28;4;2.1853621731443096;2.1853621731443096;2.5597121078749527
1209;29;4;2.134189243450729;2.134189243450729;2.51355938816538
1210;26;3;1.6496870289356393;1.6496870289356393;1.8889214260476115
1211;11;3;2.1173113605158513;2.1173113605158513;2.5393299334707615
1212;23;4;2.4842365200470153;2.4842365200470153;2.8371331923655316
1213;11;3;3.2077133954206203;3.2077133954206203;2.797799969214518
1214;9;4;1.8068610251652764;1.8068610251652764;2.1999478615282135
1215;19;4;1.8567655478038327;1.8567655478038327;2.555097231543824
1216;26;3;2.1744872210259887;2.1744872210259887;2.7241236494174834
1217;30;3;1.0268618691871636;1.0268618691871636;1.2835800772306603
1218;20;3;1.3538090425612326;1.3538090425612326;1.7187367584981637
1219;10;4;2.924402762413652;2.924402762413652;3.3209235570331765
1220;15;4;2.128887019698563;2.128887019698563;2.8329063713814353
1221;13;4;2.2083309776861;2.2083309776861;2.431457622797447
1222;18;4;2.0626115060245405;2.0626115060245405;2.693894439833474
1223;22;3;1.965050943243224;1.965050943243224;2.584348181934406
1224;9;2;1.1903064518516933;1.1903064518516933;1.6134968384414514
1225;16;3;2.0820475050246436;2.0820475050246436;2.5647790077640304
1226;21;3;1.3813493948458437;1.3813493948458437;1.7261920189910755
1227;12;4;2.641378911094862;2.641378911094862;3.291642168056596
1228;6;3;2.1503530920235425;2.1503530920235425;3.003287999084068
1229;21;3;1.7025060667616896;1.7025060667616896;2.0463228145352095
1230;18;2;1.8582497708696406;1.8582497708696406;2.3477907647192158
1231;21;3;1.2844218162103787;1.2844218162103787;1.486598604600885
1232;19;2;1.5629878511885174;1.5629878511885174;1.8765323358697064
1233;19;3;1.1754367251227915;1.1754367251227915;1.455921256279835
1234;14;3;1.6676306850330747;1.6676306850330747;1.7788090328633872
1235;12;4;1.7604075252974076;1.7604075252974076;2.381608352269592
1236;13;3;1.8162158402261512;1.8162158402261512;2.220721948254189
1237;15;3;1.8674900292261791;1.8674900292261791;2.2163414009525573
1238;26;2;2.3052624178429135;2.3052624178429135;2.4669026146855533
1239;23;4;2.4440194629466157;2.4440194629466157;2.6443046121026295
1240;8;3;2.684448866109906;2.684448866109906;3.2636379831311664
1241;31;4;2.4966194106322557;2.4966194106322557;2.8037105004273513
1242;22;3;2.0871701082877454;2.0871701082877454;2.359043541169502
1243;12;3;1.2089201147123378;1.2089201147123378;1.5113746214440587
1244;16;3;2.7104833124097185;2.7104833124097185;3.8215809745076466
1245;18;3;3.2541529422342714;3.2541529422342714;3.387572803248238
1246;13;4;1.6315957011323745;1.6315957011323745;1.8248929395954012
1247;17;3;1.099927648974107;1.099927648974107;1.4076736022102925
1248;10;4;1.4706874531759262;1.4706874531759262;1.8736427335900698
1249;20;4;2.4095807078584164;2.4095807078584164;3.1930049053843983
1250;26;4;2.134838426878346;2.134838426878346;2.784146977249143
1251;21;4;1.8653280360068951;1.8653280360068951;2.1532014223591256
1252;17;4;2.604171323983471;2.604171323983471;3.1364819542315145
1253;27;3;1.863976861119509;1.863976861119509;2.2407435065214827
1254;15;4;2.5753676231016587;2.5753676231016587;3.0852003631408484
1255;24;4;1.7206862827376705;1.7206862827376705;2.304002058769029
1256;18;4;1.7041221413919354;1.7041221413919354;2.220572527395648
1257;11;4;2.494964142271544;2.494964142271544;2.7153879105544685
1258;21;4;2.7599366164704775;2.7599366164704775;3.0077316613660954
1259;45;4;2.0992425654120863;2.0992425654120863;2.510120728460213
1260;30;3;1.7661422986378992;1.7661422986378992;1.9541816654738002
1261;42;4;2.4906765887519087;2.4906765887519087;3.009350316302697
1262;25;4;2.0087200958480524;2.0087200958480524;2.5016688102780464
1263;19;3;1.0746558192174465;1.0746558192174465;1.2581710169772222
1264;16;3;1.3616031430784032;1.3616031430784032;1.7326856264438257
1265;29;4;1.7782239967594748;1.7782239967594748;2.1568793536156736
1266;33;4;2.123070047276599;2.123070047276599;2.4932745663128975
1267;30;3;2.100977669319091;2.100977669319091;2.4246523671327718
1268;13;3;1.2903447899943097;1.2903447899943097;1.6659230378727143
1269;20;4;2.6375855652261424;2.6375855652261424;2.7439059801589147
1270;34;4;2.086728427231724;2.086728427231724;2.417424255833846
1271;25;3;1.5830074969271748;1.5830074969271748;1.7699208379511893
1272;14;3;1.617822839134111;1.617822839134111;1.9664124189455416
1273;28;4;2.7477808659778704;2.7477808659778704;3.199789548683824
1274;11;3;1.8947047181023622;1.8947047181023622;2.709133544410228
1275;8;4;2.0758918705888547;2.0758918705888547;2.3357838203781864
1276;14;3;1.911166471729998;1.911166471729998;2.6885730697588923
1277;30;3;2.316474811707297;2.316474811707297;2.901369024799633
1278;30;3;1.0323599760917093;1.0323599760917093;1.264113064914536
1279;23;3;1.3760931633325364;1.3760931633325364;1.8756235359599445
1280;9;4;2.034422979656747;2.034422979656747;2.572788273416523
1281;14;4;2.128796069082313;2.128796069082313;2.8608554594502627
1282;12;4;2.7233220333311845;2.7233220333311845;2.988546272849133
1283;18;4;2.3972945912523453;2.3972945912523453;3.0161013297191652
1284;22;3;2.3086211461436896;2.3086211461436896;3.0056878745462954
1285;9;2;1.1958552309596222;1.1958552309596222;1.601742493784667
1286;16;3;1.9254935572316636;1.9254935572316636;2.5410033011364206
1287;22;3;1.395447154595057;1.395447154595057;1.743557839788526
1288;13;4;2.70771552998598;2.70771552998598;3.382935814678572
1289;6;3;2.184615823201021;2.184615823201021;2.7560694131282486
1290;21;3;1.707603190796584;1.707603190796584;2.091376772923641
1291;18;2;1.9025515149260517;1.9025515149260517;2.478197618207372
1292;19;3;1.1136579119509475;1.1136579119509475;1.305576413265214
1293;19;3;1.2746741454725559;1.2746741454725559;1.7204898368104875
1294;19;3;1.1366835564344422;1.1366835564344422;1.403714213259596
1295;12;3;1.5290430328618003;1.5290430328618003;1.7250016827467851
1296;10;4;1.8065327161190297;1.8065327161190297;2.4168124952515235
1297;11;3;1.839703158355609;1.839703158355609;2.195190753792667
1298;15;2;1.7909947417529928;1.7909947417529928;2.1389875608175557
1299;22;3;1.866533736467828;1.866533736467828;2.159678436332714
1300;24;4;1.940978888228532;1.940978888228532;2.4075953168682696
1301;5;3;3.0227802154712675;3.0227802154712675;3.395136269399498
1302;26;4;2.9633184195010154;2.9633184195010154;3.2346933261076765
1303;19;3;1.9295822500957291;1.9295822500957291;2.127355107136692
1304;12;3;1.344518955362558;1.344518955362558;1.6013149597284604
1305;20;3;2.8366500828128136;2.8366500828128136;3.982717274995454
1306;24;3;3.56689551423134;3.56689551423134;3.828330727978416
1307;9;4;2.073715851725411;2.073715851725411;1.9898754305630562
1308;23;3;1.4667043255263905;1.4667043255263905;1.6569569590613418
1309;12;3;1.9691533822561385;1.9691533822561385;2.232458113945778
1310;19;4;2.5526586654676295;2.5526586654676295;3.1647276397176802
1311;22;4;2.471357642116435;2.471357642116435;2.7765027943400984
1312;22;4;3.5849062044907076;3.5849062044907076;3.7724236848857737
1313;17;4;2.760415125543006;2.760415125543006;3.0423521162755147
1314;28;3;1.4875788726194052;1.4875788726194052;1.9771751446463626
1315;12;4;2.479419370653482;2.479419370653482;3.078202707271607
1316;11;4;2.2927979939042062;2.2927979939042062;2.4547179523687612
1317;26;4;3.2751816946655805;3.2751816946655805;2.9413726069614143
1318;12;3;3.0577583854487402;3.0577583854487402;3.434172385464032
1319;29;4;3.222626686665474;3.222626686665474;3.6011491089556475
1320;14;4;2.614455767444158;2.614455767444158;2.7134119501903124
1321;26;3;1.6744193697801497;1.6744193697801497;1.8744332029278228
1322;21;4;2.389203925588371;2.389203925588371;2.729482709046281
1323;20;4;2.741461880401517;2.741461880401517;2.840879354846284
1324;29;3;2.1089677355126546;2.1089677355126546;2.117257524567292
1325;19;3;1.7462491695205602;1.7462491695205602;1.8026584145800606
1326;22;4;2.864729265787073;2.864729265787073;2.845990396147675
1327;20;3;3.980542100785491;3.980542100785491;3.042361559472528
1328;26;3;2.1639421788659634;2.1639421788659634;2.1989650090178663
1329;27;2;1.5205585085178972;1.5205585085178972;1.6954223118652767
1330;18;4;3.7079561410370694;3.7079561410370694;3.491840301362891
1331;17;4;3.153726147772066;3.153726147772066;3.2234648215822364
1332;27;3;2.0170515838400873;2.0170515838400873;1.9618476758688963
1333;19;3;2.6520123626379384;2.6520123626379384;2.5831768637289416
1334;16;4;8.461572172378704;8.461572172378704;6.900225878286641
1335;25;4;4.168546347661168;4.168546347661168;3.506362511921622
1336;12;3;3.3806286938770658;3.3806286938770658;3.1347874136540024
1337;10;4;1.91196397310005;1.91196397310005;2.2143650455647
1338;15;2;2.139876118703437;2.139876118703437;2.4122562828615988
1339;25;3;3.100529225458322;3.100529225458322;3.008839989138278
1340;25;4;2.190094146600199;2.190094146600199;2.3831776069907917
1341;26;4;5.12532488801364;5.12532488801364;4.65058454212008
1342;25;3;4.264701218566409;4.264701218566409;3.487823568681891
1343;23;4;4.737466342129591;4.737466342129591;4.334552428464456
1344;11;3;2.535414716055575;2.535414716055575;2.288986908628812
1345;15;2;1.9896240613957155;1.9896240613957155;1.9423205957963239
1346;9;2;1.7785374359003971;1.7785374359003971;1.8499329353821659
1347;27;3;2.1249333745206918;2.1249333745206918;2.9401237156199005
1348;16;2;2.1751582213012455;2.1751582213012455;2.203503756762601
1349;29;3;1.985749007847938;1.985749007847938;2.5021900443505767
1350;11;4;3.9442056561788847;3.9442056561788847;3.578446696343904
1351;18;3;1.743829097267577;1.743829097267577;2.071943279007147
1352;13;2;1.557232253312615;1.557232253312615;1.8237122642417924
1353;29;4;1.9861132025117878;1.9861132025117878;2.0047885420386247
1354;26;3;1.9914007778241851;1.9914007778241851;2.004188931736929
1355;14;2;1.1483691106253953;1.1483691106253953;1.4286540912677066
1356;18;3;1.2410967818180307;1.2410967818180307;1.4930632628836515
1357;30;4;2.90954122167108;2.90954122167108;3.142120092013201
1358;25;4;3.8392642552662166;3.8392642552662166;3.1461370540383493
1359;23;3;1.9094960235071148;1.9094960235071148;2.0884394245446813
1360;31;3;2.5318867910668246;2.5318867910668246;2.4536232319764215
1361;30;4;2.8596335956884875;2.8596335956884875;2.840734452213707
1362;23;3;2.279202609604199;2.279202609604199;2.5108458245088108
1363;23;4;1.7880763663398946;1.7880763663398946;2.1281791147311373
1364;31;4;2.0822822931558678;2.0822822931558678;2.406672759350173
1365;21;3;1.4756490023395554;1.4756490023395554;1.7972793027006686
1366;12;3;2.1272114898982384;2.1272114898982384;3.0177376886138454
1367;11;3;2.9265151314244444;2.9265151314244444;3.3640082172050896
1368;9;4;2.8334434115986427;2.8334434115986427;2.960404504961604
1369;15;3;1.0066877993242365;1.0066877993242365;1.3175922344748796
1370;10;4;1.4565948529629689;1.4565948529629689;1.8501127981951155
1371;23;4;2.9848436336201036;2.9848436336201036;3.2387853601909424
