Skewness: -0.05638125037596142, Average LID: LPCA: 3.683673469387755  |||  MLE: 2.2164187164715483  |||  MLENB: 2.2164187164715483  |||  TLE: 2.462074410024842
LPCA: 0.14221003372679164  |||  MLE: 0.12435126691890531  |||  MLENB: 0.12435126691890531  |||  TLE: 0.07229966635845102
node;in_degree;local_intrinsic_dimensionality_LPCA;local_intrinsic_dimensionality_MLE;local_intrinsic_dimensionality_MLENB;local_intrinsic_dimensionality_TLE
0;63;4;2.1718216469551495;2.1718216469551495;2.330433495600252
1;58;4;1.5461449277624988;1.5461449277624988;1.9606806095173541
2;46;3;1.5106589719225012;1.5106589719225012;1.7259669045758392
3;82;3;1.8706853165599273;1.8706853165599273;2.0785618793089378
4;53;4;1.025518683806505;1.025518683806505;3.774718563478776
5;77;3;2.5353512189949847;2.5353512189949847;2.3557130783671014
6;70;4;1.7476863777884295;1.7476863777884295;2.1745539860061758
7;27;4;1.8584407389038837;1.8584407389038837;2.5168083202031792
8;78;4;2.887326445832443;2.887326445832443;2.885876162220894
9;54;4;1.8646217537011347;1.8646217537011347;2.133397701508217
10;57;4;1.789981706646486;1.789981706646486;2.3448203462856347
11;56;3;1.2676192187894666;1.2676192187894666;1.5528917341846342
12;57;4;2.0579615755451797;2.0579615755451797;2.4119309978491557
13;42;3;1.8373769399053697;1.8373769399053697;2.141747240919035
14;62;4;1.8825327006935375;1.8825327006935375;2.1994325775830075
15;63;3;2.2956588646059615;2.2956588646059615;2.24837419496561
16;62;4;1.7321054944434406;1.7321054944434406;2.1593067370771437
17;56;4;2.1384855977446433;2.1384855977446433;2.590474995834733
18;29;4;1.670024093362873;1.670024093362873;2.3159101970800857
19;43;3;1.8602531402935136;1.8602531402935136;1.772912202989819
20;39;4;2.3670832517568505;2.3670832517568505;2.298270614346266
21;53;4;0.0;0.0;3.774842305037811
22;76;3;1.5344256453127527;1.5344256453127527;1.8771281429636508
23;75;4;1.827273038527887;1.827273038527887;2.2313355631541905
24;61;3;1.8622490193847887;1.8622490193847887;1.850172242380194
25;23;4;2.8442656004840194;2.8442656004840194;2.958415882460215
26;70;4;3.5493773303087037;3.5493773303087037;3.7061521810876417
27;47;3;2.519109733053303;2.519109733053303;2.779124291093236
28;15;3;3.3926233856387706;3.3926233856387706;2.220404543941898
29;67;3;2.3316078444963897;2.3316078444963897;2.2904289420700676
30;66;4;5.802797149209947;5.802797149209947;4.410177978360877
31;44;3;2.2974818138532505;2.2974818138532505;2.3059131005026807
32;84;4;1.7661600231087438;1.7661600231087438;1.9503281268672934
33;59;4;2.150563753529589;2.150563753529589;2.4268363157073267
34;27;4;1.9541742545290306;1.9541742545290306;2.157710693830263
35;90;4;2.7047107805171158;2.7047107805171158;2.8975897342187005
36;81;4;2.7347596037129804;2.7347596037129804;2.920620846447003
37;77;4;1.7264564357075052;1.7264564357075052;2.0074587890816202
38;22;3;3.77615394427474;3.77615394427474;3.4684923203194336
39;84;3;1.8128355687921358;1.8128355687921358;1.9763948893082042
40;51;4;1.8073571354034346;1.8073571354034346;1.867054786883213
41;21;4;0.0;0.0;3.341632746055897
42;85;4;2.7593329860018203;2.7593329860018203;3.108968986271158
43;47;4;1.8874290005094891;1.8874290005094891;2.098605905748181
44;57;4;1.7220807633952873;1.7220807633952873;2.0279557981425707
45;21;4;0.0;0.0;3.0526252414492148
46;74;4;2.488720148473982;2.488720148473982;2.7193033408512166
47;21;4;0.0;0.0;3.0526252414492148
48;75;4;2.6586660704248115;2.6586660704248115;2.849162122517316
49;54;3;2.4060313336264576;2.4060313336264576;2.5097691202023342
50;46;3;2.0596224832239343;2.0596224832239343;2.270665852291928
51;25;3;2.4449197301138623;2.4449197301138623;2.6255018990070913
52;61;4;3.3614034107234976;3.3614034107234976;3.39553191615081
53;80;4;3.5539277821217463;3.5539277821217463;3.463649910313688
54;45;3;2.402795318265705;2.402795318265705;2.3877390571419634
55;64;4;2.6973569084312263;2.6973569084312263;2.6606919195501053
56;64;4;1.770457174264538;1.770457174264538;2.0587070392137083
57;25;3;2.326199738141981;2.326199738141981;2.3272955918475757
58;57;3;2.334586199865143;2.334586199865143;2.4586086527780844
59;51;4;2.916520684549577;2.916520684549577;2.9103455656630466
60;43;4;2.534971930771436;2.534971930771436;2.748331665531713
61;49;4;1.791832238453681;1.791832238453681;2.1189297589208493
62;59;3;2.002777321377197;2.002777321377197;2.12743398752727
63;35;4;4.817071640882263;4.817071640882263;3.5908032019644223
64;25;3;2.583734768153172;2.583734768153172;2.6075816335935604
65;77;4;2.320138802168919;2.320138802168919;2.4837226037679496
66;74;3;2.5544451355394235;2.5544451355394235;2.471306857255485
67;75;3;2.315175253866909;2.315175253866909;2.5875217611177748
68;98;4;3.435995407495086;3.435995407495086;3.4613274120524893
69;97;4;3.247993206373477;3.247993206373477;3.369567847794343
70;53;4;1.4119602291196585;1.4119602291196585;1.664672022556549
71;65;4;2.083177080257749;2.083177080257749;2.28439824629957
72;68;3;1.753884459524646;1.753884459524646;1.7816000123669353
73;82;3;2.3222906758953337;2.3222906758953337;2.3998306860993024
74;63;3;1.9341753638633978;1.9341753638633978;2.011525552056612
75;61;4;1.9214418852108632;1.9214418852108632;2.15500420559672
76;64;4;2.503304565907919;2.503304565907919;2.4763513441130773
77;47;4;1.826715284159677;1.826715284159677;2.121287399332746
78;62;4;2.9936093892880837;2.9936093892880837;3.2694030343444886
79;36;3;2.4496978977281887;2.4496978977281887;2.3631650749397366
80;59;4;1.8334902319815753;1.8334902319815753;2.414107218584467
81;96;4;2.8597876832180518;2.8597876832180518;2.9189266600674872
82;47;4;1.5747090834933875;1.5747090834933875;1.8628472118107045
83;78;4;1.995968501719121;1.995968501719121;2.434043820145701
84;52;4;2.0627816634553118;2.0627816634553118;2.2127097179911144
85;85;4;2.090829367854658;2.090829367854658;2.3486534190570865
86;32;4;1.8441665445946227;1.8441665445946227;2.09668075983716
87;60;4;2.1662121882246548;2.1662121882246548;2.337128233447632
88;50;3;1.2304149005052942;1.2304149005052942;1.5708535028665378
89;78;4;1.7759923311600696;1.7759923311600696;1.9607478583363598
90;54;4;3.565909577766336;3.565909577766336;3.1753307142583345
91;57;4;1.9281740157013516;1.9281740157013516;2.2823256047644835
92;58;4;1.5251015298865962;1.5251015298865962;1.7518671982544816
93;30;4;2.1780977000132182;2.1780977000132182;2.575059972000598
94;100;4;3.622256620286154;3.622256620286154;3.45828752381917
95;23;4;4.861043997648645;4.861043997648645;3.928650675981367
96;94;4;3.3222493219543043;3.3222493219543043;3.190404663590355
97;28;4;2.0227312734373153;2.0227312734373153;2.633495096853166
98;61;3;1.7447447910596234;1.7447447910596234;1.8584794551368435
99;59;4;1.6368732299598205;1.6368732299598205;1.8542042417203037
100;41;3;2.483181789560584;2.483181789560584;2.418304054081075
101;40;3;1.8893081705205161;1.8893081705205161;1.8852274479924582
102;35;4;2.138749173323629;2.138749173323629;2.2881143195872955
103;67;4;1.854314409997894;1.854314409997894;2.078098954523812
104;65;4;1.699512997779286;1.699512997779286;1.8826368092145018
105;48;4;2.0337934995083815;2.0337934995083815;2.2472804120439545
106;66;3;2.442977270644829;2.442977270644829;2.1389483370590368
107;19;4;0.0;0.0;3.2630995862992886
108;85;3;2.5703395965775706;2.5703395965775706;2.527007816302448
109;92;3;1.866619660396372;1.866619660396372;2.038298372340476
110;81;4;1.9213694873784166;1.9213694873784166;2.090954069698244
111;83;4;3.167678081914538;3.167678081914538;3.148065880912822
112;71;3;2.846695764800245;2.846695764800245;2.419399958941237
113;62;4;2.5865932198141146;2.5865932198141146;2.550916633200705
114;98;4;4.8060030524015644;4.8060030524015644;4.244016953760793
115;44;3;3.3490021757760364;3.3490021757760364;2.8484321525587153
116;86;4;2.5110736468377297;2.5110736468377297;2.548313875419848
117;63;4;1.9813025689584187;1.9813025689584187;2.2539604416998453
118;60;4;2.4523376351430053;2.4523376351430053;2.4169788318025325
119;69;4;0.0;0.0;3.133389217190046
120;80;3;1.9773121622004577;1.9773121622004577;1.9981320523725181
121;65;3;1.7512348790609698;1.7512348790609698;2.0698352421437143
122;84;4;2.156146645607754;2.156146645607754;2.3823182959532794
123;29;4;1.9134980524635135;1.9134980524635135;2.2653037300637395
124;64;4;2.5340660196488636;2.5340660196488636;2.5640370223312243
125;62;4;1.9349408116548497;1.9349408116548497;2.2379113729734934
126;36;4;1.7539624122375452;1.7539624122375452;1.7882886172864465
127;67;3;1.7055733578412033;1.7055733578412033;1.919875237125804
128;61;4;2.495962010122504;2.495962010122504;2.483970438014702
129;80;4;1.8102789190509545;1.8102789190509545;1.9989161644602158
130;90;4;1.843272838492728;1.843272838492728;2.1503655426237205
131;44;4;1.7416800308063451;1.7416800308063451;2.0165022451248924
132;66;4;2.126705079343216;2.126705079343216;2.495414399529556
133;46;4;1.8415263072265788;1.8415263072265788;2.1485120465636096
134;84;4;2.972055044703452;2.972055044703452;3.004540033702475
135;65;3;2.23918021307947;2.23918021307947;2.226891407625051
136;21;3;1.92570723068149;1.92570723068149;1.6750410636673296
137;51;4;1.6120494641549576;1.6120494641549576;1.9724269581708926
138;49;3;1.5321441638834823;1.5321441638834823;1.5800992424742784
139;21;4;0.0;0.0;3.341632746055897
140;64;4;2.318543135314388;2.318543135314388;2.768771168763147
141;50;4;2.807449925668493;2.807449925668493;2.7662936641623785
142;41;3;3.3302290980003377;3.3302290980003377;2.8188431786213033
143;86;3;2.4975419709778777;2.4975419709778777;2.443687576521277
144;75;3;1.4841802720508617;1.4841802720508617;1.8274805195787196
145;39;4;0.0;0.0;3.7797027718542107
146;71;4;1.9486182949658128;1.9486182949658128;2.2663544375733626
147;63;4;2.0970137627661427;2.0970137627661427;2.3893271371815437
148;95;4;2.570141542755641;2.570141542755641;2.882979990103829
149;44;4;2.048062609401003;2.048062609401003;2.3171084246284974
150;55;4;1.600033096261449;1.600033096261449;1.9908621343055675
151;41;4;1.688928729335756;1.688928729335756;2.122263304281568
152;49;4;1.9716271038263264;1.9716271038263264;2.207541652296014
153;63;3;1.8946142529911154;1.8946142529911154;1.8322446848657963
154;75;4;2.227388732517396;2.227388732517396;2.516698137928248
155;48;4;2.509665174790486;2.509665174790486;2.750693189990151
156;55;4;2.5538100319895576;2.5538100319895576;2.661283631984466
157;85;3;2.255844211234937;2.255844211234937;2.279780219052934
158;67;3;3.244971416101635;3.244971416101635;2.8633330573768685
159;56;3;2.7369727536473856;2.7369727536473856;2.806930280489096
160;31;3;2.614673432858021;2.614673432858021;2.719916151208868
161;61;4;1.8908148426512212;1.8908148426512212;2.0131493519723955
162;71;4;3.2511906936170267;3.2511906936170267;3.2276002576804426
163;74;3;2.324094303165856;2.324094303165856;2.322236378227534
164;57;4;2.4938481498354546;2.4938481498354546;2.7334890916205046
165;79;3;1.7896682700578992;1.7896682700578992;1.9990465429770656
166;90;4;1.9589769299663329;1.9589769299663329;2.1740153726810676
167;42;4;4.626856295679357;4.626856295679357;3.949519131294572
168;48;4;1.580553733171845;1.580553733171845;1.7717363115941285
169;25;4;5.456745280086448;5.456745280086448;4.569239285444915
170;28;4;0.0;0.0;2.427985989856679
171;48;4;1.3330264952171578;1.3330264952171578;1.5943825687121616
172;25;4;2.174738567650917;2.174738567650917;2.1504276354260776
173;53;4;2.0130134685835377;2.0130134685835377;2.1501114987069037
174;74;4;2.5556153997016926;2.5556153997016926;2.81777760646311
175;93;3;2.3020132610007358;2.3020132610007358;2.517336264268095
176;25;3;3.2072818017629774;3.2072818017629774;3.1682268874041783
177;70;4;2.3611800026510172;2.3611800026510172;2.5099434422120828
178;41;4;2.843177503366081;2.843177503366081;3.24996135996326
179;71;3;2.21104269028621;2.21104269028621;2.463962604473254
180;46;4;2.703741854570491;2.703741854570491;2.7773152645252686
181;43;4;2.646614593390657;2.646614593390657;3.04918819313057
182;49;3;2.250336109420698;2.250336109420698;2.5590568981995183
183;102;4;3.2331721670090694;3.2331721670090694;2.9852310431745757
184;45;4;1.515089423267723;1.515089423267723;1.7831554475041225
185;54;4;1.9224882220493411;1.9224882220493411;2.1220027746552073
186;82;4;1.8842947195728934;1.8842947195728934;2.2230708870858624
187;85;4;2.5189779576164626;2.5189779576164626;2.6759745150882375
188;76;3;2.4235329146210307;2.4235329146210307;2.4484376320217045
189;39;4;2.852974234614323;2.852974234614323;2.6470224486575082
190;69;4;0.0;0.0;3.133389217190046
191;70;3;1.543398312900066;1.543398312900066;1.9164908262317317
192;69;4;2.3763319510842527;2.3763319510842527;2.5601356792291465
193;50;4;2.627342080863805;2.627342080863805;2.624378723911347
194;45;4;1.9591620792929083;1.9591620792929083;2.399253341106295
195;19;4;0.0;0.0;3.2630995862992886
196;89;4;2.4506162470864434;2.4506162470864434;2.5094802595473142
197;82;4;2.897501961813517;2.897501961813517;3.4768916842224935
198;49;3;1.6087614519362117;1.6087614519362117;1.8039039040117937
199;34;3;2.3852588715207395;2.3852588715207395;2.5345985674457054
200;55;4;1.614592393601512;1.614592393601512;2.0044852929870167
201;89;3;2.562645479968031;2.562645479968031;2.603986706355833
202;21;4;1.3326418711994923;1.3326418711994923;3.052623877325514
203;72;3;1.676148979112112;1.676148979112112;2.0313304503495964
204;89;4;3.353265557050944;3.353265557050944;3.464677541658567
205;45;4;2.477464879042961;2.477464879042961;2.8535820929893196
206;35;3;2.5904693696757843;2.5904693696757843;2.614159274885193
207;55;4;1.995135078042739;1.995135078042739;2.3923770660564836
208;90;4;2.625184083463203;2.625184083463203;2.801929562711807
209;50;4;2.041592333644033;2.041592333644033;2.3664456737625725
210;53;3;1.9810512711446107;1.9810512711446107;1.8702578584402383
211;78;3;1.7101659200948331;1.7101659200948331;1.8394914881918525
212;57;4;3.0861873768601655;3.0861873768601655;3.0263824598924307
213;68;4;2.3942967601402985;2.3942967601402985;2.542076255861697
214;73;4;2.0560472785487915;2.0560472785487915;2.3666328888589034
215;23;3;2.901376354083557;2.901376354083557;2.6637853409531056
216;37;4;3.0528323075269004;3.0528323075269004;2.978429613613016
217;68;4;1.9090476808290666;1.9090476808290666;2.2384205867535085
218;51;4;2.7102395786276636;2.7102395786276636;2.905820850933135
219;34;4;0.0;0.0;2.6525630084004446
220;36;4;1.81490520212154;1.81490520212154;2.0842897969385104
221;66;4;2.0465841145264103;2.0465841145264103;2.211243202120091
222;67;4;2.068201781905459;2.068201781905459;2.4368519938714988
223;62;3;1.5552881313730715;1.5552881313730715;1.6329274144887216
224;33;3;3.0983200813487826;3.0983200813487826;2.570136450050419
225;49;3;2.522665920110484;2.522665920110484;2.6621742910069486
226;28;4;0.0;0.0;2.427985989856679
227;86;4;0.0;0.0;4.674803333244267
228;59;3;2.363211737727306;2.363211737727306;2.24593735957443
229;36;4;2.8854315783796984;2.8854315783796984;2.643816227432585
230;35;4;1.922463277501393;1.922463277501393;2.2713733442154926
231;44;4;1.474840576033644;1.474840576033644;1.7107328516604416
232;50;4;1.8440314027885247;1.8440314027885247;2.1980326177289404
233;48;4;1.9530523322154554;1.9530523322154554;2.1365104219672544
234;66;4;1.7650308740081864;1.7650308740081864;2.075097077309732
235;75;4;2.7087283537440814;2.7087283537440814;2.9314380877958586
236;57;4;1.8948745214252332;1.8948745214252332;2.0809632678350556
237;51;3;1.7118788889423988;1.7118788889423988;1.854800405274271
238;70;4;1.9226561366033221;1.9226561366033221;2.206400841442217
239;79;3;2.1772587592406847;2.1772587592406847;2.405445126704479
240;66;4;1.7502147201398643;1.7502147201398643;2.0708169172870545
241;30;4;1.742501027283162;1.742501027283162;2.1077996578250007
242;62;3;2.877792967097468;2.877792967097468;2.7269802714121805
243;71;4;1.9783906358172543;1.9783906358172543;2.237137737848384
244;61;4;1.9416314004677324;1.9416314004677324;2.181183266401203
245;48;3;1.2562878465441172;1.2562878465441172;1.581170217701197
246;66;4;1.9547306374190654;1.9547306374190654;2.306401266199035
247;55;4;2.2459538827251078;2.2459538827251078;2.5320869674042097
248;40;4;0.0;0.0;2.557886201162192
249;84;4;2.4383488711382846;2.4383488711382846;2.7142209586166706
250;78;3;2.4418558141889912;2.4418558141889912;2.4962151560602366
251;42;4;2.8890201627562324;2.8890201627562324;3.5777476574515545
252;77;4;1.9845427898352233;1.9845427898352233;2.343822255837809
253;26;3;2.3242030589121363;2.3242030589121363;2.53951651495343
254;63;3;1.9759642985353496;1.9759642985353496;2.1807192724976865
255;69;3;2.378027698395986;2.378027698395986;2.332647655269797
256;66;3;1.8802736548579138;1.8802736548579138;2.022928128641967
257;57;4;2.603175788709422;2.603175788709422;2.8459595396358957
258;76;4;1.9993444362592778;1.9993444362592778;2.361338586962474
259;96;4;2.6431065133664773;2.6431065133664773;2.745492485751257
260;105;4;2.7505179788553717;2.7505179788553717;2.7202074171982535
261;76;4;2.0944351622574877;2.0944351622574877;2.4214968775779147
262;86;4;2.6420625322039757;2.6420625322039757;2.703947033006311
263;52;4;2.3506584568415083;2.3506584568415083;2.3597928112353834
264;91;4;2.983122788112302;2.983122788112302;3.078899218317394
265;65;4;3.1043467317709816;3.1043467317709816;2.817297419986158
266;63;4;3.419936545882759;3.419936545882759;3.2996333087890632
267;74;3;1.668589209626274;1.668589209626274;1.959910123945163
268;66;4;0.0;0.0;3.133389217190046
269;43;4;2.615220367847622;2.615220367847622;2.800136619245146
270;76;3;1.8667644673650576;1.8667644673650576;2.105178573515843
271;42;3;2.3817633450775895;2.3817633450775895;2.085592601530352
272;58;4;2.345975439612185;2.345975439612185;2.2861513457711427
273;57;4;1.717439239165884;1.717439239165884;2.0049750075635764
274;44;4;2.018353503102789;2.018353503102789;2.212371469886747
275;75;4;1.9380315834678006;1.9380315834678006;2.1234091406096858
276;52;4;2.1466246596771192;2.1466246596771192;2.158258488881133
277;30;4;1.691687213352469;1.691687213352469;2.3282527613517736
278;51;4;3.3776606473715676;3.3776606473715676;3.0897075738763276
279;71;4;1.9904313226673624;1.9904313226673624;2.4622473093196824
280;41;4;1.9010711829867608;1.9010711829867608;2.177842270992108
281;61;3;1.2487360336201332;1.2487360336201332;1.5742711517453591
282;92;4;2.5671553284832136;2.5671553284832136;2.723760064246664
283;41;4;1.9284955615597057;1.9284955615597057;2.2579236369046463
284;34;4;0.0;0.0;2.6525630084004446
285;28;4;1.8715515386396793;1.8715515386396793;2.397225162826306
286;36;4;1.830223202157494;1.830223202157494;2.3046033728276187
287;42;4;2.3728173346805224;2.3728173346805224;3.0500101142116365
288;48;4;2.37950186883656;2.37950186883656;2.709035662971148
289;53;4;2.9394096966629646;2.9394096966629646;2.930412829962819
290;59;4;2.1200535917781664;2.1200535917781664;2.280880734592351
291;45;4;2.148891670384838;2.148891670384838;2.7179784669136575
292;72;4;2.1230564128410916;2.1230564128410916;2.280816975112141
293;64;4;1.7504614901222015;1.7504614901222015;2.081563303654832
294;55;4;3.1700366296986684;3.1700366296986684;3.022163809863417
295;52;4;2.903947947652628;2.903947947652628;2.9395634307329694
296;29;4;4.150449082788985;4.150449082788985;3.507548899622848
297;102;4;2.621772591694228;2.621772591694228;2.742747463540076
298;68;4;1.9266553207961379;1.9266553207961379;2.243244309060349
299;62;4;1.8518016080092816;1.8518016080092816;2.09305730602538
300;54;4;0.0;0.0;3.774842305037811
301;47;4;1.8174430021721268;1.8174430021721268;2.0257493305790675
302;81;4;2.2735207549208876;2.2735207549208876;2.4317004771271615
303;43;4;1.6137531610839928;1.6137531610839928;2.097401323662067
304;56;3;2.467137266044052;2.467137266044052;2.3758250054047143
305;59;4;2.4248822374843;2.4248822374843;2.601499937521711
306;33;4;3.5970726047452946;3.5970726047452946;3.0137677113206305
307;27;4;1.626726670227378;1.626726670227378;2.2243400696742257
308;65;3;1.419816775445966;1.419816775445966;1.5306161393681446
309;75;4;1.8243768235250768;1.8243768235250768;2.0392153322793307
310;67;3;1.3085012881100109;1.3085012881100109;1.5853821192552442
311;37;3;2.5817095038130256;2.5817095038130256;2.377019922907626
312;61;4;2.2064275105603386;2.2064275105603386;2.2795383509230938
313;34;4;4.482334721397442;4.482334721397442;3.618809177855419
314;60;4;2.135675942236155;2.135675942236155;2.5502692144877797
315;55;4;0.0;0.0;3.774842305037811
316;34;3;2.2382035112281033;2.2382035112281033;2.4624029541600287
317;56;4;3.695049987045582;3.695049987045582;3.6838619813492994
318;35;4;1.7441867956273271;1.7441867956273271;2.1920224486986686
319;78;4;3.0418024805044253;3.0418024805044253;2.947499391938596
320;39;4;0.0;0.0;3.7797027718542107
321;87;3;2.024710821083625;2.024710821083625;2.2419598202285242
322;24;4;1.9818430828902058;1.9818430828902058;2.163276884380369
323;76;3;1.4709835882301894;1.4709835882301894;1.8071821739174265
324;62;4;1.9560932051549744;1.9560932051549744;2.199293935634377
325;85;4;2.7768755629753628;2.7768755629753628;2.9035094073917644
326;32;4;4.632479878881021;4.632479878881021;3.507864590580592
327;40;3;2.5142039869752733;2.5142039869752733;2.0339860316881966
328;78;4;2.5140201064278265;2.5140201064278265;2.6660441241569033
329;60;3;2.2162540457686717;2.2162540457686717;2.3480647152284826
330;57;4;2.8020531629496617;2.8020531629496617;2.9291898120429996
331;67;4;2.6043398459996743;2.6043398459996743;2.8259761666136898
332;88;4;1.982659326852592;1.982659326852592;2.22983720345451
333;67;4;2.7765537077948865;2.7765537077948865;2.7059101478401417
334;96;4;2.4926364861093258;2.4926364861093258;2.5638202566722375
335;51;3;2.4449300040898962;2.4449300040898962;2.6132499774913276
336;50;4;2.0764827735367177;2.0764827735367177;2.339842979206113
337;68;4;2.3989837963213754;2.3989837963213754;2.574289994271757
338;50;4;1.7958603447238022;1.7958603447238022;2.080831649596343
339;70;4;2.1744489860924876;2.1744489860924876;2.432854561429891
340;62;4;1.9216596495718337;1.9216596495718337;2.20447859163784
341;55;4;2.452797251149046;2.452797251149046;2.662775312896412
342;64;4;1.6835296504236212;1.6835296504236212;1.8776027901087975
343;54;4;2.371268716671679;2.371268716671679;3.1340273191718104
344;77;4;1.7639904333241796;1.7639904333241796;2.0665967082654633
345;21;4;0.0;0.0;3.2630995862992886
346;60;4;1.7694574227431847;1.7694574227431847;2.0131267032178277
347;81;4;2.474803204558754;2.474803204558754;2.5580563525267
348;69;4;1.575470917047113;1.575470917047113;1.855712380084383
349;20;4;9.24401051180478;9.24401051180478;5.069033228851158
350;53;4;1.9928368695343068;1.9928368695343068;2.163386136383005
351;39;4;0.0;0.0;3.7797027718542107
352;53;4;0.0;0.0;3.774842305037811
353;52;4;1.9101767638688651;1.9101767638688651;2.1819987354953123
354;79;3;1.9781380523797691;1.9781380523797691;2.1346327277313732
355;48;4;2.5313205628629336;2.5313205628629336;2.8764557875951704
356;58;4;1.7962183740527655;1.7962183740527655;2.3233667128479008
357;66;4;2.058575844982796;2.058575844982796;2.4101706028619763
358;79;3;1.7509514955054017;1.7509514955054017;1.9154643159529336
359;60;4;1.6196545309855446;1.6196545309855446;1.7835146090967469
360;80;3;2.6216082028610552;2.6216082028610552;2.5756418946854636
361;66;4;1.588704910790211;1.588704910790211;1.9065281771635332
362;55;3;2.8489596703276856;2.8489596703276856;2.919303644283663
363;62;4;2.271727767992897;2.271727767992897;2.3255497757424695
364;34;3;2.1612675791809637;2.1612675791809637;2.470184830440071
365;109;4;2.7882888312584524;2.7882888312584524;2.698436764359951
366;77;4;1.7705845350342535;1.7705845350342535;1.9589576380212321
367;36;4;2.84465157936536;2.84465157936536;3.03835987344679
368;60;4;2.0530267100092177;2.0530267100092177;2.268314114853407
369;78;4;5.135760846798055;5.135760846798055;4.3442739987956
370;68;3;2.3052705768483586;2.3052705768483586;2.481692678595194
371;83;3;2.3375453448298846;2.3375453448298846;2.3451924491125866
372;50;4;2.913474453364622;2.913474453364622;3.168044385395871
373;56;4;2.0563271862405195;2.0563271862405195;2.165050320740221
374;36;4;2.501185369805986;2.501185369805986;2.538813123936122
375;53;4;2.820281960030063;2.820281960030063;3.566596987195637
376;57;4;2.5806543889269173;2.5806543889269173;2.465667976299105
377;45;4;1.4038555936770853;1.4038555936770853;1.6796411861697884
378;62;3;2.71285466219648;2.71285466219648;2.511693210473721
379;72;4;2.426857684442422;2.426857684442422;2.5223608776854207
380;61;4;1.828345125641939;1.828345125641939;2.0250684424291703
381;48;3;1.6735945295020822;1.6735945295020822;1.662212627087007
382;61;4;2.181161722703107;2.181161722703107;2.603047961220692
383;75;3;1.407222273897957;1.407222273897957;1.7230432240099838
384;45;4;2.4967453675970877;2.4967453675970877;3.3845522950062024
385;77;4;2.5962649403306552;2.5962649403306552;2.8668003278957928
386;62;4;1.7534177356198457;1.7534177356198457;2.147834580185039
387;51;3;1.608288904569088;1.608288904569088;1.7403074162916046
388;44;4;1.6112106703681104;1.6112106703681104;2.0737972427075158
389;74;3;1.6808897672673062;1.6808897672673062;1.9182349390954878
390;60;4;3.850141554109584;3.850141554109584;3.2936346347383023
391;71;4;2.2762890824820485;2.2762890824820485;2.4854706377574467
392;55;4;1.7353452780207532;1.7353452780207532;1.9992365968597043
393;76;3;1.7431739592375692;1.7431739592375692;1.9905071273211692
394;43;4;2.1017829416565013;2.1017829416565013;2.6629668163013336
395;13;4;8.25210786518263;8.25210786518263;5.277160971239879
396;60;4;1.7446173237631117;1.7446173237631117;2.1696051064590445
397;42;4;2.189026921771318;2.189026921771318;2.3594275739348927
398;61;4;2.053943769972437;2.053943769972437;2.1717304837806704
399;64;4;3.302474774500348;3.302474774500348;3.379752247235297
400;58;4;1.9512282416346707;1.9512282416346707;2.1517338384703613
401;32;4;1.870337518492948;1.870337518492948;2.2069082774974027
402;55;4;2.5423667353143418;2.5423667353143418;2.6658419869413397
403;52;3;1.718079818099411;1.718079818099411;1.8692595742369489
404;40;4;0.0;0.0;2.557886201162192
405;63;4;2.921305812548983;2.921305812548983;2.98487650577027
406;68;4;2.668421537237841;2.668421537237841;2.8438900770219946
407;53;4;2.066785017289029;2.066785017289029;2.3631592480193895
408;87;4;2.2370449328277884;2.2370449328277884;2.5891184370150073
409;65;4;2.668488976246654;2.668488976246654;2.9576907325117463
410;63;4;1.9324330537763073;1.9324330537763073;2.315929110841972
411;61;4;1.6434133807240028;1.6434133807240028;1.8577752854120104
412;81;3;1.9963041548673661;1.9963041548673661;2.321755226555599
413;33;4;3.0510517323284634;3.0510517323284634;2.5703950669195788
414;55;4;2.5508353386917033;2.5508353386917033;2.505520907766473
415;84;4;2.021387897656603;2.021387897656603;2.211079404241221
416;64;3;1.9736131907338752;1.9736131907338752;2.1469547375831732
417;67;4;2.116806608781061;2.116806608781061;2.2490439183156594
418;39;4;1.8704445249461417;1.8704445249461417;2.165324683824576
419;31;4;1.7084231479947782;1.7084231479947782;2.1688380476238702
420;43;4;1.6571132671052617;1.6571132671052617;1.9913276896632395
421;33;4;1.8236140421171694;1.8236140421171694;2.1212815867987964
422;56;3;1.3956123882159006;1.3956123882159006;1.4646873227035537
423;73;4;2.6535859939959288;2.6535859939959288;2.7613523488306058
424;68;4;1.9228218261418457;1.9228218261418457;2.2292290789462466
425;29;4;1.613857112042085;1.613857112042085;2.193278110597919
426;51;4;1.5984120061667162;1.5984120061667162;1.8932565420168261
427;35;4;0.0;0.0;2.6525630084004446
428;51;4;2.5320763305661536;2.5320763305661536;2.314692974728904
429;46;4;3.155534339957132;3.155534339957132;2.991339074895373
430;69;4;3.0960293722513614;3.0960293722513614;3.1704856561179917
431;58;3;2.44428550906479;2.44428550906479;2.6104358955927713
432;42;4;1.804958414772156;1.804958414772156;2.0998461039250707
433;73;3;2.484102223752791;2.484102223752791;2.7535803808877954
434;31;3;1.5895471357229294;1.5895471357229294;1.5700103644072463
435;55;4;1.7764710284054706;1.7764710284054706;2.3302025865725207
436;40;4;0.0;0.0;2.557886201162192
437;53;4;1.6282311266418157;1.6282311266418157;1.9109441406355963
438;64;4;2.4841742170538;2.4841742170538;2.7287465392134322
439;46;4;2.4614852554478417;2.4614852554478417;2.835166325514497
440;60;4;1.6831470208505979;1.6831470208505979;1.9215342074778592
441;49;4;2.33221607302959;2.33221607302959;2.9474191388208397
442;83;3;1.9827218368521955;1.9827218368521955;2.1230303913135073
443;68;4;1.6771959457739214;1.6771959457739214;2.1092000245473397
444;63;4;2.3908575878232785;2.3908575878232785;2.6363758966975843
445;95;3;2.404698344413706;2.404698344413706;2.3798650321817
446;49;4;1.951275150804858;1.951275150804858;2.125793393860536
447;69;4;1.8785763845718875;1.8785763845718875;2.2835190190135486
448;74;3;1.6700896984244316;1.6700896984244316;1.8695774510334366
449;81;3;2.1752331554806696;2.1752331554806696;2.13454441448237
450;60;3;2.239947513799458;2.239947513799458;2.5821522040327785
451;43;4;2.076291607623142;2.076291607623142;2.1954865649734394
452;68;4;1.8113183209069748;1.8113183209069748;2.145775051806749
453;82;3;1.935680392586687;1.935680392586687;2.2243040851923666
454;64;4;2.1714650204187316;2.1714650204187316;2.5270751546030983
455;90;3;1.978029940299934;1.978029940299934;1.92934859595683
456;71;4;2.6877820297280097;2.6877820297280097;2.9066993809554678
457;49;4;2.2888934749636394;2.2888934749636394;2.6359590783695857
458;66;3;1.7337296882757323;1.7337296882757323;1.8406312003640992
459;64;4;2.212128669567788;2.212128669567788;2.4193876030444046
460;70;4;1.9202412895126553;1.9202412895126553;2.2871914684638415
461;69;4;2.116348530543868;2.116348530543868;2.5262960298554002
462;65;4;1.965838681083365;1.965838681083365;2.2516842316739916
463;59;4;1.7165660110777812;1.7165660110777812;2.1110515730909674
464;23;4;2.6835022982939982;2.6835022982939982;2.3664804728266877
465;29;4;2.5384163320506357;2.5384163320506357;2.680164095694257
466;56;3;2.7115645765366776;2.7115645765366776;2.5782189212607434
467;68;4;2.0339904753349147;2.0339904753349147;2.415957586953279
468;56;4;2.4461082879928364;2.4461082879928364;2.492011902260604
469;42;4;2.0357553951658103;2.0357553951658103;2.302859848263456
470;81;4;2.2794681621674258;2.2794681621674258;2.5571784468400076
471;59;4;1.8764861734891518;1.8764861734891518;2.2693158453725784
472;76;4;2.151027327626255;2.151027327626255;2.493907515022357
473;76;4;2.8828765569005865;2.8828765569005865;2.8955144201647736
474;64;3;2.063535522938101;2.063535522938101;2.2301808009446202
475;51;4;1.8834261078395729;1.8834261078395729;2.016022023363483
476;39;4;0.0;0.0;2.557886201162192
477;90;4;1.8880579717584598;1.8880579717584598;2.0621974972538917
478;34;4;2.150325266397036;2.150325266397036;2.3649400037067423
479;76;4;2.3862222820818877;2.3862222820818877;2.520654094373579
480;56;4;2.188598090017992;2.188598090017992;2.2513754029104263
481;56;4;2.0029171042382994;2.0029171042382994;2.4730134696242296
482;86;4;2.734832762703084;2.734832762703084;2.7685678512636045
483;66;4;3.2746794671671386;3.2746794671671386;3.076399936530556
484;63;4;2.56260040156648;2.56260040156648;2.762635898915342
485;94;4;3.225451953768254;3.225451953768254;3.2324813525673317
486;79;4;2.83540654205944;2.83540654205944;2.8485393390781244
487;60;4;1.7646696994870783;1.7646696994870783;2.029540092891463
488;72;4;2.887834045813993;2.887834045813993;2.916708054151768
489;65;4;2.041831513208099;2.041831513208099;2.368972019558077
490;79;4;2.9500655931802555;2.9500655931802555;3.569726134573496
491;54;4;2.9540703126174868;2.9540703126174868;2.749449103556141
492;42;4;1.6528351484313046;1.6528351484313046;1.983431365901388
493;63;3;2.087541604997443;2.087541604997443;1.9851246010732793
494;58;4;2.5254803074044916;2.5254803074044916;2.624068939047478
495;26;3;2.9729937356050873;2.9729937356050873;2.89277986798174
496;59;3;2.184521689097082;2.184521689097082;2.436368910589462
497;38;4;2.5901879066794686;2.5901879066794686;2.9382067972991863
498;28;4;0.0;0.0;2.427985989856679
499;67;4;2.458036515309075;2.458036515309075;2.593633282417291
500;57;3;1.8653146641564262;1.8653146641564262;2.218942266254916
501;57;4;3.099946064797076;3.099946064797076;3.183443433931915
502;27;4;1.9651550503189326;1.9651550503189326;2.6353867338914356
503;44;4;2.3305456867932506;2.3305456867932506;2.2374623091856733
504;83;4;2.385727920335699;2.385727920335699;2.5775675645852667
505;75;4;2.3417018410838684;2.3417018410838684;2.5499339517469726
506;65;4;2.603998386613214;2.603998386613214;2.8850402813054457
507;53;3;2.690813019303929;2.690813019303929;2.6355067782985935
508;41;4;2.0855135855486475;2.0855135855486475;2.294174350622694
509;88;4;3.0631958652693587;3.0631958652693587;3.2341497332097977
510;86;4;3.336853390452832;3.336853390452832;3.3298942662575937
511;97;4;2.9762971987086284;2.9762971987086284;3.0715196598534646
512;84;3;1.7561495634161106;1.7561495634161106;1.9529611860123768
513;40;3;2.5534942803054546;2.5534942803054546;2.556610578249199
514;64;4;2.87521554698588;2.87521554698588;2.924652927037934
515;36;3;2.520747941512262;2.520747941512262;2.519507714522192
516;40;4;1.6208706015109116;1.6208706015109116;1.7761173206273297
517;57;3;3.5109907883299214;3.5109907883299214;3.507614128609702
518;43;3;1.6905011123574096;1.6905011123574096;1.8530673024037856
519;91;4;2.5682089723168153;2.5682089723168153;2.667734393885606
520;72;4;2.8590425793147616;2.8590425793147616;2.8099238302725076
521;51;4;4.289267059532357;4.289267059532357;3.883863761852024
522;63;4;3.7601769726175682;3.7601769726175682;3.1602719467916853
523;54;4;3.760625289647115;3.760625289647115;2.9071882536464893
524;43;3;2.5772487783426596;2.5772487783426596;2.5359713850384296
525;86;4;1.9957375988392574;1.9957375988392574;2.39567726219528
526;43;4;3.1408687083398164;3.1408687083398164;3.0737353032001624
527;56;4;2.0534499801769823;2.0534499801769823;2.375537006420986
528;84;4;2.4009814564681893;2.4009814564681893;2.5730969440235762
529;39;4;2.2161178314647625;2.2161178314647625;2.4101628136415147
530;39;3;2.2237053067711883;2.2237053067711883;2.425803527518381
531;78;3;2.5591604842375704;2.5591604842375704;2.48089349708508
532;78;4;2.969579417308028;2.969579417308028;2.9936928710273003
533;53;4;1.9629342994605286;1.9629342994605286;2.3680817534352148
534;60;4;1.596528743377067;1.596528743377067;1.9709064754894028
535;29;4;1.6410377166701855;1.6410377166701855;2.1774603954126794
536;45;4;2.895476822352856;2.895476822352856;2.9482938296181818
537;40;4;1.7212217508433398;1.7212217508433398;2.1383087404941645
538;57;4;2.428157239517174;2.428157239517174;2.5322254514428058
539;62;4;3.479736451519269;3.479736451519269;3.260982128030106
540;45;4;2.0620415072350045;2.0620415072350045;2.1262666999430393
541;54;4;2.721019542535041;2.721019542535041;2.647226665400263
542;82;3;1.8963072171183024;1.8963072171183024;1.980990284202929
543;58;4;2.3665265827612174;2.3665265827612174;2.7197912624238754
544;90;4;2.291086780494832;2.291086780494832;2.570212527695597
545;57;3;1.9300534295005392;1.9300534295005392;2.188629769611539
546;54;4;1.808965522069933;1.808965522069933;2.2153877629582177
547;95;4;2.2232467183071885;2.2232467183071885;2.3238102748799814
548;64;4;4.3272187854655115;4.3272187854655115;4.174880680232167
549;61;4;1.6415664727366168;1.6415664727366168;1.9040254994535624
550;89;4;2.2544428145354285;2.2544428145354285;2.6676735445273803
551;52;4;2.495967132641884;2.495967132641884;2.573937527061234
552;81;3;1.5117009031749407;1.5117009031749407;1.7727467746877272
553;69;3;2.5762408040478064;2.5762408040478064;2.7502773050076743
554;47;4;3.0847653027383264;3.0847653027383264;3.1132842501235705
555;66;4;2.422296218859429;2.422296218859429;2.4928961100245264
556;89;4;2.518846466480668;2.518846466480668;2.8496627272576185
557;69;4;1.6353266091169691;1.6353266091169691;1.8893521606684118
558;62;3;1.9458998429177596;1.9458998429177596;2.09378595707018
559;61;4;1.9853972726638485;1.9853972726638485;2.3039896108392437
560;56;3;2.086587835594422;2.086587835594422;2.156232873882494
561;39;4;1.782337380996473;1.782337380996473;2.1468054441067292
562;35;4;1.9597592080712312;1.9597592080712312;2.271889788228881
563;67;3;1.763205365656006;1.763205365656006;1.9409230937935773
564;63;4;2.323896830072612;2.323896830072612;2.768464285496098
565;89;4;2.4514163537557745;2.4514163537557745;2.76013133495828
566;71;4;2.7043753378834037;2.7043753378834037;2.9517434766878994
567;45;4;1.7238427774605292;1.7238427774605292;2.0593807827263957
568;58;4;2.126425190906154;2.126425190906154;2.3785380496931356
569;27;4;1.920123447917238;1.920123447917238;2.5783474446184806
570;83;4;2.2884530267890986;2.2884530267890986;2.7186309661111014
571;57;3;3.4579558729421542;3.4579558729421542;2.9251063329871956
572;45;3;1.4576630326383477;1.4576630326383477;1.4977210403789003
573;58;4;2.0491433428487977;2.0491433428487977;2.5819968231052135
574;52;4;1.92335655920234;1.92335655920234;2.3541308566631103
575;64;4;2.934200721040066;2.934200721040066;3.2308912278526907
576;87;4;2.7737314042931858;2.7737314042931858;3.49408865269946
577;52;3;1.9619296511025313;1.9619296511025313;2.2001729132519734
578;49;4;2.193482234611313;2.193482234611313;2.5728906571563117
579;57;4;1.7725805989752652;1.7725805989752652;2.167622748794049
580;52;4;1.4927513392674914;1.4927513392674914;1.8867743052959234
581;44;4;2.471200630812551;2.471200630812551;2.8541943555897276
582;62;4;1.8482659559577184;1.8482659559577184;2.0738125565245493
583;27;4;1.8942152856085688;1.8942152856085688;2.4856686044624605
584;60;4;1.886526565669388;1.886526565669388;2.259782622517368
585;39;4;2.283947627038628;2.283947627038628;2.239644195693728
586;75;4;2.8225646965243283;2.8225646965243283;2.886930760768179
587;93;4;2.8365155192703484;2.8365155192703484;2.9691668369293587
588;37;4;1.6627226304359943;1.6627226304359943;3.520688513235471
589;64;4;1.8053408536782893;1.8053408536782893;2.2121724449872047
590;53;3;1.6700533900782843;1.6700533900782843;1.8271367045054876
591;26;4;1.8761641201267687;1.8761641201267687;2.3419703552375473
592;65;4;2.3115666850728247;2.3115666850728247;2.5263293767014128
593;20;4;3.5615717225294614;3.5615717225294614;3.1714494462366245
594;31;3;2.3084271262885854;2.3084271262885854;2.4614073712962616
595;42;4;3.3128673804381754;3.3128673804381754;3.186750843214809
596;63;4;2.5094615409319982;2.5094615409319982;2.5729777740299054
597;37;3;1.4966534725347542;1.4966534725347542;1.4686179047221832
598;73;4;2.681346137840634;2.681346137840634;2.765907094830227
599;66;3;1.325300633846251;1.325300633846251;1.636110390282869
600;51;4;2.152167693221667;2.152167693221667;2.1528711688219127
601;88;4;2.5164446345150053;2.5164446345150053;2.608617025480841
602;86;3;1.8937361366432794;1.8937361366432794;1.9692016823914007
603;74;4;2.0440009021598176;2.0440009021598176;2.454394822518845
604;85;4;0.0;0.0;4.674803333244267
605;84;4;1.968294369693933;1.968294369693933;2.329158810345699
606;51;4;2.2536364682785175;2.2536364682785175;2.542731881201963
607;26;3;1.5216242373998483;1.5216242373998483;1.4552096074821628
608;30;3;2.375671570612207;2.375671570612207;2.55839375580212
609;43;4;3.4432381121806004;3.4432381121806004;3.17665541765048
610;54;3;2.3063200375403055;2.3063200375403055;2.4211905964115545
611;60;3;2.397360096285154;2.397360096285154;2.2803950187626665
612;40;4;1.9129859202984334;1.9129859202984334;2.181355686645004
613;70;4;2.5050143024308436;2.5050143024308436;2.50980478473845
614;53;4;1.954745066474311;1.954745066474311;2.1966432547353723
615;21;4;0.0;0.0;3.341632746055897
616;98;4;2.3496884093559576;2.3496884093559576;2.471280728628813
617;39;4;0.0;0.0;3.5207223722381427
618;33;4;2.6812685890361063;2.6812685890361063;2.684113972534186
619;53;4;2.691533704811422;2.691533704811422;2.770643837881249
620;89;3;2.0840882932740694;2.0840882932740694;2.3443438087331003
621;52;4;1.956714121664601;1.956714121664601;2.1588656017264887
622;33;4;2.1287498047253104;2.1287498047253104;2.2997599378832803
623;77;4;1.9584293632079932;1.9584293632079932;2.200348666827944
624;69;4;1.6284496177941847;1.6284496177941847;1.9630250480341827
625;67;3;1.2869677008027536;1.2869677008027536;1.592693519118505
626;68;4;2.1594252585048577;2.1594252585048577;2.5380076306115464
627;63;4;1.8814941927067652;1.8814941927067652;2.1190112923393816
628;74;4;1.878619008015809;1.878619008015809;2.144552613957365
629;31;3;2.5824173188331856;2.5824173188331856;2.384222732935867
630;62;4;2.208657808337325;2.208657808337325;2.398407713380274
631;67;4;2.400957462518981;2.400957462518981;2.667386254016676
632;75;3;2.0433424969906864;2.0433424969906864;2.372664014127946
633;43;3;1.857730477413411;1.857730477413411;1.9729727072393808
634;21;3;2.885211042209662;2.885211042209662;2.4264240873136877
635;44;4;3.458607435977991;3.458607435977991;2.767288757715454
636;31;4;1.8464093214406798;1.8464093214406798;2.4113983871287656
637;70;4;1.7241648037442705;1.7241648037442705;2.040212173008892
638;56;4;1.779916659151055;1.779916659151055;2.1011494102699304
639;78;3;1.4976184407730038;1.4976184407730038;1.7673871913257118
640;37;4;2.4437295662567387;2.4437295662567387;2.2551746974132403
641;53;4;1.7389460545921784;1.7389460545921784;2.050370683838338
642;45;4;1.9738426685953383;1.9738426685953383;2.1951918539275357
643;48;4;1.9289382710993264;1.9289382710993264;2.184639474214802
644;57;3;1.7698089473915422;1.7698089473915422;1.9009032507624983
645;76;4;2.7133423334815383;2.7133423334815383;2.830115285676879
646;45;4;2.714438492896194;2.714438492896194;3.1832496187709554
647;92;4;2.420192937811288;2.420192937811288;2.644386287370284
648;60;4;1.807138095160496;1.807138095160496;2.006429880061554
649;34;4;1.973876382993711;1.973876382993711;2.420139303787525
650;81;4;2.7637778123957926;2.7637778123957926;3.069360714068297
651;48;3;2.4102336774788364;2.4102336774788364;2.347116767843725
652;71;3;1.9445106784783392;1.9445106784783392;2.0878767314569058
653;50;3;2.6024381171209856;2.6024381171209856;2.4405770288793973
654;73;4;1.6868465976140825;1.6868465976140825;2.069652979271124
655;78;3;1.782610083138841;1.782610083138841;1.9550817336368873
656;46;3;2.445371712358472;2.445371712358472;2.439641923367891
657;39;4;0.0;0.0;3.5207223722381427
658;24;4;2.8189316640433373;2.8189316640433373;2.9091764021556172
659;68;4;2.5480601872031383;2.5480601872031383;2.4898861136925827
660;48;4;1.291707333376294;1.291707333376294;1.5766778679642488
661;50;4;1.9562832089520539;1.9562832089520539;2.3801723800790806
662;59;4;2.2216127383537354;2.2216127383537354;2.5984678232989378
663;81;3;1.8145165425715342;1.8145165425715342;1.968894942991475
664;24;3;2.444046890352511;2.444046890352511;2.663164763297736
665;62;4;2.3763895056648807;2.3763895056648807;2.628565469908673
666;67;4;1.986967525620494;1.986967525620494;2.261994076103429
667;42;4;1.7514757975879232;1.7514757975879232;2.13270578227259
668;29;4;0.9420932968188415;0.9420932968188415;2.4280163292459798
669;59;4;2.1817307907610037;2.1817307907610037;2.2687828610476775
670;94;3;2.0667012464248993;2.0667012464248993;2.3698968331218975
671;39;4;1.038832763861749;1.038832763861749;3.779611584596009
672;76;3;4.1314878276522915;4.1314878276522915;3.192290027513259
673;47;4;1.5072528999897359;1.5072528999897359;1.771246154831588
674;52;4;2.0328459998165607;2.0328459998165607;2.4281745464897355
675;47;4;2.2603114044013397;2.2603114044013397;2.360674889597447
676;85;4;4.247701110423386;4.247701110423386;3.954993909936341
677;22;3;2.9728555887515253;2.9728555887515253;3.1517451784340134
678;95;4;3.606983062522541;3.606983062522541;3.3231894853947006
679;67;4;6.148195685389307;6.148195685389307;5.312588377762061
680;77;4;1.7115957812894522;1.7115957812894522;2.10720658348043
681;68;3;2.7767990922528685;2.7767990922528685;2.5647268218196606
682;90;3;2.248848989963861;2.248848989963861;2.4535592136646884
683;84;3;2.758743988237998;2.758743988237998;2.810989399247645
684;52;4;1.512552362574863;1.512552362574863;1.78300400595227
685;86;4;2.3803460729479715;2.3803460729479715;2.5495970679378734
686;63;4;2.0236467016225843;2.0236467016225843;2.2702393293172403
687;57;4;3.4974799599951445;3.4974799599951445;3.354012979997414
688;56;4;2.816784087395009;2.816784087395009;3.058464224923887
689;77;3;2.58971844946972;2.58971844946972;2.4633139542897684
690;32;3;2.259188784403407;2.259188784403407;2.595601252390507
691;28;4;0.0;0.0;2.427985989856679
692;67;3;1.783233629555317;1.783233629555317;1.94277937254865
693;85;4;2.330436262586586;2.330436262586586;2.5269346954338774
694;58;4;4.550429562058897;4.550429562058897;3.633684872706422
695;82;4;2.652249180913791;2.652249180913791;3.441895498397772
696;74;4;3.276987442700622;3.276987442700622;3.2423981086422646
697;73;4;1.6858786324903272;1.6858786324903272;1.9786538765804558
698;61;3;2.8437090110659353;2.8437090110659353;2.6919629172382717
699;72;3;1.4334403550582868;1.4334403550582868;1.7637962744970732
700;75;4;2.2398587629536415;2.2398587629536415;2.6010203746718146
701;41;3;1.5036698998022549;1.5036698998022549;1.5146141871206131
702;81;3;2.269431553183143;2.269431553183143;2.4471522985747693
703;55;3;2.368809053216968;2.368809053216968;2.490833846871846
704;94;4;2.0644653334523846;2.0644653334523846;2.234996817539007
705;69;3;1.3799949385046766;1.3799949385046766;1.6302305408708537
706;99;4;2.8317859491704542;2.8317859491704542;2.9833700775611884
707;49;3;2.046139848450856;2.046139848450856;2.1752127164353157
708;24;3;2.5807173921068216;2.5807173921068216;2.5939068189321377
709;54;4;1.822417142706929;1.822417142706929;2.041685456744581
710;74;4;3.2519038382593357;3.2519038382593357;3.0886639763600976
711;33;4;1.6626084541383468;1.6626084541383468;2.17547375740577
712;72;4;2.8292700800207213;2.8292700800207213;2.6479581115846718
713;74;3;1.5000838251714932;1.5000838251714932;1.8616299713539521
714;75;4;3.2462613322777063;3.2462613322777063;3.096720681780959
715;61;4;1.9221228628900784;1.9221228628900784;2.196004165617874
716;39;4;0.0;0.0;3.7797027718542107
717;50;4;2.213196514657576;2.213196514657576;2.425405454670249
718;55;4;2.974791226653086;2.974791226653086;2.913757648880094
719;57;4;2.6600184781967684;2.6600184781967684;2.754080880998979
720;47;4;1.9828102305365318;1.9828102305365318;2.1768553704014826
721;54;4;2.918598272345755;2.918598272345755;3.005203306282178
722;54;4;1.4581786616285546;1.4581786616285546;1.7911142401732532
723;57;4;2.3267706541040294;2.3267706541040294;2.6052549688524085
724;47;4;2.0281027258973254;2.0281027258973254;2.208624280040564
725;81;3;2.3734296752053665;2.3734296752053665;2.2941941374272883
726;54;4;2.182038157010373;2.182038157010373;2.4889761175577685
727;85;4;0.0;0.0;4.674803333244267
728;40;4;0.9925326178085435;0.9925326178085435;2.5578762056147215
729;41;4;3.254291931880841;3.254291931880841;2.9361099581415364
730;68;3;2.106933494434011;2.106933494434011;2.1118312610117216
731;82;4;1.8913089577532582;1.8913089577532582;2.1699588765671884
732;65;4;1.7188236935163252;1.7188236935163252;2.076590935737009
733;80;3;1.4581627384442888;1.4581627384442888;1.7208167032406345
734;95;4;2.858380300461763;2.858380300461763;2.927633739149982
735;63;4;1.9098790593571915;1.9098790593571915;2.15222307906565
736;52;3;2.17787502942828;2.17787502942828;2.430035593363758
737;82;4;2.245637751896104;2.245637751896104;2.4001034515642274
738;71;4;2.0426034535748467;2.0426034535748467;2.393313221324126
739;30;4;1.8678083474899347;1.8678083474899347;2.442094975592273
740;36;4;1.9437065619578648;1.9437065619578648;2.343998261279504
741;84;3;1.9051539641834485;1.9051539641834485;2.041203238601423
742;71;4;2.553281725787769;2.553281725787769;2.7988639580143935
743;61;4;2.3715964033375756;2.3715964033375756;2.6226956643433437
744;49;4;1.5068793532742033;1.5068793532742033;1.8723369691883422
745;46;3;2.554850689448173;2.554850689448173;2.582044737840485
746;75;4;2.661187577380545;2.661187577380545;2.593895598251598
747;53;4;2.2975877079057625;2.2975877079057625;2.7785414323024753
748;56;4;1.9789734494548525;1.9789734494548525;2.100887956196128
749;67;4;2.2697491316965377;2.2697491316965377;2.5823146113447293
750;49;3;2.502619320229052;2.502619320229052;2.4143167436134503
751;60;4;2.255760212694079;2.255760212694079;2.578576412119431
752;58;4;3.5801037866056338;3.5801037866056338;3.5088115522210157
753;36;3;3.295902782042203;3.295902782042203;2.885195310691887
754;57;4;2.4076946105692936;2.4076946105692936;2.678672787905389
755;57;4;2.661295092056569;2.661295092056569;2.839040563995827
756;75;3;1.57815245477966;1.57815245477966;1.9827170921511639
757;75;4;2.8900545366354407;2.8900545366354407;2.8759646231580875
758;93;4;3.1365474466797725;3.1365474466797725;2.9676881349188307
759;56;4;2.2357392112850656;2.2357392112850656;2.5275603091626455
760;62;4;1.8809495363309818;1.8809495363309818;2.077189847708084
761;55;4;2.048273744710978;2.048273744710978;2.297785431031797
762;78;4;2.169428784216799;2.169428784216799;2.3413874767414757
763;75;4;2.182970383042917;2.182970383042917;2.2851579815759564
764;80;4;2.7389437934328997;2.7389437934328997;2.714188791923145
765;29;3;1.4036827223858304;1.4036827223858304;1.7301810415372096
766;73;4;2.4394726928590726;2.4394726928590726;2.7332793359555096
767;72;4;2.259517861556696;2.259517861556696;2.622473718022522
768;75;4;2.6005179170681254;2.6005179170681254;2.9158454917610426
769;67;3;2.5609915723718357;2.5609915723718357;2.4858941937839907
770;80;4;2.170914819997709;2.170914819997709;2.3112677847793512
771;90;4;1.7394079635714141;1.7394079635714141;2.0182491628551706
772;101;4;1.5788470562624977;1.5788470562624977;2.0687732279616986
773;74;4;1.447913440272399;1.447913440272399;1.7057044400848889
774;88;4;1.730548372419435;1.730548372419435;2.152767460831656
775;78;3;1.7261044769706484;1.7261044769706484;2.239731955803874
776;45;3;1.4096812350643684;1.4096812350643684;1.6348998864000788
777;96;4;2.879478182662822;2.879478182662822;2.832164424772336
778;56;4;2.6571835088115616;2.6571835088115616;2.796701839078002
779;76;4;1.6679612123187233;1.6679612123187233;2.072454915609962
780;29;3;1.7340362569968777;1.7340362569968777;2.052954732401399
781;71;4;1.4493064882408435;1.4493064882408435;1.7773106046657756
782;80;4;1.7520217538815874;1.7520217538815874;2.0657098644201217
783;64;2;1.5300199649509458;1.5300199649509458;1.816938613851203
784;59;3;1.987286200303901;1.987286200303901;1.8953476104132851
785;96;4;3.6159556385613967;3.6159556385613967;3.588991927276974
786;91;4;2.176893461357001;2.176893461357001;2.1946785054223064
787;68;4;1.7186958685101084;1.7186958685101084;2.0069164961803936
788;32;4;2.622882588537696;2.622882588537696;3.115276633366459
789;41;3;1.7244779866575697;1.7244779866575697;1.8662633197238583
790;43;2;1.7570873092456123;1.7570873092456123;2.1821846234999573
791;49;4;1.6157751390610449;1.6157751390610449;1.8873362173475954
792;53;4;2.6364001121034386;2.6364001121034386;2.7109327335177493
793;66;4;2.038932350983792;2.038932350983792;2.1551067802847625
794;68;4;1.587747694178829;1.587747694178829;1.7582321359771647
795;54;3;2.295437015768808;2.295437015768808;2.5575991447256916
796;49;2;1.6474070208883025;1.6474070208883025;1.7661875784144871
797;28;2;1.6614129551564687;1.6614129551564687;1.707349415621555
798;54;4;1.642528849857758;1.642528849857758;2.0062821813013505
799;47;3;2.0955633152143176;2.0955633152143176;2.2108910152489982
800;87;4;2.7947677904370165;2.7947677904370165;3.0836917110685853
801;39;4;3.0179491878004177;3.0179491878004177;3.1511965150924284
802;53;3;1.8633855569172242;1.8633855569172242;2.0980555508063374
803;65;2;2.4615970037695623;2.4615970037695623;2.6810742665811595
804;92;3;1.650176769916223;1.650176769916223;2.1395167920044376
805;61;4;1.8912857287459857;1.8912857287459857;2.2458028028130825
806;40;4;1.7729228109278479;1.7729228109278479;2.17073402049203
807;32;3;1.8761315385031128;1.8761315385031128;2.2943771191625633
808;62;4;2.520092707872015;2.520092707872015;2.965411159600525
809;56;4;2.6402459536729017;2.6402459536729017;2.8171324467442855
810;73;4;1.8918963575851488;1.8918963575851488;2.357075870065098
811;71;3;1.8575012465589549;1.8575012465589549;2.2198012749897438
812;59;4;1.9865475081907509;1.9865475081907509;2.4391524888066853
813;58;4;2.225815743737095;2.225815743737095;2.596042869414139
814;68;4;2.0581242378084195;2.0581242378084195;2.407764120304393
815;72;4;1.9610316756843071;1.9610316756843071;2.1722215387317285
816;33;4;1.5684058875982125;1.5684058875982125;1.8664468561772283
817;64;4;2.936266784582428;2.936266784582428;3.260496066392303
818;79;3;3.328152894976557;3.328152894976557;3.3702026709662247
819;104;4;2.773869388994118;2.773869388994118;2.57563421535149
820;27;3;1.4301934374732352;1.4301934374732352;1.6455668691321197
821;70;4;2.124534001283268;2.124534001283268;2.448278269267353
822;66;4;2.2398704709294246;2.2398704709294246;2.5519155589654843
823;78;4;1.9128744377203941;1.9128744377203941;2.1522114877460883
824;85;4;1.9706474422594185;1.9706474422594185;2.321181524060883
825;102;4;2.6026414629938;2.6026414629938;2.567006621669514
826;29;3;1.5535777198056968;1.5535777198056968;1.8193791967089832
827;78;4;2.739762948269982;2.739762948269982;3.051134549246762
828;65;4;2.1677905630780843;2.1677905630780843;2.4618356577335776
829;74;3;2.408130941542764;2.408130941542764;2.6719209800049555
830;71;3;2.3132321755379808;2.3132321755379808;2.2619903455769474
831;87;4;2.354590411762113;2.354590411762113;2.6388461643804617
832;90;4;1.5489888039840936;1.5489888039840936;1.8331571761061476
833;85;4;1.8876097703517503;1.8876097703517503;2.2451850144400285
834;70;4;1.5675305322431443;1.5675305322431443;1.7822736365737701
835;94;4;2.0553400082946456;2.0553400082946456;2.50329927541084
836;71;3;1.9235922045791083;1.9235922045791083;2.2708342936777406
837;44;3;1.3904627560803302;1.3904627560803302;1.6349637620589843
838;85;4;2.400644776897208;2.400644776897208;2.7512117758602557
839;55;4;2.228760564680828;2.228760564680828;2.4791763759277057
840;101;4;1.4977551361863881;1.4977551361863881;1.9564550758975665
841;29;3;1.9238296135069775;1.9238296135069775;2.2085664721743954
842;68;4;1.5528098456941724;1.5528098456941724;1.8661170486370469
843;86;4;1.6461856534178982;1.6461856534178982;2.013594739658266
844;58;2;1.6993635658239286;1.6993635658239286;1.8936734251651994
845;58;3;2.069331415226628;2.069331415226628;2.0346332704425567
846;78;4;2.9154087594338653;2.9154087594338653;3.215352248642469
847;94;4;2.442958277759625;2.442958277759625;2.6353157034123367
848;43;4;1.8966692422526015;1.8966692422526015;2.09298847429927
849;30;4;2.6324413711929084;2.6324413711929084;2.7954734127881213
850;46;3;1.8600104736811902;1.8600104736811902;1.9914666324849835
851;46;2;1.5143648068358095;1.5143648068358095;1.781678235201957
852;45;4;1.4713108821634682;1.4713108821634682;1.8372398891526671
853;45;4;2.228204861971395;2.228204861971395;2.408440189175357
854;71;4;2.0919205286134765;2.0919205286134765;2.232204537446034
855;68;4;1.6683124726622525;1.6683124726622525;1.9339322180381626
856;62;3;2.506616585422531;2.506616585422531;2.7003723268969373
857;50;2;1.76769271105373;1.76769271105373;1.8544286712069862
858;24;3;1.8449212323648685;1.8449212323648685;1.8968631056692637
859;49;4;1.5944686362728235;1.5944686362728235;1.9356004210264084
860;53;3;2.1011732970244634;2.1011732970244634;2.2685353574826697
861;81;4;2.829941709352128;2.829941709352128;2.980107085521698
862;30;4;3.549332168397123;3.549332168397123;3.4427257388257004
863;53;3;1.8256483548058637;1.8256483548058637;2.121055020717679
864;82;2;2.4423837401397224;2.4423837401397224;2.5422559028006178
865;81;3;1.6944994134358031;1.6944994134358031;2.03480746753375
866;58;4;1.959654505871043;1.959654505871043;2.369467947719418
867;40;4;1.711258309949837;1.711258309949837;2.0959776707325313
868;37;3;1.9719532857838016;1.9719532857838016;2.338842654805642
869;56;4;2.7291735028030386;2.7291735028030386;3.0850322776339847
870;42;4;2.8442211601877574;2.8442211601877574;3.0330987633925015
871;82;4;2.277277541611917;2.277277541611917;2.662473083848267
872;73;4;1.88659461518884;1.88659461518884;2.2716574856804117
873;66;4;2.003437421487477;2.003437421487477;2.4737710431460207
874;78;4;3.3485718028088485;3.3485718028088485;3.1903926815408905
875;71;4;2.582048345806882;2.582048345806882;2.72412456245103
876;43;4;2.081522806327852;2.081522806327852;2.41031695252211
877;29;4;1.7986374108029837;1.7986374108029837;2.1308124271408486
878;63;3;3.021902520788838;3.021902520788838;2.955103461932159
879;79;3;3.0751992816582923;3.0751992816582923;3.123095711209491
880;62;4;2.56022042735615;2.56022042735615;2.4315020514280823
881;27;3;1.3838803829773298;1.3838803829773298;1.653081950010214
882;69;4;1.8961263966278672;1.8961263966278672;2.036368111929516
883;57;4;2.1237444350005656;2.1237444350005656;2.2660173153449388
884;76;4;2.814877245369167;2.814877245369167;3.159927499374572
885;64;4;3.775076511527554;3.775076511527554;3.9256795167021763
886;67;4;2.387934500704251;2.387934500704251;2.443706651220353
887;29;3;1.7998624286398943;1.7998624286398943;2.050705591483526
888;40;4;3.4277976330525983;3.4277976330525983;3.3076342181080607
889;29;4;3.36697554112568;3.36697554112568;3.134668458025131
890;77;4;2.361602572086266;2.361602572086266;2.816197846983545
891;80;4;2.886014903560821;2.886014903560821;3.1043407000614223
892;66;4;2.837097466291845;2.837097466291845;2.7812410348641885
893;90;4;2.2734269333483295;2.2734269333483295;2.222719784434386
894;79;4;1.6037890937667605;1.6037890937667605;2.041688751578176
895;50;4;3.2125160419845313;3.2125160419845313;3.0208582781716475
896;78;4;2.4078076427496957;2.4078076427496957;2.517732507520862
897;76;3;1.6393301990080567;1.6393301990080567;2.1002107503189116
898;45;3;1.4605515085465615;1.4605515085465615;1.7636479121265143
899;74;4;2.56115577095682;2.56115577095682;2.7366254891087762
900;49;4;3.3347062363767956;3.3347062363767956;3.1362186173370517
901;76;4;1.811186087230223;1.811186087230223;2.055551431909255
902;44;3;2.6539862892321495;2.6539862892321495;2.349125210637014
903;71;4;2.367439335879686;2.367439335879686;2.2572464356856754
904;76;4;2.697391715579156;2.697391715579156;2.5786365799611195
905;60;2;1.647572271643831;1.647572271643831;1.998274790550116
906;60;4;1.9934767339401132;1.9934767339401132;2.1963240307840928
907;82;4;2.318212102545956;2.318212102545956;2.6439699655488855
908;76;4;3.6019904919681753;3.6019904919681753;2.9884387143847024
909;42;4;2.454254821429927;2.454254821429927;2.3928407086138557
910;26;4;3.178326021742362;3.178326021742362;3.277983231036638
911;31;3;2.2095161799075216;2.2095161799075216;2.3111872314529522
912;52;2;1.7339392367423592;1.7339392367423592;2.056432324934296
913;52;3;2.070641365705629;2.070641365705629;2.049840089152822
914;54;4;2.455640254945515;2.455640254945515;2.4479172903657602
915;87;4;1.7339443323346506;1.7339443323346506;1.9438223460296953
916;45;4;3.3636379431742145;3.3636379431742145;2.8716889491786692
917;32;3;2.230639224938176;2.230639224938176;2.420610376594578
918;41;3;2.010981674842215;2.010981674842215;1.955917516169143
919;37;2;1.7543608355580644;1.7543608355580644;1.765050622914548
920;49;4;1.604803930839086;1.604803930839086;1.8229153504107523
921;54;4;2.6711650444140522;2.6711650444140522;2.773015433127629
922;62;4;2.5731033856138357;2.5731033856138357;2.9325472305308407
923;63;4;2.905108093751208;2.905108093751208;2.626650342648517
924;37;3;2.1594719846223973;2.1594719846223973;2.324603347588794
925;37;3;2.6830559759219166;2.6830559759219166;2.82307817756434
926;97;3;2.01760523648958;2.01760523648958;2.4060999977223316
927;68;4;1.7322805313770036;1.7322805313770036;2.0428351100582383
928;40;4;2.3122730149163155;2.3122730149163155;2.531366414718472
929;35;4;1.804467118977166;1.804467118977166;2.228426253593485
930;83;4;3.2737575153955705;3.2737575153955705;3.307472675617918
931;89;3;3.152386795344047;3.152386795344047;2.9496123934760767
932;57;3;2.0390597178196295;2.0390597178196295;2.2332444978870583
933;61;3;2.1321806275320503;2.1321806275320503;2.158499527674296
934;75;4;2.479820352834446;2.479820352834446;2.5679125705521617
935;60;4;2.607254455145682;2.607254455145682;2.937914584007359
936;54;4;4.092908422403463;4.092908422403463;3.595562045912872
937;85;4;2.167884549463496;2.167884549463496;2.3137089881107396
938;34;4;1.6048792351097636;1.6048792351097636;1.927424367041636
939;61;4;2.702455938203641;2.702455938203641;2.905315083992032
940;82;4;2.1315181776036245;2.1315181776036245;2.321669791751614
941;96;4;3.492017653860411;3.492017653860411;3.5401418617985825
942;27;3;1.5227682901641293;1.5227682901641293;1.6844892299654872
943;76;4;2.268362549011018;2.268362549011018;2.448225836090638
944;70;4;2.5408607420068883;2.5408607420068883;2.789712783204965
945;73;4;1.9820478780860284;1.9820478780860284;2.1601299645074166
946;88;4;1.8931025463158464;1.8931025463158464;2.1048517625981624
947;80;4;2.6980147446397384;2.6980147446397384;2.504623715251934
948;30;3;2.068449747161441;2.068449747161441;2.202491706168487
949;93;4;2.4302546321445337;2.4302546321445337;2.584923262795205
950;64;4;2.7865577527983443;2.7865577527983443;2.9964467837924027
951;84;4;2.5802959856174104;2.5802959856174104;2.7582123639486418
952;74;3;2.1259012910923105;2.1259012910923105;2.1193296498135026
953;90;4;2.0967251700250897;2.0967251700250897;2.4151185160654935
954;81;4;1.4558618173713818;1.4558618173713818;1.7114058151771463
955;80;4;1.557782573389552;1.557782573389552;1.9547797075518187
956;72;4;1.5004085548509007;1.5004085548509007;1.731073314469507
957;82;4;1.988718078985225;1.988718078985225;2.251861927171962
958;94;3;1.7516006544665834;1.7516006544665834;2.219027394719977
959;44;3;1.5076250901045458;1.5076250901045458;1.6366091560098004
960;82;4;2.3825750148059788;2.3825750148059788;2.6646844252238377
961;79;4;2.2550493971183094;2.2550493971183094;2.547909115802786
962;80;3;1.9106411400648968;1.9106411400648968;2.151250469141226
963;30;3;1.7933900757556638;1.7933900757556638;2.1261821593772963
964;79;4;1.594435833914255;1.594435833914255;1.8697548378678266
965;68;4;2.1446847479167355;2.1446847479167355;2.2440429013231724
966;68;2;1.5574111477525636;1.5574111477525636;1.7459366502787017
967;59;3;1.960309337584363;1.960309337584363;1.8453711873867182
968;77;4;4.016266958767262;4.016266958767262;3.9501651020238358
969;72;4;1.7749759764338273;1.7749759764338273;1.9310374393372085
970;45;4;1.7947396614549804;1.7947396614549804;2.010795714646623
971;25;4;2.797062896391313;2.797062896391313;3.1493733345484785
972;38;3;1.8488247692322324;1.8488247692322324;2.0715246080169787
973;46;2;1.6997314995210726;1.6997314995210726;2.0970584447263216
974;45;4;1.4983030283019116;1.4983030283019116;1.8691273665984178
975;44;4;2.4055259623395067;2.4055259623395067;2.5131052547298913
976;61;4;2.278189692161681;2.278189692161681;2.285454655660614
977;70;4;1.630153832634562;1.630153832634562;1.8073335690068681
978;51;4;2.275761245409768;2.275761245409768;2.325642891582006
979;50;3;1.6928834420326955;1.6928834420326955;1.7629867055154236
980;26;3;1.815639944005684;1.815639944005684;1.885103963403659
981;49;4;1.6798166805316497;1.6798166805316497;2.011439910323489
982;51;3;2.270503420067328;2.270503420067328;2.4117852111450895
983;85;4;2.735793846460559;2.735793846460559;2.960055294709535
984;40;4;2.943064259843032;2.943064259843032;2.817034168099648
985;51;3;1.9244555405297648;1.9244555405297648;2.191276416745175
986;57;3;2.622144852642397;2.622144852642397;2.540994914442251
987;91;3;1.8426994000655976;1.8426994000655976;2.3164289938222042
988;61;4;2.095451233853984;2.095451233853984;2.414505551840189
989;39;4;1.7828940411615104;1.7828940411615104;2.118367992028314
990;29;3;1.9675755657216876;1.9675755657216876;2.3490004459452334
991;64;4;3.044070682714393;3.044070682714393;3.3163175223782453
992;61;4;2.7796000889151284;2.7796000889151284;2.8458735828064414
993;74;4;2.035214664887619;2.035214664887619;2.4853356980688686
994;70;3;2.271354343774689;2.271354343774689;2.5220952808333608
995;59;4;1.9163337356012056;1.9163337356012056;2.501345736497345
996;83;4;2.598889525103671;2.598889525103671;2.6240326267943463
997;84;4;2.402950823250014;2.402950823250014;2.6704761348104165
998;64;4;2.1057178862227586;2.1057178862227586;2.395017986509839
999;36;4;1.6761504496727253;1.6761504496727253;1.8648499805203793
1000;56;3;3.1903360352044734;3.1903360352044734;3.295606840591992
1001;82;3;3.354412058887118;3.354412058887118;3.34365237103158
1002;80;4;2.3359128064352346;2.3359128064352346;2.248996301248097
1003;28;3;1.3513798941628714;1.3513798941628714;1.6258422486950568
1004;78;4;2.2893928009690456;2.2893928009690456;2.422701757386971
1005;56;4;2.5400736478106096;2.5400736478106096;2.681297006606988
1006;80;4;2.8459639131819694;2.8459639131819694;3.1338636517855205
1007;71;4;3.6662084410054456;3.6662084410054456;3.609384541380905
1008;72;4;2.270892479402954;2.270892479402954;2.4064794236767053
1009;29;3;1.759892290083442;1.759892290083442;2.077408555586177
1010;43;4;3.5639956078044515;3.5639956078044515;3.439892567460553
1011;40;4;3.224274405521405;3.224274405521405;3.15572148319348
1012;76;4;2.445014693947997;2.445014693947997;2.80685512612687
1013;85;4;2.9018371453878475;2.9018371453878475;3.178331252046908
1014;73;4;3.6934102709274548;3.6934102709274548;3.7323497327161044
1015;89;3;2.787591600458168;2.787591600458168;2.5335937389942127
1016;77;4;1.547414552375748;1.547414552375748;2.008174257979088
1017;57;4;3.171966269422684;3.171966269422684;2.902248622914649
1018;84;4;2.3214309723555737;2.3214309723555737;2.476636885691313
1019;72;3;1.8246633446751368;1.8246633446751368;2.164632470702336
1020;45;3;1.5468427131867137;1.5468427131867137;1.8259132670326688
1021;66;4;2.64473300193449;2.64473300193449;2.812083754684097
1022;42;4;3.178857779445715;3.178857779445715;2.989795927545412
1023;73;4;2.0532564804640967;2.0532564804640967;2.0873977735878557
1024;43;3;2.542362272758826;2.542362272758826;2.2800755920226785
1025;69;4;2.016764430839882;2.016764430839882;2.039169230255865
1026;79;4;2.266906949901998;2.266906949901998;2.2772004206380903
1027;56;2;1.65129236530565;1.65129236530565;1.8404389032882382
1028;61;4;2.211334660764464;2.211334660764464;2.3352193169163673
1029;71;4;1.899376106639652;1.899376106639652;2.3454832756440993
1030;66;3;2.6886478558430498;2.6886478558430498;2.4778628705360415
1031;41;4;1.9678457171829373;1.9678457171829373;2.0583130154396594
1032;26;4;3.171960594160021;3.171960594160021;3.0833390320787624
1033;39;3;2.017774946458853;2.017774946458853;2.2554491042623965
1034;55;2;1.7788642234968843;1.7788642234968843;2.071798882515356
1035;56;3;2.6036811595745477;2.6036811595745477;2.395157196873049
1036;67;4;2.445331675220017;2.445331675220017;2.5794084784914593
1037;86;4;2.278401829829769;2.278401829829769;2.2446335307257295
1038;53;4;2.73738075844695;2.73738075844695;2.564220295916492
1039;41;3;1.8304054097117421;1.8304054097117421;2.042469032988187
1040;44;2;2.0843103708600097;2.0843103708600097;2.023557477708241
1041;36;2;1.7260799910090632;1.7260799910090632;1.6912724854115142
1042;50;4;1.9862934312883067;1.9862934312883067;2.0962547793321287
1043;56;4;3.2851146811576837;3.2851146811576837;3.0543689011759145
1044;61;4;2.477451859292828;2.477451859292828;2.9502042896882013
1045;58;4;2.440633624003484;2.440633624003484;2.441270182814984
1046;46;3;1.9906150549665769;1.9906150549665769;2.1661833127226493
1047;62;2;2.2774703719373415;2.2774703719373415;2.477855843622208
1048;75;4;1.8213365791131946;1.8213365791131946;2.017568194500858
1049;66;3;1.8110685740272772;1.8110685740272772;2.1917918079673466
1050;42;3;3.1917375503283076;3.1917375503283076;3.194611837216615
1051;33;4;2.5165228759515244;2.5165228759515244;2.808764739976681
1052;78;4;2.54924733513343;2.54924733513343;2.8582434469721543
1053;83;4;3.6046293713113498;3.6046293713113498;3.2826509460146007
1054;60;4;2.165467766300375;2.165467766300375;2.5544517518616234
1055;69;3;1.9745598337272519;1.9745598337272519;2.255879587953124
1056;59;4;1.9065254274006735;1.9065254274006735;2.505938637878954
1057;63;4;2.4223225597785802;2.4223225597785802;2.786023742404235
1058;54;4;3.278036547196745;3.278036547196745;3.044777155494141
1059;73;4;1.8032818093266214;1.8032818093266214;2.0040617481569267
1060;28;4;1.910469084139661;1.910469084139661;2.1831337192780085
1061;72;4;2.5994401971773216;2.5994401971773216;2.8302115637452903
1062;90;4;2.0942390690214405;2.0942390690214405;2.358823860180512
1063;101;4;3.82544209840218;3.82544209840218;3.567115076616411
1064;27;3;1.3112474002312209;1.3112474002312209;1.6152212369726027
1065;47;4;1.931498725071486;1.931498725071486;2.2307446627353995
1066;66;4;2.287804922568552;2.287804922568552;2.473352293425215
1067;75;4;2.699411336902467;2.699411336902467;2.8612602106657485
1068;62;4;3.6378779569270376;3.6378779569270376;3.656294015872674
1069;66;4;2.214601161379815;2.214601161379815;2.255082178547714
1070;29;3;1.6297279215732754;1.6297279215732754;1.9178739483213803
1071;56;4;3.062686895078448;3.062686895078448;3.174326470435105
1072;42;4;3.28811500530076;3.28811500530076;3.212673220094629
1073;76;4;2.3626214260531917;2.3626214260531917;2.82706883403514
1074;81;4;3.1328607184971604;3.1328607184971604;3.4044808608944073
1075;59;4;2.987741547939638;2.987741547939638;2.910832315686997
1076;68;3;2.847593299164015;2.847593299164015;2.473308457059742
1077;69;4;1.6737661048501982;1.6737661048501982;2.0315470586160846
1078;44;4;3.0831413992528893;3.0831413992528893;2.7915992808215453
1079;72;4;1.9738876973467778;1.9738876973467778;2.139018372560458
1080;78;3;1.675416896820771;1.675416896820771;2.1415213776579254
1081;45;3;1.4846431781511513;1.4846431781511513;1.7611977013189513
1082;70;4;2.5769016756279566;2.5769016756279566;2.770282085193267
1083;42;4;4.1812135731909;4.1812135731909;3.764419298895427
1084;70;4;1.9368291792266525;1.9368291792266525;2.0924725525377177
1085;34;3;2.570243161354077;2.570243161354077;2.5106684955439014
1086;63;4;1.9538949018299998;1.9538949018299998;1.9521524704670041
1087;67;4;2.459855943909205;2.459855943909205;2.4222548519770113
1088;63;2;1.6124530651115552;1.6124530651115552;1.964043496176121
1089;61;4;1.9925554457606733;1.9925554457606733;2.176879403414261
1090;80;4;1.8744111867410653;1.8744111867410653;2.294539191864293
1091;69;4;2.2437711316633715;2.2437711316633715;2.2087082567806346
1092;38;4;1.883208330190562;1.883208330190562;2.0333297952656437
1093;19;4;3.6636621389480237;3.6636621389480237;3.6252261086724156
1094;28;3;2.2144670266186406;2.2144670266186406;2.336556450922879
1095;58;2;1.7418732514305961;1.7418732514305961;2.067556801455229
1096;51;3;2.1181437064369395;2.1181437064369395;2.0894699610777216
1097;53;4;3.0045614670047303;3.0045614670047303;2.6483322795460618
1098;78;4;2.462409510552982;2.462409510552982;2.4118950039384988
1099;46;4;2.8342513412460173;2.8342513412460173;2.55488071888701
1100;31;3;2.2622668877124763;2.2622668877124763;2.388509554578498
1101;44;3;1.9103643336721925;1.9103643336721925;1.9172175216358747
1102;36;2;1.7081456018515835;1.7081456018515835;1.73212280805334
1103;48;4;1.5196633032003548;1.5196633032003548;1.7122234318480045
1104;52;4;2.86370425801944;2.86370425801944;2.9463375363312174
1105;70;4;2.388536010182489;2.388536010182489;2.8603547980644795
1106;50;4;2.564356926228916;2.564356926228916;2.501069965389124
1107;40;2;1.9899498998786698;1.9899498998786698;2.2386828526317655
1108;41;2;2.5471437668178476;2.5471437668178476;2.8298814083202966
1109;89;4;2.0253015307653324;2.0253015307653324;2.2792183991595167
1110;65;3;1.8263048623078035;1.8263048623078035;2.3015359854706494
1111;40;4;2.2847354358791514;2.2847354358791514;2.5333774861134004
1112;29;4;1.7783908195014988;1.7783908195014988;2.2119745592973614
1113;68;4;2.525857377874884;2.525857377874884;2.8839047938202143
1114;71;3;3.6250495756952166;3.6250495756952166;3.3672189731972
1115;58;4;1.9934483827507015;1.9934483827507015;2.4133224550356474
1116;63;3;1.8971993658554906;1.8971993658554906;2.141887214310679
1117;68;4;2.3851710423467534;2.3851710423467534;2.7089683768743713
1118;66;4;2.278255411501244;2.278255411501244;2.680310569431293
1119;55;4;2.749847195710762;2.749847195710762;2.5705784217990417
1120;79;4;1.951188211004139;1.951188211004139;2.1456826120940766
1121;34;4;1.5621116346391977;1.5621116346391977;1.896306951592228
1122;54;4;2.739847194475655;2.739847194475655;2.952704737112242
1123;83;4;2.387529835977583;2.387529835977583;2.486681884865229
1124;102;4;3.9011591782901256;3.9011591782901256;3.807047384391485
1125;27;3;1.3319284746976205;1.3319284746976205;1.6269936119617474
1126;73;4;1.8023496928993283;1.8023496928993283;2.015022077657903
1127;73;4;2.3566152375340574;2.3566152375340574;2.6535983792086175
1128;80;4;2.0251842465666043;2.0251842465666043;2.318246423880352
1129;84;4;1.9391951706908697;1.9391951706908697;2.265802373050948
1130;85;3;2.9896910609830716;2.9896910609830716;3.0350719177315035
1131;29;3;1.4514312833596257;1.4514312833596257;1.7967710863980388
1132;83;4;2.4924707888080766;2.4924707888080766;2.812317212780092
1133;65;4;3.019987139242353;3.019987139242353;3.344784251777077
1134;77;4;2.5194486355028696;2.5194486355028696;2.8975551022203896
1135;65;3;2.5628550949277202;2.5628550949277202;2.575272477635349
1136;86;4;2.152457233502868;2.152457233502868;2.4341458645883085
1137;76;4;1.414065981562455;1.414065981562455;1.7030218612753345
1138;105;4;1.6628305511292947;1.6628305511292947;1.965299794506458
1139;73;4;1.7340069410166636;1.7340069410166636;2.016991460947429
1140;77;4;1.9745391329569568;1.9745391329569568;2.2490571196300806
1141;82;3;1.8080464692777682;1.8080464692777682;2.365866135988998
1142;42;3;1.4452669288065234;1.4452669288065234;1.6910875465606672
1143;86;4;3.394392714724321;3.394392714724321;3.425565531761406
1144;64;4;1.9675380362789228;1.9675380362789228;2.3583513917405345
1145;94;4;1.4356784113804484;1.4356784113804484;1.8938636855970854
1146;29;3;1.7671026755304649;1.7671026755304649;2.125605395375719
1147;77;4;1.565374627120834;1.565374627120834;1.8284501743860189
1148;74;4;2.0841357100423896;2.0841357100423896;2.3342644814150395
1149;64;2;1.516644657187369;1.516644657187369;1.7618858153401873
1150;59;3;1.8814447203246152;1.8814447203246152;1.8951907875270597
1151;70;4;3.0609042931795587;3.0609042931795587;3.073844788929264
1152;90;4;2.4548047916355844;2.4548047916355844;2.6152213571611105
1153;68;4;1.7869677148695629;1.7869677148695629;2.0870442411287966
1154;29;4;2.5483489698169812;2.5483489698169812;2.937490173030894
1155;42;3;1.7727484586026967;1.7727484586026967;2.0050420213970583
1156;46;2;1.6829067035546894;1.6829067035546894;2.078923064564008
1157;45;4;1.3622494301657333;1.3622494301657333;1.7588366318046817
1158;35;4;2.5700481945840186;2.5700481945840186;2.5041853758454615
1159;68;4;1.7829747152461342;1.7829747152461342;1.874869468740636
1160;59;4;2.351393408110827;2.351393408110827;2.2664732824416762
1161;55;4;2.3581379703818994;2.3581379703818994;2.4651528083490284
1162;49;2;1.5665383873569325;1.5665383873569325;1.6440463239312217
1163;31;2;1.6124438063608713;1.6124438063608713;1.6809987317362867
1164;44;4;1.6503457804377408;1.6503457804377408;1.963382093835185
1165;39;4;1.952456148786662;1.952456148786662;2.2972799716895946
1166;72;4;2.6347546312081467;2.6347546312081467;2.8146937681308173
1167;39;4;3.136620531620949;3.136620531620949;3.184642056427233
1168;48;3;1.97166827697465;1.97166827697465;2.2223288073342524
1169;62;2;2.4339009733631976;2.4339009733631976;2.7191859843018507
1170;86;3;1.6296808465070842;1.6296808465070842;2.098889606142756
1171;60;4;1.7823564775214826;1.7823564775214826;2.2227344488690934
1172;39;4;1.5280287930317824;1.5280287930317824;1.8438439371704496
1173;30;3;2.103288156837785;2.103288156837785;2.42352172552
1174;55;4;2.2611168613520327;2.2611168613520327;2.5097145212027825
1175;66;4;2.7077517863259075;2.7077517863259075;2.755072431791855
1176;68;4;1.9518220148246914;1.9518220148246914;2.4460650454847324
1177;73;4;1.8182363287241545;1.8182363287241545;2.1711889406815508
1178;59;4;2.0187850730122348;2.0187850730122348;2.5008021580562003
1179;62;3;3.532955321958534;3.532955321958534;3.4576199221007236
1180;65;4;2.4027652839046945;2.4027652839046945;2.4991635334303526
1181;49;4;2.1128071780569075;2.1128071780569075;2.3684083631538315
1182;32;4;1.6475460410301974;1.6475460410301974;1.868089547150632
1183;66;3;2.27600677355165;2.27600677355165;2.2590357273572796
1184;78;3;2.658910833161189;2.658910833161189;2.709023276782723
1185;63;4;2.4066700207266116;2.4066700207266116;2.398400360483356
1186;27;3;1.3154199594029485;1.3154199594029485;1.6344110695681902
1187;65;4;2.183337550787036;2.183337550787036;2.491411587406538
1188;60;4;2.2177718484932964;2.2177718484932964;2.4938299979793563
1189;68;4;2.1749243749113716;2.1749243749113716;2.419539649147822
1190;96;4;2.3587183883911917;2.3587183883911917;2.643204992256784
1191;93;4;2.8500493502100652;2.8500493502100652;2.9176719176297907
1192;29;3;1.4167139506037958;1.4167139506037958;1.70191460296687
1193;94;4;2.4341575143649252;2.4341575143649252;2.5826561718219216
1194;74;4;2.113515366405256;2.113515366405256;2.4534619670293183
1195;82;4;2.23527704686462;2.23527704686462;2.6327865364728145
1196;52;3;3.0213782085326244;3.0213782085326244;2.7495939040085005
1197;91;4;3.0968785871044284;3.0968785871044284;2.910081266062057
1198;72;4;1.5032822455058181;1.5032822455058181;1.8665257920573024
1199;101;4;1.846992450088062;1.846992450088062;2.1269249776087538
1200;73;4;1.518459115587423;1.518459115587423;1.847344848844245
1201;89;4;1.8842755074314235;1.8842755074314235;2.30756699045806
1202;83;3;1.7434703113488246;1.7434703113488246;2.221364522591714
1203;40;4;1.4262801824431726;1.4262801824431726;1.643753675776279
1204;70;4;2.1677618679407984;2.1677618679407984;2.2775114567412347
1205;90;4;2.0499297411457147;2.0499297411457147;2.2864461227238198
1206;86;4;1.5033888403588924;1.5033888403588924;1.9050091640210287
1207;31;3;1.8899301596891351;1.8899301596891351;2.198109623135428
1208;72;4;1.535036504880959;1.535036504880959;1.8470212989411983
1209;82;4;1.940111613761998;1.940111613761998;2.2880846525084464
1210;59;2;1.6287722820969155;1.6287722820969155;1.8353352381832002
1211;59;3;1.9390906314636331;1.9390906314636331;1.8778168592558344
1212;68;4;2.7064441540376203;2.7064441540376203;2.930391450921538
1213;74;4;2.5143402222422586;2.5143402222422586;2.4490274144776873
1214;60;4;1.8669718852420172;1.8669718852420172;2.1460777952181673
1215;35;4;2.5690050656875303;2.5690050656875303;2.919772662221844
1216;53;3;2.035817933799729;2.035817933799729;2.195011372347329
1217;49;2;1.499341880421827;1.499341880421827;1.8378959479194752
1218;44;4;1.4136279950704191;1.4136279950704191;1.770197681503221
1219;47;4;2.5589487610232697;2.5589487610232697;2.533801984308761
1220;65;4;1.8219926855997686;1.8219926855997686;2.00787346880049
1221;68;4;1.6815235194485125;1.6815235194485125;1.9285192681175123
1222;65;4;2.5308656730707715;2.5308656730707715;2.694714922767046
1223;52;2;1.4975247152086257;1.4975247152086257;1.6115991948070094
1224;24;3;1.8208942947356044;1.8208942947356044;1.8852547269477449
1225;42;4;1.81067583779973;1.81067583779973;2.037080820292258
1226;34;4;1.897455656670912;1.897455656670912;2.3250319697330575
1227;77;4;2.564308389495456;2.564308389495456;2.7208584349636182
1228;31;4;3.330404617784745;3.330404617784745;3.4920261982278795
1229;54;3;1.8868505181815123;1.8868505181815123;2.179352338987705
1230;72;2;2.4548120463359946;2.4548120463359946;2.594524867718133
1231;72;3;1.7773429013354325;1.7773429013354325;2.0431056069750277
1232;61;4;1.7817184678405589;1.7817184678405589;2.0969724979569184
1233;39;4;1.552708434097834;1.552708434097834;1.865628544763183
1234;36;3;2.1529397530932513;2.1529397530932513;2.240696914055402
1235;53;4;2.9193870993914013;2.9193870993914013;3.362881768672271
1236;43;4;2.4937322165804168;2.4937322165804168;2.813918385560709
1237;77;4;2.590246498803295;2.590246498803295;2.903336060664673
1238;76;4;2.1265099125610054;2.1265099125610054;2.3510390865866793
1239;74;4;2.717425944316281;2.717425944316281;3.04853858030266
1240;52;3;3.7440239978328895;3.7440239978328895;3.6845092097710475
1241;68;4;2.3716464098770005;2.3716464098770005;2.5114184977285796
1242;43;4;2.1573853215499352;2.1573853215499352;2.515319584954007
1243;29;4;1.7729343892944922;1.7729343892944922;2.1223032233078323
1244;62;3;2.171538374881174;2.171538374881174;2.252584729380424
1245;81;3;2.938982437928807;2.938982437928807;2.869693478767312
1246;37;4;2.609564653088973;2.609564653088973;2.4347145231704275
1247;27;3;1.3450934418576677;1.3450934418576677;1.6506751755432645
1248;74;4;2.102457551348652;2.102457551348652;2.3309784389425707
1249;58;4;2.476088789755373;2.476088789755373;2.7556419845881335
1250;64;4;2.1988845965810424;2.1988845965810424;2.447078666675931
1251;89;4;2.418088855617297;2.418088855617297;2.7141303799161185
1252;92;4;2.977770215606399;2.977770215606399;2.999677860853198
1253;29;3;1.4763378670645422;1.4763378670645422;1.7562459315078889
1254;72;4;2.8817539182469085;2.8817539182469085;2.9271581310308874
1255;72;4;2.0916931675452197;2.0916931675452197;2.4920546580276595
1256;77;4;2.4381194023487978;2.4381194023487978;2.8778472202775176
1257;55;3;2.67201987500889;2.67201987500889;2.5795541964242013
1258;89;4;2.9052797491370477;2.9052797491370477;2.8783838906480987
1259;72;4;1.5082961644040347;1.5082961644040347;1.8263775392055
1260;103;4;1.9446763578789914;1.9446763578789914;2.2287693913234072
1261;70;4;1.5918803044620524;1.5918803044620524;1.887963879286393
1262;94;4;2.0740543091272574;2.0740543091272574;2.460926152947827
1263;75;3;1.7661249672239778;1.7661249672239778;2.1317740619432883
1264;40;4;1.4197264784910628;1.4197264784910628;1.6654838275816162
1265;77;4;2.6053364102209478;2.6053364102209478;2.8643416069915024
1266;90;4;1.9891854886710987;1.9891854886710987;2.3709707294734943
1267;81;4;1.6950727367335992;1.6950727367335992;2.0576575548626073
1268;29;3;1.8985961181973963;1.8985961181973963;2.122101098692701
1269;67;4;1.7755830398999117;1.7755830398999117;2.001525804652798
1270;89;4;1.8803484380502653;1.8803484380502653;2.2372296306250172
1271;57;2;1.8127837522878094;1.8127837522878094;1.98509660532421
1272;59;3;1.8336765093241976;1.8336765093241976;1.8219269531399456
1273;71;4;2.469793237779474;2.469793237779474;2.601575817016725
1274;92;4;2.496283799320059;2.496283799320059;2.666747229850486
1275;64;4;2.156145789119959;2.156145789119959;2.3120172361706555
1276;32;4;2.8268048775570134;2.8268048775570134;3.133942778252527
1277;54;3;2.175177972304205;2.175177972304205;2.321402530363251
1278;50;2;1.5492848514305428;1.5492848514305428;1.880839280690172
1279;45;4;1.3407303792774472;1.3407303792774472;1.7197935274200575
1280;41;4;2.245350685792657;2.245350685792657;2.356159140870375
1281;68;4;1.9072119386397564;1.9072119386397564;2.099907821989703
1282;63;4;1.8186874544275982;1.8186874544275982;2.0315784532237102
1283;63;4;2.7279395422795716;2.7279395422795716;2.7797210152482483
1284;53;2;1.4996897386298866;1.4996897386298866;1.5862101296685547
1285;27;3;1.6668925039988736;1.6668925039988736;1.7005510921535183
1286;44;4;1.7473205471625073;1.7473205471625073;2.0442517604570285
1287;42;4;1.8980576399206643;1.8980576399206643;2.348035554064431
1288;76;4;2.898012517714028;2.898012517714028;3.0305487026994444
1289;24;4;3.3867793174644767;3.3867793174644767;3.443973337387465
1290;53;3;1.9393773851813978;1.9393773851813978;2.271958294724096
1291;77;2;2.6083734868847435;2.6083734868847435;2.787767292049242
1292;77;3;1.7524140021173304;1.7524140021173304;2.042414868189518
1293;63;4;1.7158633859027486;1.7158633859027486;2.134268510204871
1294;37;4;1.594178331382375;1.594178331382375;1.9024242158821472
1295;30;3;2.171962008122236;2.171962008122236;2.3763438346907826
1296;51;4;2.986277112149768;2.986277112149768;3.423114432558499
1297;39;4;2.6583110125706417;2.6583110125706417;2.934466362770704
1298;77;4;2.651660470539098;2.651660470539098;2.97601492223441
1299;69;4;1.9513753994290577;1.9513753994290577;2.2718775107170983
1300;66;4;2.1821711805364545;2.1821711805364545;2.656116770990539
1301;54;3;4.098333925631395;4.098333925631395;3.8408982546551633
1302;63;4;2.511726776686602;2.511726776686602;2.603124345592094
1303;41;4;2.0509618023227745;2.0509618023227745;2.3905869152007395
1304;27;4;1.932482325107408;1.932482325107408;2.1828885153940725
1305;63;3;2.2318414706516125;2.2318414706516125;2.312391233984403
1306;80;3;3.0366360091583577;3.0366360091583577;2.9497143676784137
1307;31;4;2.917226644903964;2.917226644903964;2.4909952831859004
1308;29;3;1.4606655533159107;1.4606655533159107;1.6859764620687954
1309;71;4;2.100942008108622;2.100942008108622;2.1856364035827993
1310;57;4;2.3329442801120934;2.3329442801120934;2.5975989827796924
1311;70;4;2.5083341286909273;2.5083341286909273;2.7202565439203013
1312;69;4;2.3432547160220785;2.3432547160220785;2.3304957242740123
1313;63;3;2.7583714915240853;2.7583714915240853;2.659188581545531
1314;29;3;1.5815635944188207;1.5815635944188207;1.918926190595109
1315;80;4;2.2890843855695957;2.2890843855695957;2.4255589618089752
1316;49;4;3.4162588541348073;3.4162588541348073;3.399256234985856
1317;86;4;2.5533759703408134;2.5533759703408134;2.545023758884857
1318;59;3;3.206505125452408;3.206505125452408;3.0898299932045377
1319;74;4;2.5658896141110383;2.5658896141110383;2.579926274887209
1320;93;4;2.024974790731919;2.024974790731919;2.2196153541743353
1321;93;4;1.5993553629423176;1.5993553629423176;1.9965793450517202
1322;74;4;1.7144353609272067;1.7144353609272067;1.9261591374651625
1323;73;4;2.230363556162043;2.230363556162043;2.3520575434123896
1324;90;3;2.250631431014947;2.250631431014947;2.4787546118250825
1325;45;3;1.534643679032478;1.534643679032478;1.707991845243595
1326;79;4;3.081441160505767;3.081441160505767;3.112946624995682
1327;52;4;3.1758753873623484;3.1758753873623484;3.106609516535756
1328;74;4;1.7024434260676307;1.7024434260676307;2.04676275658088
1329;29;3;1.8700010214046556;1.8700010214046556;2.017719611297309
1330;89;4;1.9022114086712085;1.9022114086712085;2.047076255149654
1331;69;4;2.0907545655048048;2.0907545655048048;2.183222889992833
1332;67;2;1.8535011104428665;1.8535011104428665;1.986878316092666
1333;58;4;2.0578450263631547;2.0578450263631547;2.049588586035849
1334;106;4;4.611848145169557;4.611848145169557;3.7784365100304895
1335;102;4;1.9097909431831779;1.9097909431831779;1.9139752879548304
1336;63;4;1.8522285931847602;1.8522285931847602;2.00296317515423
1337;23;4;3.309925088201879;3.309925088201879;3.4129405906470898
1338;30;3;2.069370146799909;2.069370146799909;2.245759720436216
1339;48;2;1.918641642626001;1.918641642626001;2.0921160106011634
1340;50;4;1.929362234189851;1.929362234189851;2.1376923745996046
1341;65;4;2.453332681296948;2.453332681296948;2.51584189041044
1342;73;4;2.39255099946468;2.39255099946468;2.4124344254485854
1343;66;4;1.5947148936839086;1.5947148936839086;1.7570099621771342
1344;30;3;2.7451267080594373;2.7451267080594373;2.559049480650203
1345;33;3;2.0933205878542336;2.0933205878542336;2.0587419164309044
1346;30;2;1.8421182205855342;1.8421182205855342;1.7203724691673954
1347;54;4;1.7171159658511694;1.7171159658511694;2.0650885353895654
1348;54;4;2.405238261629851;2.405238261629851;2.4446950370676253
1349;63;4;2.4157466667772405;2.4157466667772405;2.924075772186428
1350;36;4;3.4065485035172887;3.4065485035172887;2.946843882014979
1351;36;2;1.9649332866009157;1.9649332866009157;2.2071846465187708
1352;39;2;2.5925623554442487;2.5925623554442487;2.637808707723117
1353;82;3;2.078280933661982;2.078280933661982;2.3426199492030464
1354;59;4;1.9788374728949925;1.9788374728949925;2.2338123259519485
1355;40;4;1.8638459789259132;1.8638459789259132;2.2292291185518436
1356;29;4;1.8461965495969048;1.8461965495969048;2.2664962459892792
1357;72;4;2.465108779553051;2.465108779553051;2.7638352560245996
1358;77;4;2.523875757830648;2.523875757830648;2.500723024708558
1359;58;3;2.066437474251869;2.066437474251869;2.3704550648880742
1360;61;3;1.736722028283649;1.736722028283649;1.8749512372949881
1361;57;3;2.3330953150092992;2.3330953150092992;2.443170580969366
1362;59;4;2.3441788611323013;2.3441788611323013;2.7429920652392568
1363;66;4;2.166492003293325;2.166492003293325;2.463696094268304
1364;67;4;2.8435842489471006;2.8435842489471006;3.086232809812515
1365;35;4;1.5349151213746177;1.5349151213746177;1.8857403513078508
1366;70;4;2.7864929426722074;2.7864929426722074;3.1230212713097467
1367;75;3;3.182600725364166;3.182600725364166;3.149675639948329
1368;94;4;2.9213526865911015;2.9213526865911015;2.6972044474147094
1369;27;3;1.318545128765754;1.318545128765754;1.6151326702420798
1370;76;4;2.2714721107587477;2.2714721107587477;2.4675149822662106
1371;65;4;2.5580162331387624;2.5580162331387624;2.7347825320948895
