Skewness: 0.0, Average LID: LPCA: 3.7128279883381925  |||  MLE: 2.151635775051712  |||  MLENB: 2.151635775051712  |||  TLE: 2.3893230826564507
LPCA: 0.15800469010760945  |||  MLE: 0.14877534398499828  |||  MLENB: 0.14877534398499828  |||  TLE: 0.10052404709546965
node;in_degree;local_intrinsic_dimensionality_LPCA;local_intrinsic_dimensionality_MLE;local_intrinsic_dimensionality_MLENB;local_intrinsic_dimensionality_TLE
0;79;4;2.254258997938302;2.254258997938302;2.459703387915307
1;81;4;1.636634995445072;1.636634995445072;2.0607440364774785
2;78;3;1.6069393831825303;1.6069393831825303;1.840790282095145
3;95;3;1.6790948699501562;1.6790948699501562;1.888518640123135
4;95;4;1.2674195390943537;1.2674195390943537;3.646318342246108
5;98;3;2.466630451157106;2.466630451157106;2.3453104047805007
6;101;4;1.7624090026784616;1.7624090026784616;2.1592864738903272
7;28;4;2.160322900115627;2.160322900115627;2.7046176115382807
8;109;4;2.475274733941685;2.475274733941685;2.556835082443071
9;66;4;2.052127154542541;2.052127154542541;2.3862766814040084
10;68;4;1.9313778160143034;1.9313778160143034;2.49515163109801
11;85;3;1.2995517758683535;1.2995517758683535;1.612731054586532
12;78;4;2.1856753788419927;2.1856753788419927;2.539091989918324
13;52;4;2.0789528587849553;2.0789528587849553;2.3938829894839166
14;72;4;2.0099039798072047;2.0099039798072047;2.3501355543187663
15;76;3;1.5860124228060226;1.5860124228060226;1.6444126690827372
16;88;4;1.9071591035408026;1.9071591035408026;2.3646843451436235
17;72;4;2.1916733575103464;2.1916733575103464;2.5195288780456226
18;33;4;1.9854343669495473;1.9854343669495473;2.6893815923848563
19;65;3;1.381398561859581;1.381398561859581;1.4247621662426875
20;51;4;2.208941690682165;2.208941690682165;2.164484304856639
21;98;4;0.0;0.0;3.6463044928433828
22;79;3;0.989901207113284;0.989901207113284;1.2082457635318056
23;93;4;2.0261614232091696;2.0261614232091696;2.4856940877612024
24;72;3;1.4128390464128928;1.4128390464128928;1.5156894856991368
25;25;4;3.3160256032319406;3.3160256032319406;3.300137412782487
26;87;4;3.5786462870800126;3.5786462870800126;3.5740062791907135
27;53;3;2.8152797922583193;2.8152797922583193;2.969048674236587
28;49;3;2.871421578276435;2.871421578276435;2.129693997049935
29;79;3;1.5374106027575054;1.5374106027575054;1.6114102762272993
30;79;4;4.447934242733075;4.447934242733075;3.5399718355849816
31;64;3;2.474555936018688;2.474555936018688;2.470447967407732
32;97;4;1.8852546557878953;1.8852546557878953;2.12527864586735
33;95;4;2.264054322347326;2.264054322347326;2.509558235293477
34;34;4;2.0922197943464638;2.0922197943464638;2.2459604707068825
35;119;4;2.656845473929413;2.656845473929413;2.8406247689858413
36;109;4;2.424252033782114;2.424252033782114;2.6046252197160986
37;111;4;1.8805457592521762;1.8805457592521762;2.20024675474452
38;36;3;3.637728105209622;3.637728105209622;3.210573527276548
39;99;3;1.6326421620057987;1.6326421620057987;1.8037051260471688
40;65;4;1.8964813229178785;1.8964813229178785;2.041586639446037
41;33;4;0.0;0.0;3.5296894543320216
42;115;4;2.798840986253154;2.798840986253154;3.1101238159436875
43;57;4;2.0627818793528028;2.0627818793528028;2.3395856028208493
44;74;4;1.7857823853632129;1.7857823853632129;2.1285197474887516
45;30;4;0.0;0.0;3.388304287600177
46;101;4;2.494479437066505;2.494479437066505;2.7282677799752273
47;30;4;0.0;0.0;3.388304287600177
48;100;4;2.469544292208642;2.469544292208642;2.6151884526402895
49;73;3;2.258502108707311;2.258502108707311;2.2920382148540415
50;81;3;1.797902458653264;1.797902458653264;1.9273468070731339
51;36;3;2.57590813565193;2.57590813565193;2.6529773269238177
52;90;4;2.905292348380205;2.905292348380205;2.8901955276780718
53;106;4;3.0026713482225786;3.0026713482225786;2.94646186047729
54;67;3;2.4918773911871424;2.4918773911871424;2.44591327916689
55;75;4;2.039729332096167;2.039729332096167;2.1329013960635907
56;81;4;1.7682887994838394;1.7682887994838394;2.0868593909480597
57;35;3;2.401432996520234;2.401432996520234;2.3661142155406774
58;105;3;2.424803224711454;2.424803224711454;2.5127842768141395
59;64;4;2.5349703849093084;2.5349703849093084;2.4953691830506015
60;58;4;2.802087676658255;2.802087676658255;2.9461732420493867
61;62;4;1.8875064229489456;1.8875064229489456;2.250295575122752
62;67;3;1.0819886043026068;1.0819886043026068;1.2286844912151043
63;63;4;5.532038479517329;5.532038479517329;4.073847234309454
64;34;3;2.6830396626536857;2.6830396626536857;2.605498302029705
65;111;4;2.4702577335275127;2.4702577335275127;2.638381751838868
66;81;3;1.409396674733733;1.409396674733733;1.4984935697466237
67;145;3;2.4293911117432883;2.4293911117432883;2.510830888680104
68;125;4;2.629053848257878;2.629053848257878;2.73524600127833
69;117;4;2.8477843201674333;2.8477843201674333;2.9793536474085855
70;84;3;1.5575757292651484;1.5575757292651484;1.8463059441513892
71;70;4;1.5429299271987782;1.5429299271987782;1.756228687126527
72;77;3;1.3676607357224368;1.3676607357224368;1.4933563914549508
73;91;3;1.5047064323087054;1.5047064323087054;1.6325497310049002
74;65;3;1.0535481533630005;1.0535481533630005;1.1908695826345093
75;85;4;2.1105886408827073;2.1105886408827073;2.3881741158711933
76;95;4;2.5489371684372664;2.5489371684372664;2.5975080284887335
77;54;4;1.8581545287084056;1.8581545287084056;2.175023754809371
78;87;4;3.0514770542229317;3.0514770542229317;3.20849276257421
79;59;3;2.612764896493988;2.612764896493988;2.518940078547262
80;79;4;1.949158005455321;1.949158005455321;2.4588893201912656
81;119;4;2.4570888626923995;2.4570888626923995;2.5016652517122995
82;68;4;1.8191628885953095;1.8191628885953095;2.198408826487633
83;90;4;2.0367984081138077;2.0367984081138077;2.462395605221869
84;72;4;1.8763988958889426;1.8763988958889426;2.077175233129171
85;120;4;2.0783021906468875;2.0783021906468875;2.325135735079375
86;38;4;2.0562843730173883;2.0562843730173883;2.284625641458463
87;74;4;2.183817820961674;2.183817820961674;2.4058757283268846
88;79;3;1.3256556472635799;1.3256556472635799;1.6962952919418106
89;98;4;1.933748662211884;1.933748662211884;2.16859710983677
90;68;4;3.5845786040010883;3.5845786040010883;3.340422118761978
91;70;4;1.9641333638767409;1.9641333638767409;2.3016253893205447
92;79;4;1.6848545929677734;1.6848545929677734;1.9842953972710038
93;31;4;2.6624861668886632;2.6624861668886632;3.0623622260456442
94;135;4;2.7338618421322822;2.7338618421322822;2.6275326457129085
95;36;4;5.226923663761642;5.226923663761642;4.063332353129798
96;124;4;3.275443588346143;3.275443588346143;3.1842810620685142
97;31;4;2.324604964646732;2.324604964646732;2.8066824097046754
98;76;3;1.0761517738600272;1.0761517738600272;1.2271530010836327
99;78;4;1.8390062056906906;1.8390062056906906;2.140340624581323
100;72;3;2.6948777301281894;2.6948777301281894;2.6289135062823594
101;63;3;2.013967994404657;2.013967994404657;2.072373183978467
102;61;3;2.1676169416739786;2.1676169416739786;2.294668298426009
103;106;3;1.9145528127797153;1.9145528127797153;2.1235553385104358
104;76;4;1.5823815456922574;1.5823815456922574;1.8173602534205744
105;81;4;2.08521668852957;2.08521668852957;2.308434327075941
106;95;3;2.0894304162759822;2.0894304162759822;1.9468267673653579
107;35;4;0.0;0.0;3.120056780890308
108;94;3;1.623096431749503;1.623096431749503;1.7294152917899883
109;100;3;1.4894627812237033;1.4894627812237033;1.676296628046239
110;93;3;1.7873612299812687;1.7873612299812687;1.9586044842235244
111;100;4;3.163552887371589;3.163552887371589;3.1713285991670905
112;123;3;2.772779329396814;2.772779329396814;2.405775607281211
113;79;4;2.500205736479084;2.500205736479084;2.5293403823454685
114;135;4;4.2430260265943085;4.2430260265943085;3.8611400116296757
115;58;3;3.8084888261365246;3.8084888261365246;3.2723759755022024
116;100;4;2.4269957565940548;2.4269957565940548;2.487684841153681
117;85;4;2.130632618286292;2.130632618286292;2.4368811993182433
118;81;4;2.284130823193273;2.284130823193273;2.32181352201362
119;104;4;0.0;0.0;3.475157003016785
120;92;3;1.204409470649322;1.204409470649322;1.340664573434709
121;73;3;0.9134077538399543;0.9134077538399543;1.1066109864511258
122;101;4;2.505181444580633;2.505181444580633;2.8050340491872228
123;41;4;2.1708703600111203;2.1708703600111203;2.5191313493282306
124;99;4;2.4419079255209684;2.4419079255209684;2.478974457493208
125;100;4;2.073131532004126;2.073131532004126;2.4128909195778965
126;40;4;1.9699037035023188;1.9699037035023188;2.0300389309433777
127;81;3;1.4087040095203387;1.4087040095203387;1.6133103349632374
128;82;4;2.579999805867243;2.579999805867243;2.5719745775369796
129;117;4;1.8291327303322338;1.8291327303322338;2.0648107790431323
130;106;3;1.9219549888864977;1.9219549888864977;2.2051907252890923
131;73;4;1.9358416307332695;1.9358416307332695;2.2558725458091318
132;86;4;2.307409007307046;2.307409007307046;2.681753903990196
133;58;4;1.9045640476734333;1.9045640476734333;2.2411129848035385
134;111;4;2.8891272367465195;2.8891272367465195;2.9153712854422476
135;73;3;1.18636975707634;1.18636975707634;1.3092187184823896
136;58;3;1.8817766650458074;1.8817766650458074;1.7436696669166647
137;70;4;1.730600547760907;1.730600547760907;2.101733285743622
138;65;3;1.2913677491700333;1.2913677491700333;1.4075433840460523
139;33;4;0.0;0.0;3.5296894543320216
140;72;4;2.444511514572238;2.444511514572238;2.779799160079886
141;71;4;2.9409905227803135;2.9409905227803135;3.0519110890301997
142;64;3;3.100971316529912;3.100971316529912;2.739919305967648
143;97;3;1.4323927806106425;1.4323927806106425;1.539733172431584
144;80;3;0.9406536146986717;0.9406536146986717;1.1597997419180275
145;47;4;0.0;0.0;3.575333313177223
146;78;4;1.711653699566807;1.711653699566807;2.0108587552980284
147;66;4;2.331383071727513;2.331383071727513;2.6567025670753557
148;112;4;2.5271366771060877;2.5271366771060877;2.7762210028142893
149;62;4;2.194241936155368;2.194241936155368;2.5082929101288634
150;75;4;1.723907813693449;1.723907813693449;2.1413972668801584
151;47;4;1.9380444278147164;1.9380444278147164;2.347187923927002
152;65;4;1.6604889436175752;1.6604889436175752;1.8466501299056999
153;75;3;1.2902455225769727;1.2902455225769727;1.3722143932424362
154;107;4;2.1866547222985306;2.1866547222985306;2.4993217917325614
155;68;3;2.968033714258132;2.968033714258132;3.130315490335868
156;74;4;2.607796537312708;2.607796537312708;2.5843422870555695
157;88;3;1.5792937645049265;1.5792937645049265;1.6970750392061051
158;111;3;3.101202940699131;3.101202940699131;2.783737114307345
159;72;3;2.5744978307939244;2.5744978307939244;2.5726234122494898
160;40;3;2.637121624215991;2.637121624215991;2.6327882926776414
161;79;4;1.9912384735250792;1.9912384735250792;2.1923546183569385
162;105;4;3.160821468000657;3.160821468000657;3.1024241139089064
163;125;3;2.443756339435198;2.443756339435198;2.448173614616893
164;84;4;2.401179266963963;2.401179266963963;2.542224152091847
165;82;3;1.291068155316343;1.291068155316343;1.5003969928905072
166;113;4;1.9805640050530913;1.9805640050530913;2.2641171385236163
167;77;4;3.889794799308136;3.889794799308136;3.365615597411635
168;58;4;1.6557937865514585;1.6557937865514585;1.8952974558612465
169;47;4;5.245179242375495;5.245179242375495;4.293284621235891
170;53;4;0.0;0.0;2.6269989756486547
171;81;3;1.5585151199851368;1.5585151199851368;1.8957132221243231
172;28;4;2.303201981471669;2.303201981471669;2.238793957304007
173;60;4;1.7944687821796643;1.7944687821796643;1.966840753021805
174;96;4;2.6612979531544134;2.6612979531544134;2.814825916181842
175;104;3;1.7865731943024303;1.7865731943024303;1.9463092690280295
176;47;3;3.3717548159515847;3.3717548159515847;2.988726383218597
177;90;4;2.2435092028774593;2.2435092028774593;2.4104562805282903
178;45;4;2.8408965987579617;2.8408965987579617;3.1087914619517325
179;135;3;2.365800900384745;2.365800900384745;2.5013017779154905
180;68;4;2.7099565826801526;2.7099565826801526;2.743487032392705
181;51;4;2.7545799831416;2.7545799831416;3.008402958838346
182;80;3;2.4313546967006485;2.4313546967006485;2.6914620447181092
183;148;4;3.0713023688053664;3.0713023688053664;2.9459645391837728
184;45;4;1.6286204674145857;1.6286204674145857;1.9143884788242467
185;62;4;1.8615798173104503;1.8615798173104503;2.0443459521657132
186;107;3;1.8759102437225224;1.8759102437225224;2.152653913047883
187;100;4;2.4302683281529953;2.4302683281529953;2.587210551289186
188;84;3;1.418730975567968;1.418730975567968;1.5543408464803135
189;50;4;2.3037976476505246;2.3037976476505246;2.0905528735809575
190;101;4;0.0;0.0;3.475157003016785
191;83;3;0.8987311628716651;0.8987311628716651;1.1163789810962121
192;78;4;2.822427638801862;2.822427638801862;3.0301614082459998
193;71;4;2.6659421933134713;2.6659421933134713;2.666526631297573
194;61;4;2.1192314620157933;2.1192314620157933;2.5106435396713294
195;34;4;0.0;0.0;3.120056780890308
196;110;4;2.283271329468701;2.283271329468701;2.3660427659455103
197;106;4;2.9559328738888224;2.9559328738888224;3.4019108318890114
198;77;3;1.820904825523339;1.820904825523339;2.04537325849939
199;49;3;2.135223880631363;2.135223880631363;2.181635985532747
200;71;4;1.8777729428228151;1.8777729428228151;2.32693675882298
201;97;3;1.593170462029041;1.593170462029041;1.6985471522713784
202;30;4;1.6758608433939137;1.6758608433939137;3.3883158776464524
203;75;3;0.927467024302436;0.927467024302436;1.134749468552875
204;114;4;3.4610292453447817;3.4610292453447817;3.4714607287974935
205;81;4;2.366868752641149;2.366868752641149;2.5453102208683207
206;49;3;2.5044959818542236;2.5044959818542236;2.4329258557393567
207;97;4;2.196668552566359;2.196668552566359;2.5932092425959503
208;129;4;2.567468221797915;2.567468221797915;2.745070989310195
209;65;4;2.502717855233091;2.502717855233091;2.9156648904628883
210;69;3;1.5710974570147629;1.5710974570147629;1.6119306697163724
211;82;3;1.1370117919778655;1.1370117919778655;1.3023155844491796
212;78;4;3.155973940153171;3.155973940153171;3.0863925298137103
213;73;4;2.390766456012827;2.390766456012827;2.454073074576119
214;92;4;1.8339049566577412;1.8339049566577412;2.107915163111557
215;27;3;3.1166153146608173;3.1166153146608173;2.746867937354659
216;66;4;3.3601300914864316;3.3601300914864316;3.271842077391141
217;68;3;1.8079371751966342;1.8079371751966342;2.066819580942405
218;81;4;2.7661780194231813;2.7661780194231813;2.859841340767774
219;54;4;0.0;0.0;2.9492187816637316
220;44;4;1.9761923010594622;1.9761923010594622;2.182296846481822
221;87;4;1.921593194591315;1.921593194591315;2.132657199808873
222;67;4;1.8026921913783813;1.8026921913783813;2.0805588341106147
223;67;3;1.0909708727960372;1.0909708727960372;1.232121418856956
224;50;3;3.0421912883341466;3.0421912883341466;2.580460985979387
225;67;4;2.4162963391140275;2.4162963391140275;2.5157060413063355
226;53;4;0.0;0.0;2.6269989756486547
227;103;4;0.0;0.0;4.3160038719310165
228;83;4;2.0713419410564713;2.0713419410564713;2.0561700408084786
229;59;4;2.9488660871070183;2.9488660871070183;2.682922964898693
230;43;4;2.1344024061078373;2.1344024061078373;2.4969199545447216
231;55;4;1.7355141480140193;1.7355141480140193;2.0545234972758832
232;70;4;2.156982161153712;2.156982161153712;2.555546513643911
233;56;4;1.9927200746952654;1.9927200746952654;2.238522933352571
234;95;4;1.9383161504786683;1.9383161504786683;2.2875475083559818
235;113;4;2.9228367203439842;2.9228367203439842;3.075634639695538
236;89;4;2.1572582498303703;2.1572582498303703;2.4009353689486868
237;84;3;1.8854528107048791;1.8854528107048791;2.0607079413638867
238;85;4;1.7435530636207701;1.7435530636207701;2.026318684946034
239;138;3;2.3763730874000677;2.3763730874000677;2.5276486227385755
240;98;4;1.7704779897997505;1.7704779897997505;2.107804103935775
241;37;4;1.9517329698799526;1.9517329698799526;2.303476424842568
242;81;3;2.643700334273026;2.643700334273026;2.5441218362736024
243;97;4;1.8775081325872156;1.8775081325872156;2.148453388311355
244;95;4;2.093659444629816;2.093659444629816;2.35677273618224
245;73;3;1.3792957764374107;1.3792957764374107;1.7380518474188793
246;74;4;2.229531235778964;2.229531235778964;2.5668736707417383
247;72;4;2.7047556216270388;2.7047556216270388;3.0265616404485933
248;68;4;0.0;0.0;2.5527431862536227
249;109;4;2.252628024370183;2.252628024370183;2.5379702645394335
250;88;3;1.7556412934443735;1.7556412934443735;1.8355190225849198
251;95;4;3.0453913816094094;3.0453913816094094;3.528999074262648
252;106;4;2.1882591759481627;2.1882591759481627;2.6033640031429703
253;40;3;2.4284251243372084;2.4284251243372084;2.5320478265708144
254;77;3;1.003097315904763;1.003097315904763;1.1685832153239035
255;85;3;1.8392848620209445;1.8392848620209445;1.8593604801727355
256;95;4;1.6653847040735938;1.6653847040735938;1.8345747546219642
257;79;4;2.5855483938407327;2.5855483938407327;2.771159364489169
258;98;4;1.7851015313215368;1.7851015313215368;2.102280253828656
259;128;4;2.82538866109486;2.82538866109486;2.9025737903671005
260;122;4;2.8173531114133956;2.8173531114133956;2.8203724686462945
261;110;4;2.0486552748343416;2.0486552748343416;2.340749456921178
262;108;4;2.57017306723775;2.57017306723775;2.6927955269449706
263;68;4;2.057004502516661;2.057004502516661;2.102647075822211
264;127;4;2.6894284187033257;2.6894284187033257;2.791959042687103
265;94;4;3.2328713375560167;3.2328713375560167;2.942670345302505
266;97;4;3.6201535080131113;3.6201535080131113;3.4728697106412008
267;86;3;1.0113844750727048;1.0113844750727048;1.2171763860696434
268;103;4;0.0;0.0;3.475157003016785
269;73;4;2.4133023316711486;2.4133023316711486;2.476479515393628
270;80;3;1.0124823786363373;1.0124823786363373;1.1956374214340442
271;74;3;2.1793224667054183;2.1793224667054183;2.037977649426246
272;83;4;2.248173208502647;2.248173208502647;2.262133502021865
273;75;4;1.7949009275744616;1.7949009275744616;2.132343516865763
274;55;4;1.800092779184395;1.800092779184395;1.9484727865165843
275;106;4;2.0104161257396913;2.0104161257396913;2.260315529173699
276;69;4;2.192491384086774;2.192491384086774;2.270412512922327
277;36;4;2.0031998376076565;2.0031998376076565;2.680707550259064
278;68;4;3.2533892899072203;3.2533892899072203;3.0882975557472947
279;87;4;2.045087772620828;2.045087772620828;2.481721781999024
280;46;4;1.9363266857074934;1.9363266857074934;2.2282905314412083
281;79;3;1.1969662652148596;1.1969662652148596;1.5113297391871257
282;112;3;2.260255130261723;2.260255130261723;2.3638125535420134
283;52;4;2.2036422309841748;2.2036422309841748;2.5925602616686074
284;54;4;0.0;0.0;2.9492187816637316
285;30;4;2.2245613262427946;2.2245613262427946;2.7162893644267903
286;45;4;2.1590103320555625;2.1590103320555625;2.7330854146211507
287;100;4;2.681844199543126;2.681844199543126;3.26509990541389
288;65;3;2.393196117967612;2.393196117967612;2.5756585588061847
289;89;4;3.0583169115680167;3.0583169115680167;3.047335497064911
290;77;4;2.2339389345443452;2.2339389345443452;2.4363900744801747
291;62;4;2.428786821011508;2.428786821011508;2.8795025746401435
292;93;4;2.332796029195437;2.332796029195437;2.506913137854267
293;70;4;2.034211634458766;2.034211634458766;2.4086334949041115
294;75;4;3.2231252373076784;3.2231252373076784;3.0231544830764414
295;76;4;2.794644446291118;2.794644446291118;2.888077181607291
296;64;4;4.188672112069003;4.188672112069003;3.5666704796392934
297;123;4;2.3936845146848227;2.3936845146848227;2.5644248733176433
298;69;3;1.797106904491795;1.797106904491795;2.0445743850187847
299;75;4;1.9412717318929724;1.9412717318929724;2.21503981253613
300;99;4;0.0;0.0;3.6463044928433828
301;62;4;1.9212486696362523;1.9212486696362523;2.1840392684023286
302;106;4;2.3659181535998948;2.3659181535998948;2.555179799313562
303;49;4;1.8633405937279588;1.8633405937279588;2.3330689709393493
304;113;3;2.6954668243919513;2.6954668243919513;2.577927349296208
305;82;4;2.5498603223865763;2.5498603223865763;2.733224446813941
306;56;4;3.6637296650434985;3.6637296650434985;3.071008127754497
307;33;4;1.9846498142213111;1.9846498142213111;2.666536561114235
308;67;3;1.03820658944689;1.03820658944689;1.1997105002665918
309;94;4;1.8861461993037445;1.8861461993037445;2.1364865830791335
310;83;3;1.2521279593973653;1.2521279593973653;1.5355886673054187
311;74;3;2.210985033410344;2.210985033410344;2.05220643704189
312;80;4;2.5610939847684118;2.5610939847684118;2.6515164462256533
313;66;4;4.498815090203126;4.498815090203126;3.6242205547527884
314;76;4;2.263316923812349;2.263316923812349;2.666967795437317
315;100;4;0.0;0.0;3.6463044928433828
316;40;3;2.1599451534847964;2.1599451534847964;2.2159723897564922
317;92;4;3.81185575730295;3.81185575730295;3.7263849402928417
318;42;4;2.1144052187890825;2.1144052187890825;2.691648766629709
319;111;4;2.7514267801900316;2.7514267801900316;2.737219574546265
320;48;4;0.0;0.0;3.575333313177223
321;99;3;1.908707482853316;1.908707482853316;2.0977773534932096
322;33;4;2.259299879963932;2.259299879963932;2.4485239135159746
323;79;3;0.980916041154996;0.980916041154996;1.2034890140727508
324;106;4;1.9176233926583255;1.9176233926583255;2.1687263299127153
325;118;4;2.446336242575818;2.446336242575818;2.5334080892469553
326;84;4;4.521136851439362;4.521136851439362;3.45548527078762
327;71;3;1.4181152621131439;1.4181152621131439;1.368261713534437
328;110;4;2.1660293270934723;2.1660293270934723;2.3468377716671234
329;78;3;2.3193411980850045;2.3193411980850045;2.416306592842896
330;86;4;2.815458001407986;2.815458001407986;2.8651496206791056
331;77;4;2.559170585981019;2.559170585981019;2.703422202646925
332;108;4;2.0566440819066494;2.0566440819066494;2.3191196615871124
333;95;4;2.606692421792992;2.606692421792992;2.620537611595882
334;121;4;2.168789034335863;2.168789034335863;2.3110063496424003
335;90;3;2.455934392688459;2.455934392688459;2.496676220530065
336;68;4;2.247958774184291;2.247958774184291;2.5318916179811533
337;74;4;2.384417670473237;2.384417670473237;2.4916305102724507
338;58;4;1.9659695829114665;1.9659695829114665;2.3013612630111235
339;89;4;2.2456158522586276;2.2456158522586276;2.5089451140323336
340;78;4;1.8556120092496817;1.8556120092496817;2.1215109661523
341;71;4;2.396338885041167;2.396338885041167;2.5269595142296764
342;74;4;1.535738762154932;1.535738762154932;1.772275866021189
343;106;4;2.6183718386333603;2.6183718386333603;3.246058353328682
344;101;4;1.8860257127847515;1.8860257127847515;2.227484307755086
345;32;4;0.0;0.0;3.120056780890308
346;85;4;1.6698365861188993;1.6698365861188993;1.947944446515548
347;121;4;2.3113860713381627;2.3113860713381627;2.436689712497588
348;96;4;1.8101503367921152;1.8101503367921152;2.175140405745902
349;29;4;8.420024888748838;8.420024888748838;4.992436788631637
350;81;4;1.8399963389733964;1.8399963389733964;2.042896494336431
351;48;4;0.0;0.0;3.575333313177223
352;100;4;0.0;0.0;3.6463044928433828
353;64;4;2.012710832200443;2.012710832200443;2.319569656842685
354;90;3;1.4649169001827749;1.4649169001827749;1.6362050782117836
355;57;3;2.784163504653469;2.784163504653469;2.9997578593748098
356;77;4;2.0060927780492666;2.0060927780492666;2.511441554968941
357;82;4;2.033407670908368;2.033407670908368;2.363658234658326
358;100;3;1.6145768698802583;1.6145768698802583;1.7857618426088189
359;76;4;1.825776770341789;1.825776770341789;2.0783761698003196
360;119;3;2.5553791499812477;2.5553791499812477;2.522214892173072
361;87;4;1.8141500462647526;1.8141500462647526;2.2176364716089503
362;74;3;3.0588142557577065;3.0588142557577065;3.0581091926924353
363;94;4;2.2867211756300168;2.2867211756300168;2.423157750079551
364;45;3;2.1147485315029173;2.1147485315029173;2.24314179769222
365;120;4;2.4655984533279853;2.4655984533279853;2.469525736985892
366;100;4;1.878202266148742;1.878202266148742;2.1425102282312207
367;55;4;2.7409360243883736;2.7409360243883736;2.879253706591773
368;67;4;2.1635761341174184;2.1635761341174184;2.407660151901192
369;123;4;4.205851207245313;4.205851207245313;3.5949355316605622
370;128;3;2.5154049973115056;2.5154049973115056;2.653277578808627
371;86;3;1.4852074350733457;1.4852074350733457;1.595952391900057
372;82;4;3.207144979414377;3.207144979414377;3.3795382737242035
373;70;4;2.2274519397981316;2.2274519397981316;2.4315837557000823
374;38;4;2.682431385909962;2.682431385909962;2.702688078726769
375;88;4;2.888445606543776;2.888445606543776;3.3635288732606665
376;86;4;2.6730401719284087;2.6730401719284087;2.655742739640106
377;59;4;1.571753359397491;1.571753359397491;1.9072400025604033
378;120;3;2.4820417383171853;2.4820417383171853;2.3292394117370696
379;112;4;2.5444373159583322;2.5444373159583322;2.6637076464730836
380;67;4;1.8819362217975688;1.8819362217975688;2.148192934925822
381;69;3;1.6481232829556818;1.6481232829556818;1.7184778008243253
382;74;4;2.1223176895437885;2.1223176895437885;2.4162711995245294
383;85;3;0.9143198911216328;0.9143198911216328;1.132807761482717
384;103;4;2.706282446973544;2.706282446973544;3.375139238022857
385;119;4;2.6456126417764945;2.6456126417764945;2.867506231870386
386;72;4;2.0385112935705463;2.0385112935705463;2.48630286130042
387;75;3;1.5882284787865992;1.5882284787865992;1.765611002340363
388;54;4;1.8340627050191194;1.8340627050191194;2.293575490792503
389;79;3;0.9907469551882747;0.9907469551882747;1.1792510006743517
390;78;4;3.8606901223666124;3.8606901223666124;3.3629212310280265
391;96;4;2.4329048772703246;2.4329048772703246;2.6770688692796374
392;66;4;1.885951881571943;1.885951881571943;2.2100377221612666
393;86;3;1.190528923420964;1.190528923420964;1.3813368432785547
394;61;4;2.3166893714378487;2.3166893714378487;2.7749576783935113
395;38;4;6.570963397214878;6.570963397214878;4.375848406733399
396;85;4;1.8832159991109503;1.8832159991109503;2.3201720936296852
397;49;4;2.302402970186074;2.302402970186074;2.4910999639852407
398;79;4;1.8800892437761263;1.8800892437761263;2.066514017150224
399;98;4;3.392645708152672;3.392645708152672;3.387891102766773
400;63;4;2.0387502476190833;2.0387502476190833;2.307557579826626
401;34;4;2.189594026578534;2.189594026578534;2.5686658468592305
402;70;4;2.616211768368714;2.616211768368714;2.7362836450634656
403;94;4;1.7111628185271062;1.7111628185271062;1.8951352196682762
404;65;4;0.0;0.0;2.5527431862536227
405;94;4;2.739930114801817;2.739930114801817;2.7754338574372857
406;93;4;2.787936558671743;2.787936558671743;2.9041219899978787
407;63;4;2.131255449238134;2.131255449238134;2.433554686856762
408;105;4;2.1293009323458394;2.1293009323458394;2.416603865694556
409;96;4;2.628423450769036;2.628423450769036;2.8496689059951437
410;72;4;2.2051236900873543;2.2051236900873543;2.5667583594387176
411;77;4;1.5006288722042618;1.5006288722042618;1.7508097772531606
412;91;3;1.453444856066246;1.453444856066246;1.667505868238239
413;61;4;3.157211522255002;3.157211522255002;2.8087648737377537
414;110;4;2.292284616452311;2.292284616452311;2.3051821272572472
415;95;3;1.971347878550917;1.971347878550917;2.130631315561087
416;67;3;1.0438020248323012;1.0438020248323012;1.2078175324208469
417;75;4;2.029720207803564;2.029720207803564;2.1724666575274996
418;43;4;2.1091007166338285;2.1091007166338285;2.428649461132717
419;35;4;2.0647047572747397;2.0647047572747397;2.6061246730986847
420;50;4;1.8581499528608345;1.8581499528608345;2.21486057154039
421;38;4;1.860579392390961;1.860579392390961;2.108207993129125
422;67;3;1.195849085538911;1.195849085538911;1.3393759816406265
423;96;4;2.5775920786688733;2.5775920786688733;2.636075152254748
424;84;4;2.223445204889003;2.223445204889003;2.568108864434205
425;33;4;1.9825044953061295;1.9825044953061295;2.6842431813100864
426;53;4;1.7806503710447956;1.7806503710447956;2.1133047839459387
427;52;4;0.0;0.0;2.9492187816637316
428;72;4;2.5672348775986644;2.5672348775986644;2.4782303977512217
429;55;4;2.3528122543097822;2.3528122543097822;2.1341665842304645
430;98;4;3.1278376239916126;3.1278376239916126;3.244736296930715
431;71;4;2.4499486337103096;2.4499486337103096;2.582327549803511
432;74;3;1.9678993137062346;1.9678993137062346;2.287094697159177
433;137;3;2.608068411469065;2.608068411469065;2.7098186319844473
434;60;3;1.633491771996794;1.633491771996794;1.6806923319542775
435;67;4;1.9510849604082674;1.9510849604082674;2.5281575472654616
436;68;4;0.0;0.0;2.5527431862536227
437;64;4;1.7244689622848628;1.7244689622848628;2.0718956310778673
438;83;4;2.18122048544953;2.18122048544953;2.3404430768326008
439;80;4;2.4522844606766343;2.4522844606766343;2.653453244815011
440;80;4;1.877424797657824;1.877424797657824;2.176822113210538
441;112;4;2.7011911341456507;2.7011911341456507;3.2928735844267103
442;95;3;1.4268394607456445;1.4268394607456445;1.599627614693817
443;96;4;1.771714033869626;1.771714033869626;2.2011187883509673
444;80;4;2.295948673607837;2.295948673607837;2.5352961343049474
445;105;3;1.908986884443702;1.908986884443702;1.9851335820089622
446;71;4;2.0906594269304866;2.0906594269304866;2.319187686445468
447;112;4;1.8472677769536034;1.8472677769536034;2.219061333922848
448;78;3;0.9672729722558442;0.9672729722558442;1.1457555323273907
449;90;3;1.3362326535014868;1.3362326535014868;1.4519590767793242
450;93;3;2.27249492654719;2.27249492654719;2.475224229487744
451;56;4;2.0554879567516497;2.0554879567516497;2.163886365373683
452;88;4;2.1010753151089743;2.1010753151089743;2.564775305879241
453;95;3;1.6143476848250424;1.6143476848250424;1.845478911376608
454;82;4;2.2278098766816044;2.2278098766816044;2.563340987227007
455;101;3;1.6597060581979766;1.6597060581979766;1.7314751860730841
456;93;4;2.8603264876498757;2.8603264876498757;2.9977474779387645
457;65;3;2.3198050613321977;2.3198050613321977;2.5397716698338035
458;79;3;1.34218501402151;1.34218501402151;1.496792353645222
459;76;4;2.215150599567437;2.215150599567437;2.452187369763873
460;101;4;2.040275292179956;2.040275292179956;2.43421586534013
461;85;4;2.031631435515338;2.031631435515338;2.342342495621366
462;80;4;1.8015458075746893;1.8015458075746893;2.0547217120263768
463;69;4;1.943163039287606;1.943163039287606;2.340366523818388
464;35;3;2.5845608031141327;2.5845608031141327;2.3462641471394674
465;44;4;2.824544913312102;2.824544913312102;2.9234712105403173
466;70;3;2.709633919644012;2.709633919644012;2.6001445741676084
467;84;4;2.1090093500219953;2.1090093500219953;2.440329691976083
468;75;4;2.242693365091128;2.242693365091128;2.3136771132249137
469;53;4;2.0106666582681805;2.0106666582681805;2.2656264835352746
470;110;4;2.233413768208843;2.233413768208843;2.5309093956679227
471;77;4;1.9698452420648287;1.9698452420648287;2.3731634618476103
472;98;4;1.9314148482118931;1.9314148482118931;2.222329248466853
473;122;4;3.0855424440223667;3.0855424440223667;3.0938726119523143
474;130;3;2.151703586554067;2.151703586554067;2.284387378186803
475;71;4;1.904099542743804;1.904099542743804;2.0877167006796795
476;66;4;0.0;0.0;2.5527431862536227
477;113;4;1.7771852555728855;1.7771852555728855;1.9817055315331034
478;37;4;2.505768299363486;2.505768299363486;2.704123656756112
479;99;4;2.259251145508261;2.259251145508261;2.4034043730676484
480;62;4;2.1802625905473287;2.1802625905473287;2.3187483591952964
481;68;4;2.108898556942092;2.108898556942092;2.514403106669742
482;99;4;2.8988267163804324;2.8988267163804324;2.8811749217689955
483;91;4;3.00615052718504;3.00615052718504;2.898841312768364
484;93;4;2.4747070712993766;2.4747070712993766;2.584822635980362
485;125;4;2.6735496462602875;2.6735496462602875;2.696979664845369
486;103;4;2.756328805290901;2.756328805290901;2.819151512999745
487;72;4;2.0103092822209407;2.0103092822209407;2.353896858365816
488;94;4;2.8002046172140274;2.8002046172140274;2.8223458046162304
489;86;4;2.0104937192365533;2.0104937192365533;2.2982396681796677
490;103;4;3.0162000173566588;3.0162000173566588;3.483287666951636
491;110;4;3.1597566757405473;3.1597566757405473;2.8797573772731635
492;56;4;1.9185725014845656;1.9185725014845656;2.271310674745918
493;94;3;1.8838436155957916;1.8838436155957916;1.8886795211549103
494;78;4;2.6213846592720516;2.6213846592720516;2.59485758685869
495;38;3;3.1607669979093282;3.1607669979093282;2.7363731798502715
496;95;3;2.2389905644171884;2.2389905644171884;2.42318900072011
497;43;4;2.9553441981323645;2.9553441981323645;3.2831457223276317
498;53;4;0.0;0.0;2.6269989756486547
499;93;4;2.3252062854468605;2.3252062854468605;2.4866071557224614
500;70;4;2.038082807255331;2.038082807255331;2.4215738489528227
501;86;4;2.9047237536606816;2.9047237536606816;2.947220652857144
502;31;4;2.2423064072965815;2.2423064072965815;2.748417663259635
503;60;4;2.161722353679582;2.161722353679582;2.126741950009171
504;104;4;2.257989734883365;2.257989734883365;2.444926545135995
505;88;4;2.2463784429688665;2.2463784429688665;2.435723732165344
506;85;4;2.4501870089224633;2.4501870089224633;2.6886818720774106
507;71;4;2.4794393695196497;2.4794393695196497;2.4281122203810703
508;59;3;1.9268243528681557;1.9268243528681557;2.1012109451678302
509;121;4;3.3477330011654094;3.3477330011654094;3.4950313285181522
510;133;4;2.8158141225560054;2.8158141225560054;2.804962538915215
511;124;4;2.7367635652008473;2.7367635652008473;2.8235177003152363
512;100;3;1.577386190939168;1.577386190939168;1.7784648747989107
513;57;3;2.0886926546461284;2.0886926546461284;2.0853902246223415
514;88;4;2.6646018713431765;2.6646018713431765;2.677109313073229
515;52;3;2.1637178700937216;2.1637178700937216;2.149376295675017
516;45;4;1.8178221045338498;1.8178221045338498;2.0117303430653743
517;77;3;3.171369385723278;3.171369385723278;3.0539036687983554
518;67;3;1.8706071625311473;1.8706071625311473;2.0739563381303174
519;122;4;2.2054284276060514;2.2054284276060514;2.332656190105725
520;109;4;2.766393263943862;2.766393263943862;2.8006028298443715
521;90;4;3.955455668236918;3.955455668236918;3.510454083838087
522;75;4;3.475435729668088;3.475435729668088;3.096011526902147
523;91;4;4.279609554055634;4.279609554055634;3.2994698242418843
524;59;3;2.5155095570221278;2.5155095570221278;2.47037898894007
525;106;4;2.12679042640175;2.12679042640175;2.5362634479019106
526;75;4;3.3213744268939873;3.3213744268939873;3.2679304955225703
527;72;4;2.1613935149263512;2.1613935149263512;2.4926799668502664
528;101;4;2.3221120400566613;2.3221120400566613;2.5068143294946736
529;51;4;2.229535810097076;2.229535810097076;2.39819027400515
530;59;3;2.163194960289255;2.163194960289255;2.2541829904274446
531;92;3;1.3401338693058757;1.3401338693058757;1.45019940516745
532;108;4;2.9490471626597445;2.9490471626597445;2.8725045601631036
533;72;4;1.98375778837043;1.98375778837043;2.371041679026226
534;83;4;1.760409199026049;1.760409199026049;2.169430143687942
535;34;4;2.010986718405096;2.010986718405096;2.659363220539547
536;57;4;3.0847366447983138;3.0847366447983138;3.0603117877727573
537;46;4;1.9598208038590212;1.9598208038590212;2.449147086310338
538;63;4;2.64389181374448;2.64389181374448;2.8195083164980965
539;95;4;3.4609070269723547;3.4609070269723547;3.1871011384049734
540;67;4;2.0779344075178243;2.0779344075178243;2.195651780866329
541;72;4;3.0365162591368664;3.0365162591368664;2.9893820720759576
542;100;3;1.709644743651334;1.709644743651334;1.8339145672941202
543;66;4;2.239383440420344;2.239383440420344;2.4491350436012347
544;107;4;2.140148417039399;2.140148417039399;2.3667538347677692
545;83;3;1.700395978562798;1.700395978562798;1.8737822358867104
546;69;4;2.1567345528477815;2.1567345528477815;2.6796404771697846
547;104;3;2.0877270426926495;2.0877270426926495;2.1685914888455984
548;93;4;4.105063243751755;4.105063243751755;3.856744371095869
549;81;4;1.7813514231676564;1.7813514231676564;2.084188175852353
550;103;4;2.160258711273458;2.160258711273458;2.5140065973464174
551;115;4;2.383419645884854;2.383419645884854;2.4900068421464963
552;86;3;1.012368905166007;1.012368905166007;1.221790738088318
553;105;3;2.4075946972699738;2.4075946972699738;2.527502755600181
554;60;4;2.3305631207920943;2.3305631207920943;2.1903991152770903
555;84;4;2.5379818654488124;2.5379818654488124;2.654431271643877
556;115;4;2.382342679815931;2.382342679815931;2.695702149531752
557;79;4;1.5384531222654763;1.5384531222654763;1.818955571461603
558;85;3;1.8343306734085012;1.8343306734085012;1.958022159987302
559;66;4;2.2805039958245423;2.2805039958245423;2.6027381989664558
560;67;3;1.0594060775693734;1.0594060775693734;1.1895646842656875
561;41;4;1.974392694497811;1.974392694497811;2.38004307516428
562;46;4;2.169824583213429;2.169824583213429;2.4640193164415747
563;74;3;1.016692549615685;1.016692549615685;1.1910289951010247
564;71;4;2.4338683956109435;2.4338683956109435;2.7652628536440282
565;111;4;2.5867277127859047;2.5867277127859047;2.889980257864043
566;116;4;3.041703114695067;3.041703114695067;3.258240883070293
567;71;4;1.9162588132764664;1.9162588132764664;2.285431577196824
568;70;4;2.1922105035767996;2.1922105035767996;2.4432473372433767
569;29;4;2.2078519832379113;2.2078519832379113;2.7440752008420715
570;102;4;2.1300221223770253;2.1300221223770253;2.4521805316569214
571;74;4;2.831667775881848;2.831667775881848;2.506595015342274
572;59;3;1.4650162878523014;1.4650162878523014;1.5737120718444124
573;74;4;2.0828129332648753;2.0828129332648753;2.490416418469728
574;64;4;1.9908148782770854;1.9908148782770854;2.4043697426550246
575;105;4;2.99757339326659;2.99757339326659;3.24490744914779
576;103;4;3.2530124284153143;3.2530124284153143;3.8575841376534092
577;84;3;1.7883469822690066;1.7883469822690066;1.959668564472107
578;71;4;2.640084959381733;2.640084959381733;3.0597246052839013
579;83;4;1.9140123998258276;1.9140123998258276;2.335355026138504
580;75;4;1.654395037340732;1.654395037340732;2.099465512492049
581;60;4;2.6903524742939586;2.6903524742939586;2.9448844223280592
582;85;4;1.7160757811048786;1.7160757811048786;1.9722435036344574
583;30;4;2.268250211236033;2.268250211236033;2.8060102364901636
584;75;4;2.085476047178394;2.085476047178394;2.4942675820423803
585;69;3;2.1768571743341614;2.1768571743341614;2.094761082784113
586;112;4;2.6908209832482632;2.6908209832482632;2.818623348794592
587;111;4;2.995236973184878;2.995236973184878;3.1245178039922528
588;53;4;1.8319159767315147;1.8319159767315147;3.146904709583815
589;88;4;1.9891650987648188;1.9891650987648188;2.458078884206897
590;74;3;1.4031859623406469;1.4031859623406469;1.5826646325582576
591;28;4;2.251214506676897;2.251214506676897;2.7386180610684883
592;76;4;2.1942967374171682;2.1942967374171682;2.3388172029954895
593;28;4;3.3673922855977967;3.3673922855977967;2.937764374053453
594;43;3;2.3800542134469422;2.3800542134469422;2.463973146618761
595;76;4;3.272373495219112;3.272373495219112;3.1703716940254236
596;72;4;2.4514562752018065;2.4514562752018065;2.5779189262472104
597;55;3;1.4845092576170056;1.4845092576170056;1.5194608297170777
598;97;4;2.7470681486993613;2.7470681486993613;2.86240893719726
599;82;3;1.2291324764507339;1.2291324764507339;1.523398108238634
600;57;4;2.239346753535437;2.239346753535437;2.3201613156388903
601;108;4;2.415069496465221;2.415069496465221;2.51118092393554
602;97;3;1.5973945203722923;1.5973945203722923;1.7411093648844933
603;112;4;1.8533652624139574;1.8533652624139574;2.1788634012496066
604;103;4;0.0;0.0;4.3160038719310165
605;104;4;2.068113141127552;2.068113141127552;2.4480983047488265
606;59;4;2.146053787013357;2.146053787013357;2.3676070186928233
607;51;3;1.5491346570873663;1.5491346570873663;1.553050315645439
608;43;3;2.4021478652727746;2.4021478652727746;2.489258813570597
609;79;4;3.2817347825618017;3.2817347825618017;3.0793943055943314
610;58;3;2.549700823125884;2.549700823125884;2.6458257495985325
611;82;3;1.831163313981002;1.831163313981002;1.8464116554045726
612;45;4;2.1652874024529782;2.1652874024529782;2.4503308569691793
613;76;4;1.7541720800314666;1.7541720800314666;1.8624393654912312
614;90;4;2.0132281680086983;2.0132281680086983;2.2946115954735484
615;33;4;0.0;0.0;3.5296894543320216
616;111;4;2.1639899717647446;2.1639899717647446;2.2943849888529524
617;55;4;0.0;0.0;3.1469245930022085
618;59;4;2.9386789673036158;2.9386789673036158;3.032208724438664
619;81;4;2.848504003564669;2.848504003564669;2.8609636695448044
620;101;3;1.8263649281437266;1.8263649281437266;2.0253425167040136
621;80;4;2.0282333630755778;2.0282333630755778;2.257753101745799
622;59;3;2.133420345739489;2.133420345739489;2.271307108803768
623;95;4;2.103138792252001;2.103138792252001;2.3712099651787253
624;88;4;1.8156183996944635;1.8156183996944635;2.201644833933429
625;81;3;1.1739192206701272;1.1739192206701272;1.459965417093828
626;88;4;2.360213386918505;2.360213386918505;2.7516636020255403
627;69;4;2.0958034286520917;2.0958034286520917;2.3635745439135873
628;108;4;1.9769225846206586;1.9769225846206586;2.2688887215034037
629;50;3;2.5735113231427547;2.5735113231427547;2.3623206472704794
630;86;4;2.107022146798948;2.107022146798948;2.3309367324283303
631;80;4;2.4512321119813447;2.4512321119813447;2.6425828010358625
632;95;3;2.0403352182503993;2.0403352182503993;2.2600392773465536
633;67;3;1.9594786594212856;1.9594786594212856;2.0867619780259545
634;23;3;3.088292079718376;3.088292079718376;2.497045572772661
635;88;4;3.880218542160794;3.880218542160794;3.2490688287702953
636;31;4;2.2016062588866134;2.2016062588866134;2.7460625779055534
637;104;4;1.8196003788438797;1.8196003788438797;2.16697426004964
638;76;4;1.8166042775128488;1.8166042775128488;2.1571895161246437
639;86;3;1.254351148891275;1.254351148891275;1.506056513149977
640;59;4;2.628339002893142;2.628339002893142;2.482903783602574
641;65;4;1.8491747558218017;1.8491747558218017;2.2053729271275904
642;57;4;1.7244499491432685;1.7244499491432685;1.9097582276285825
643;59;4;1.9792574139374688;1.9792574139374688;2.2600762691465324
644;99;4;1.7575474475492385;1.7575474475492385;1.9333863960416704
645;111;4;2.3734117568995954;2.3734117568995954;2.5200933966178174
646;109;4;2.7438360076443136;2.7438360076443136;2.9819969995439233
647;129;4;2.3688472094772517;2.3688472094772517;2.586272070219265
648;72;4;1.8391349380510487;1.8391349380510487;2.1024629400432815
649;47;4;2.2316552806395653;2.2316552806395653;2.6751183331996864
650;113;4;2.8752433128457184;2.8752433128457184;3.1261482905651463
651;72;3;2.63069355538782;2.63069355538782;2.514468785555991
652;79;3;1.3564971737676192;1.3564971737676192;1.5314216035617454
653;72;4;2.8515428641718796;2.8515428641718796;2.680550387308395
654;114;4;1.7679786442078091;1.7679786442078091;2.1518962373237254
655;100;3;1.613537663066947;1.613537663066947;1.7903656543987159
656;66;4;2.579878720037893;2.579878720037893;2.5757849392127556
657;55;4;0.0;0.0;3.1469245930022085
658;39;4;3.0925406139359595;3.0925406139359595;3.0272919766339803
659;80;4;2.1679420961549494;2.1679420961549494;2.223585958337724
660;75;3;1.477881219666128;1.477881219666128;1.8256918914142768
661;63;4;2.129383510760222;2.129383510760222;2.5770121353302984
662;94;4;2.255323496831552;2.255323496831552;2.568298367214767
663;91;3;1.3807686984821077;1.3807686984821077;1.5664854062706663
664;31;3;2.469386541525011;2.469386541525011;2.549366013890527
665;80;4;2.3012795200452976;2.3012795200452976;2.5351647168143425
666;68;3;1.7739293448800466;1.7739293448800466;1.980720079975088
667;47;4;1.8720160911359918;1.8720160911359918;2.2778120231588033
668;52;4;1.1383275272127547;1.1383275272127547;2.627049850452495
669;69;4;1.6580907044566224;1.6580907044566224;1.812169172215807
670;101;3;1.6975612915689404;1.6975612915689404;1.9052955222701475
671;48;4;1.2681985373126012;1.2681985373126012;3.5752478452508307
672;128;4;3.6134859762957787;3.6134859762957787;2.9770907371522517
673;56;4;1.7110417516097027;1.7110417516097027;2.048746969407456
674;66;4;2.291688334063836;2.291688334063836;2.757032291962849
675;62;4;2.5759586978678333;2.5759586978678333;2.738319357091643
676;118;4;3.923077410220417;3.923077410220417;3.651075495822934
677;42;3;3.206022829534868;3.206022829534868;2.9606603317219338
678;141;4;3.103146330928247;3.103146330928247;2.8699893849324107
679;119;4;5.655496857749704;5.655496857749704;4.831631684556403
680;114;4;1.7833278667446422;1.7833278667446422;2.170738440633558
681;93;4;2.51281219541586;2.51281219541586;2.3857142488810847
682;101;3;1.6465839624198282;1.6465839624198282;1.799309991004973
683;90;3;1.6004479341744422;1.6004479341744422;1.716382252909903
684;77;4;1.71063100993785;1.71063100993785;2.072223712860708
685;109;4;2.2174870747213973;2.2174870747213973;2.403536496886872
686;74;4;1.9421025886968133;1.9421025886968133;2.2166982838543827
687;82;4;3.5521715204583617;3.5521715204583617;3.4030708671365946
688;109;4;3.1873285495174635;3.1873285495174635;3.3874161405269185
689;103;3;2.2389026592901637;2.2389026592901637;2.2083908922433015
690;41;3;2.1508442772418874;2.1508442772418874;2.269712460635302
691;51;4;0.0;0.0;2.6269989756486547
692;72;3;1.0474191127909191;1.0474191127909191;1.2132093433762035
693;105;4;2.4391909493673007;2.4391909493673007;2.6656415965846154
694;82;4;5.120980792976602;5.120980792976602;3.994509465203883
695;102;4;2.9723632828844444;2.9723632828844444;3.5209306671626446
696;96;4;3.0014645356723006;3.0014645356723006;3.0039767786769724
697;96;4;1.7204175776169695;1.7204175776169695;2.044222311894482
698;108;4;2.490870818450045;2.490870818450045;2.35481827833583
699;81;3;0.8923370548930338;0.8923370548930338;1.107910638560479
700;94;4;1.9170435566209698;1.9170435566209698;2.18976893685888
701;59;3;1.427593394120488;1.427593394120488;1.5016108270986999
702;94;3;1.9601408159309395;1.9601408159309395;2.095011284505342
703;68;3;2.6250626585249295;2.6250626585249295;2.708946529745941
704;108;4;2.110941224750683;2.110941224750683;2.2849803176513044
705;79;3;1.2359809008356237;1.2359809008356237;1.4865363505701772
706;117;4;2.266584847147444;2.266584847147444;2.40203770718719
707;82;3;1.8726153235859344;1.8726153235859344;1.9575939496717591
708;31;3;2.731524271914922;2.731524271914922;2.6549085113403814
709;74;4;2.130982831081253;2.130982831081253;2.414623824985722
710;93;4;2.9418594054313916;2.9418594054313916;2.7477072821746216
711;42;4;2.0505370899610087;2.0505370899610087;2.7028470204347155
712;87;4;2.239602879500272;2.239602879500272;2.2202527833018033
713;76;3;0.926854849014947;0.926854849014947;1.1470374692604157
714;88;4;2.1079098078546825;2.1079098078546825;2.1295936928960035
715;80;4;2.0570753725577693;2.0570753725577693;2.3736751569261396
716;49;4;0.0;0.0;3.575333313177223
717;74;4;2.503783797793374;2.503783797793374;2.754148618590718
718;76;4;2.52951385921114;2.52951385921114;2.4751557250748517
719;62;4;2.877574142347025;2.877574142347025;3.0391537745393484
720;60;4;1.752555292046204;1.752555292046204;1.9180184057782077
721;58;4;2.9099934992811867;2.9099934992811867;2.9384364177521354
722;73;4;1.6534577878132986;1.6534577878132986;2.0479246899128496
723;80;4;2.4229406683290766;2.4229406683290766;2.7145510729507634
724;79;4;2.1715363227398603;2.1715363227398603;2.3770561314009746
725;97;3;1.9784706929711546;1.9784706929711546;1.9948099092193545
726;73;4;2.447816277382292;2.447816277382292;2.7138664270614554
727;103;4;0.0;0.0;4.3160038719310165
728;67;4;1.153338821538808;1.153338821538808;2.5527997660139548
729;45;4;3.369110993940347;3.369110993940347;3.104222027243275
730;114;3;2.1413291370760965;2.1413291370760965;2.122358983898623
731;106;4;2.173966558391269;2.173966558391269;2.555242620248129
732;70;4;1.9627924347641197;1.9627924347641197;2.3937896606675233
733;83;3;1.2172153940790498;1.2172153940790498;1.4640982293043803
734;134;4;2.777095828525861;2.777095828525861;2.8160801240370428
735;87;4;1.8093931011958986;1.8093931011958986;2.0716259845871914
736;74;4;2.4267997392617104;2.4267997392617104;2.6923291875890762
737;99;4;2.1434209153831514;2.1434209153831514;2.3454818950757423
738;100;4;2.1923071103560363;2.1923071103560363;2.5983055580135166
739;32;4;2.2383237056905396;2.2383237056905396;2.791090036717127
740;51;4;2.127644460720116;2.127644460720116;2.494937551629577
741;98;3;1.40095472888017;1.40095472888017;1.5705992434994742
742;101;4;2.513778737710429;2.513778737710429;2.755843788549726
743;91;4;2.4184740125135353;2.4184740125135353;2.5929299936112087
744;68;4;1.715855716331314;1.715855716331314;2.1359912213223358
745;74;3;2.594684640481443;2.594684640481443;2.6131701553217206
746;86;4;2.1557587455131273;2.1557587455131273;2.214956244795836
747;83;4;2.348409919021495;2.348409919021495;2.742766818178564
748;61;4;1.7807322817704867;1.7807322817704867;1.9742924460543916
749;67;4;1.814314604371985;1.814314604371985;2.0463159995555413
750;75;3;2.321894958266629;2.321894958266629;2.2265149966522517
751;82;4;2.365989037842822;2.365989037842822;2.6868023724317376
752;86;4;3.321550790493459;3.321550790493459;3.2570375403307863
753;43;4;2.8166820223081492;2.8166820223081492;2.4326874331294435
754;66;4;2.6712906420194233;2.6712906420194233;2.906392059035399
755;86;4;2.620044170713414;2.620044170713414;2.6707788499412093
756;76;3;0.9492248425415749;0.9492248425415749;1.1728757465861541
757;90;4;2.1316785313278066;2.1316785313278066;2.202147219113664
758;112;4;3.2141734340015216;3.2141734340015216;3.0659016800986465
759;80;4;2.4442537759770238;2.4442537759770238;2.676132179461422
760;90;4;1.8541173496685228;1.8541173496685228;2.100553710793145
761;83;4;2.239882361734449;2.239882361734449;2.5299578504210882
762;107;4;2.2517466588989135;2.2517466588989135;2.4521183071623427
763;86;4;1.7576334935706923;1.7576334935706923;1.9846472386105527
764;152;4;2.546632031197512;2.546632031197512;2.5001883429895804
765;29;3;1.6414709782412962;1.6414709782412962;1.8280774224281813
766;111;4;2.276399068181922;2.276399068181922;2.508210254221201
767;78;4;2.3281118328045065;2.3281118328045065;2.6739324119432055
768;103;4;2.4591154493058847;2.4591154493058847;2.6629055018368746
769;116;4;2.1316007459285315;2.1316007459285315;2.177812297319088
770;94;4;1.8402155957094006;1.8402155957094006;2.068901782231425
771;112;4;1.38206633454984;1.38206633454984;1.6477209786048586
772;114;4;1.5892133582304102;1.5892133582304102;2.0366614600226187
773;82;4;1.1296187116292216;1.1296187116292216;1.373310900170156
774;107;4;1.8566556173973858;1.8566556173973858;2.3035633069193198
775;98;3;1.854683205100614;1.854683205100614;2.262020541274078
776;45;4;1.5164721988464407;1.5164721988464407;1.818849068502165
777;112;4;2.703635123170853;2.703635123170853;2.724084975626908
778;80;4;2.5893661243701054;2.5893661243701054;2.698481153034464
779;125;4;1.6113620771881332;1.6113620771881332;1.9869506797877299
780;36;3;1.7820290631029168;1.7820290631029168;1.9011938910795798
781;78;4;1.1658831428232677;1.1658831428232677;1.4586668409178691
782;96;4;1.7993288109252712;1.7993288109252712;2.154031273245727
783;68;3;1.367305088869524;1.367305088869524;1.6329866008876766
784;68;3;2.2055231668124797;2.2055231668124797;2.050195014500656
785;122;4;3.4107699925048185;3.4107699925048185;3.3356499522730885
786;139;4;1.7664007408779985;1.7664007408779985;1.8825643709442517
787;87;4;1.918082277592545;1.918082277592545;2.20135209841279
788;45;4;2.485080365513961;2.485080365513961;2.7436206220602166
789;51;3;1.843503806317041;1.843503806317041;2.022025279748241
790;60;3;1.2105741779086205;1.2105741779086205;1.4232953369565067
791;60;4;1.8189293975962508;1.8189293975962508;2.1818276450314817
792;83;4;1.932500397712847;1.932500397712847;2.0400736690855465
793;77;4;1.5046314194862158;1.5046314194862158;1.6949162406707527
794;77;4;1.425775933466436;1.425775933466436;1.6441414954682427
795;69;3;2.513451966372732;2.513451966372732;2.6873445898039106
796;50;3;1.6913621691617369;1.6913621691617369;1.9007924289565439
797;40;3;1.740207947348607;1.740207947348607;1.8050475473706298
798;70;4;1.8266752282903516;1.8266752282903516;2.2259859590560396
799;72;3;2.0673538104569036;2.0673538104569036;2.2017563070878414
800;99;4;2.448356855455914;2.448356855455914;2.696711713942144
801;70;4;2.947909816686446;2.947909816686446;2.9963840963538932
802;67;3;1.8947336780864454;1.8947336780864454;2.1393258625891094
803;93;2;2.436532600793152;2.436532600793152;2.519008492917205
804;107;3;1.85234515119086;1.85234515119086;2.290694953917685
805;85;4;2.159506132316595;2.159506132316595;2.5035354451790295
806;46;4;2.0755312763918345;2.0755312763918345;2.530122321851088
807;46;3;2.123214920071229;2.123214920071229;2.452544109036827
808;92;4;2.601429947819642;2.601429947819642;2.9306400117447207
809;82;4;2.6695564670286482;2.6695564670286482;2.8466798728614693
810;101;4;2.1275043458533127;2.1275043458533127;2.575817923451726
811;100;4;2.0328300385384055;2.0328300385384055;2.42032032161863
812;77;4;2.216835284761985;2.216835284761985;2.64172713064532
813;94;4;2.3929631697117486;2.3929631697117486;2.7376522790533926
814;94;4;1.9713634206422435;1.9713634206422435;2.26544932008048
815;103;4;1.9562393633705344;1.9562393633705344;2.1579026537802446
816;41;4;1.7197933315389844;1.7197933315389844;1.966773199918338
817;80;4;2.886365441680888;2.886365441680888;3.077816556039752
818;97;3;3.050843820566917;3.050843820566917;3.0166036693608174
819;123;4;2.1398417095120705;2.1398417095120705;2.1438156846422816
820;27;3;1.7591990654644079;1.7591990654644079;1.823079293660954
821;83;3;2.094772150233494;2.094772150233494;2.30590176413914
822;75;4;1.4553736468444023;1.4553736468444023;1.6661342446871479
823;107;4;2.042372592903663;2.042372592903663;2.305928397732427
824;101;4;1.9243016755487008;1.9243016755487008;2.3124443578523373
825;146;4;2.202884830904897;2.202884830904897;2.16571967044247
826;33;3;1.7549380769565026;1.7549380769565026;1.8650775421863783
827;105;4;2.2304049108765622;2.2304049108765622;2.434149192661013
828;76;4;2.1286957437044176;2.1286957437044176;2.4171883385157398
829;93;4;2.4511165184415535;2.4511165184415535;2.665682761538507
830;108;4;2.097121765702735;2.097121765702735;2.1450352636254237
831;104;4;2.3112212910774743;2.3112212910774743;2.659754707941023
832;108;4;1.2637638762779573;1.2637638762779573;1.5416138549391813
833;112;4;1.7739800301596733;1.7739800301596733;2.0815442246915743
834;80;4;1.2093612234121556;1.2093612234121556;1.4389331633182407
835;121;4;2.2031749415771187;2.2031749415771187;2.6141090276109487
836;89;3;1.9186082746601139;1.9186082746601139;2.2062865727057264
837;45;4;1.503252054840434;1.503252054840434;1.8101151897616752
838;102;4;2.1241353859990793;2.1241353859990793;2.3449537556595312
839;76;4;2.1980575866797345;2.1980575866797345;2.373233490857325
840;106;4;1.5996648594897969;1.5996648594897969;2.0651369150037646
841;37;3;1.9472151978592467;1.9472151978592467;2.018560190378663
842;84;4;1.2038486247829814;1.2038486247829814;1.4733226398788013
843;97;4;1.8140143002211984;1.8140143002211984;2.2350176148074956
844;62;3;1.5366196176469114;1.5366196176469114;1.7492889360948252
845;64;3;2.0942068024973794;2.0942068024973794;2.000408566141532
846;107;4;2.8363854951748313;2.8363854951748313;3.012999282553797
847;132;4;2.216422747325713;2.216422747325713;2.339356052579095
848;84;4;2.247030004745872;2.247030004745872;2.4990742532954173
849;51;4;2.4885728485251484;2.4885728485251484;2.599980530680289
850;59;3;1.871486916484015;1.871486916484015;2.018508421680636
851;57;3;1.2336515296602961;1.2336515296602961;1.4442062894168786
852;49;4;1.5597093222164895;1.5597093222164895;1.9809334698074264
853;77;4;2.0197793769194643;2.0197793769194643;2.1737155139019535
854;81;4;1.3483981951798736;1.3483981951798736;1.5325916530752537
855;75;4;1.3200720854500774;1.3200720854500774;1.5780894255868345
856;79;3;2.6081775688113353;2.6081775688113353;2.6714218405210612
857;60;3;1.5712475980538487;1.5712475980538487;1.742100471367604
858;38;3;1.9326201659804785;1.9326201659804785;1.9621075908705399
859;62;4;1.842557664696386;1.842557664696386;2.25878415520296
860;71;3;1.998251364118796;1.998251364118796;2.1554528137886186
861;88;4;2.497345015533067;2.497345015533067;2.664266046585842
862;55;4;3.1398646444419342;3.1398646444419342;3.001640561246587
863;70;3;2.0277638137997545;2.0277638137997545;2.350377679323816
864;93;2;2.590624708829298;2.590624708829298;2.65642890824575
865;105;3;1.7984375353213493;1.7984375353213493;2.1041615680652783
866;77;4;2.132551582435804;2.132551582435804;2.4558000051814335
867;43;4;2.0057945254823064;2.0057945254823064;2.454301363655429
868;49;3;2.1318895111573646;2.1318895111573646;2.401782860829185
869;91;4;2.789387360055054;2.789387360055054;3.055069282552287
870;72;4;2.7105559751759705;2.7105559751759705;2.8547325606814833
871;114;4;2.1565739391984735;2.1565739391984735;2.4302634162382457
872;107;4;2.104706947082718;2.104706947082718;2.5025520751668644
873;93;4;2.2766406779893074;2.2766406779893074;2.7435271010096836
874;99;4;3.0847417932467405;3.0847417932467405;2.9897945296765016
875;85;4;1.8337467664607143;1.8337467664607143;2.00966942924695
876;65;4;1.982051851646213;1.982051851646213;2.1973414183423103
877;34;4;2.104310319562697;2.104310319562697;2.386792664130921
878;81;4;2.8258040169553587;2.8258040169553587;2.7832010182460363
879;116;3;3.1973403608331648;3.1973403608331648;3.1856404078861393
880;107;4;2.2040327734517238;2.2040327734517238;2.216884227743263
881;29;3;1.7140937997701333;1.7140937997701333;1.8578849481147623
882;83;4;1.8833987526909344;1.8833987526909344;1.9983702035718702
883;73;4;1.586609315433754;1.586609315433754;1.7499223233963788
884;98;4;2.531766095900659;2.531766095900659;2.768970061936069
885;112;4;3.243873760707745;3.243873760707745;3.1763990574909218
886;96;4;2.269189064347704;2.269189064347704;2.380898413144799
887;29;3;1.984077455987825;1.984077455987825;2.0014920644643293
888;66;4;3.790004068815095;3.790004068815095;3.4732306555910784
889;77;4;3.512904076413156;3.512904076413156;3.2361699655782163
890;107;4;2.1947618685861543;2.1947618685861543;2.466490397025466
891;110;4;2.984639605722897;2.984639605722897;3.0958253665175324
892;93;4;2.5022772999544816;2.5022772999544816;2.552091310507922
893;121;4;2.089720003040946;2.089720003040946;2.154452415003158
894;126;4;1.5871457650686291;1.5871457650686291;1.9916661800319193
895;78;4;2.4098316819719767;2.4098316819719767;2.308681177369149
896;93;4;2.039925971104653;2.039925971104653;2.233509776213492
897;92;3;1.763700726423965;1.763700726423965;2.1544517409372066
898;45;4;1.4874242632339472;1.4874242632339472;1.8077602408842257
899;114;4;2.79844531082041;2.79844531082041;2.978577785765043
900;80;4;2.920168590102658;2.920168590102658;2.802635083681084
901;90;4;2.018125893807541;2.018125893807541;2.288927602487802
902;47;3;2.546579814612173;2.546579814612173;2.232086411057087
903;86;4;2.0343643878184072;2.0343643878184072;2.0260776152236266
904;93;3;1.9972777168121618;1.9972777168121618;2.007845037493364
905;68;3;1.2719591169612277;1.2719591169612277;1.517717286398394
906;77;4;1.9538600960169268;1.9538600960169268;2.1024274451283085
907;104;4;2.187033099134761;2.187033099134761;2.4707014656091957
908;119;3;3.3471695892158135;3.3471695892158135;2.7580139750996047
909;65;4;2.4050509876065584;2.4050509876065584;2.3161075205871287
910;40;4;3.2072701147964793;3.2072701147964793;3.2337494734603296
911;41;3;2.319779226532751;2.319779226532751;2.398611720383045
912;62;3;1.2651317478791115;1.2651317478791115;1.4710279822606214
913;56;4;2.0817027848775633;2.0817027848775633;2.0955932280987666
914;77;4;1.924184077015961;1.924184077015961;1.9747008699128574
915;113;4;1.1957181926511848;1.1957181926511848;1.4174017147650564
916;79;4;3.140555045081965;3.140555045081965;2.700793240966467
917;46;3;2.264291753515025;2.264291753515025;2.399885089989301
918;49;3;2.1225926480800057;2.1225926480800057;2.093422277349681
919;45;3;1.651549205475252;1.651549205475252;1.6868052436875
920;65;4;1.8439624550343865;1.8439624550343865;2.1419906417404353
921;79;4;2.589547866954894;2.589547866954894;2.6525616454685457
922;87;4;2.5660203256919467;2.5660203256919467;2.8067291778457135
923;79;4;2.7847052514364723;2.7847052514364723;2.6419459653355397
924;52;3;2.0892564018533;2.0892564018533;2.241133248692998
925;67;3;2.7043391074927623;2.7043391074927623;2.706379073738931
926;115;3;2.1402156305319417;2.1402156305319417;2.444804440651314
927;80;4;1.848168018052751;1.848168018052751;2.1083152979552584
928;44;4;2.5193246493767423;2.5193246493767423;2.726798454090261
929;51;4;1.9021178259803688;1.9021178259803688;2.281251438819607
930;118;4;3.1519126446887027;3.1519126446887027;3.1506467843953243
931;123;3;3.423431122424271;3.423431122424271;3.137165764794098
932;79;3;2.0530666914065865;2.0530666914065865;2.2510843053882232
933;76;3;2.1270741762124024;2.1270741762124024;2.2011986579714584
934;108;4;2.450968273269492;2.450968273269492;2.532135430910234
935;94;4;2.7553438635399883;2.7553438635399883;3.0012225900152134
936;99;4;3.668616626835805;3.668616626835805;3.293054389015564
937;96;4;1.9280620467019134;1.9280620467019134;2.0632959235232957
938;39;4;1.8310776994703393;1.8310776994703393;2.1347896975958776
939;91;4;2.7428367176487707;2.7428367176487707;2.9023425874049855
940;104;4;2.134004781237982;2.134004781237982;2.342599128127834
941;148;4;3.3322166860042324;3.3322166860042324;3.274436416061028
942;27;3;1.8443389087937472;1.8443389087937472;1.8130579244554625
943;99;4;1.7755362944493414;1.7755362944493414;1.9228129567687746
944;77;4;2.163901788095104;2.163901788095104;2.382576339117086
945;105;4;2.089102935207532;2.089102935207532;2.30457378084546
946;102;4;1.6701665337071798;1.6701665337071798;1.9288753012718316
947;118;4;2.0912116456063554;2.0912116456063554;2.0453378820827024
948;37;3;2.0936643056390163;2.0936643056390163;1.9979478786631666
949;106;4;2.1413636697752234;2.1413636697752234;2.2806957638417305
950;75;4;2.2811702437423054;2.2811702437423054;2.465310458113881
951;113;4;2.489979412244255;2.489979412244255;2.6473697235229614
952;106;4;2.19378597508884;2.19378597508884;2.258992773532792
953;108;4;1.809542567403381;1.809542567403381;2.09685543429616
954;97;4;1.2447704872951542;1.2447704872951542;1.5009285390148506
955;123;4;1.5700049181016789;1.5700049181016789;1.9636966828009896
956;91;4;1.2930252780502225;1.2930252780502225;1.5430344056432235
957;111;4;2.007722240515179;2.007722240515179;2.3199119089340194
958;111;3;1.9035345028119197;1.9035345028119197;2.3099274256814346
959;44;4;1.6622319616486299;1.6622319616486299;1.8748485848473129
960;97;4;2.0211950769152875;2.0211950769152875;2.222783676572468
961;104;4;1.9562580885915064;1.9562580885915064;2.212175573269401
962;121;4;1.7947892763835032;1.7947892763835032;2.057042276678639
963;37;3;1.8180108192527327;1.8180108192527327;1.9332791371247713
964;93;4;1.2229767350614098;1.2229767350614098;1.4781608287036871
965;88;4;2.511179527289966;2.511179527289966;2.626133788197124
966;69;3;1.390194097168692;1.390194097168692;1.607769947118638
967;59;3;2.1359765744304027;2.1359765744304027;2.0185372096413516
968;117;4;3.6169271349758243;3.6169271349758243;3.431081127961823
969;94;4;1.2360166715258827;1.2360166715258827;1.4426992255832929
970;89;4;2.064539795718482;2.064539795718482;2.3446736899274065
971;45;4;3.0585630002868855;3.0585630002868855;3.319112569906651
972;45;3;1.982980659936912;1.982980659936912;2.1876341789397538
973;60;3;1.2034947026441885;1.2034947026441885;1.4182060792153932
974;55;4;1.7512556810608024;1.7512556810608024;2.215408362125872
975;75;4;2.312245115890098;2.312245115890098;2.38977413442996
976;72;4;1.7452866644413292;1.7452866644413292;1.8829072103532105
977;75;4;1.4405182444067792;1.4405182444067792;1.6639174992630115
978;62;3;2.163272889829779;2.163272889829779;2.222429491064803
979;53;3;1.879391854700333;1.879391854700333;2.0620552064456517
980;42;3;1.9239784237025594;1.9239784237025594;1.9365297775810855
981;56;4;1.8664317144244178;1.8664317144244178;2.247014532228185
982;71;3;2.1404320650118365;2.1404320650118365;2.2830402796957716
983;98;4;2.569369766404917;2.569369766404917;2.778081600401963
984;70;4;3.080463488213938;3.080463488213938;2.9943443024411827
985;63;3;1.734927887465185;1.734927887465185;1.9624001025082212
986;90;3;2.7216379157821526;2.7216379157821526;2.6172406189887862
987;113;3;1.8463359398234964;1.8463359398234964;2.208373019056596
988;86;4;2.267146028219802;2.267146028219802;2.5315355121409167
989;40;4;2.066641606049194;2.066641606049194;2.4349852068018407
990;41;3;2.139142041451381;2.139142041451381;2.3799405760142576
991;93;4;2.7826270152266415;2.7826270152266415;2.930845167585926
992;95;4;2.811330363230034;2.811330363230034;2.910359969219078
993;107;4;2.224578008735067;2.224578008735067;2.624764385943928
994;94;3;2.4574452780533584;2.4574452780533584;2.6793459274306617
995;88;4;2.1585120371685376;2.1585120371685376;2.695417982560931
996;104;4;2.633515974897996;2.633515974897996;2.6841207775431117
997;107;4;1.9065974513876098;1.9065974513876098;2.13427237158783
998;98;4;1.8922021253706756;1.8922021253706756;2.0984188781255453
999;55;4;1.8478431879687025;1.8478431879687025;2.0031336434984364
1000;74;4;2.956940428236494;2.956940428236494;3.001107915479038
1001;111;3;3.0135906624283457;3.0135906624283457;2.9359203488216052
1002;109;4;2.197338887468755;2.197338887468755;2.224122101891924
1003;29;3;1.6557573995314852;1.6557573995314852;1.8146167203936427
1004;90;3;2.180099003072998;2.180099003072998;2.2643523710180893
1005;68;4;1.7057294735916957;1.7057294735916957;1.845254305793064
1006;106;4;2.7432413899969617;2.7432413899969617;2.962813106382369
1007;118;4;3.6555354012920724;3.6555354012920724;3.522755957360275
1008;107;4;2.027233971842789;2.027233971842789;2.1966059430288936
1009;33;3;1.8926907944703724;1.8926907944703724;1.9729208028909275
1010;78;4;3.89274970851219;3.89274970851219;3.569236380546226
1011;82;4;3.443403623638573;3.443403623638573;3.351807906507009
1012;95;4;2.543966552870096;2.543966552870096;2.807336151492585
1013;130;4;2.5973478052216206;2.5973478052216206;2.717607811674582
1014;104;4;3.181284101801344;3.181284101801344;3.1600721390714175
1015;125;4;2.525022083892654;2.525022083892654;2.3914738924933507
1016;113;4;1.573158982668073;1.573158982668073;2.009817794099904
1017;78;4;2.195270005230051;2.195270005230051;2.10542937244323
1018;96;4;2.0029758057167504;2.0029758057167504;2.227076163379124
1019;88;3;1.7801700250603139;1.7801700250603139;2.0554558222771515
1020;47;4;1.5522530627348954;1.5522530627348954;1.842143599969919
1021;110;4;2.8869536007826957;2.8869536007826957;3.0596387167384815
1022;69;4;3.084054091120869;3.084054091120869;2.966290091096244
1023;82;3;2.155138586277581;2.155138586277581;2.2016816523203104
1024;47;3;2.4560771977540288;2.4560771977540288;2.1653560979991195
1025;81;4;1.733326161328511;1.733326161328511;1.8261558102650095
1026;101;4;1.941543557583865;1.941543557583865;2.037940670197296
1027;62;3;1.43996750744131;1.43996750744131;1.6448838805309258
1028;87;4;2.1114452861690847;2.1114452861690847;2.1951606664865393
1029;92;4;1.900870837003199;1.900870837003199;2.282191493203492
1030;128;3;2.372703011863359;2.372703011863359;2.17799420783124
1031;73;4;2.184039915061658;2.184039915061658;2.265652634437802
1032;34;4;3.1397780960379578;3.1397780960379578;3.063691122313707
1033;52;3;1.8536076421597054;1.8536076421597054;2.0422603853465944
1034;66;3;1.2674765147842675;1.2674765147842675;1.455238925188844
1035;59;3;2.519825602274343;2.519825602274343;2.3539905194808264
1036;81;4;1.7800481027083328;1.7800481027083328;1.9402846568195087
1037;108;4;1.6885643057223036;1.6885643057223036;1.7867894248332692
1038;84;4;2.3732275217094787;2.3732275217094787;2.2849622343648863
1039;54;3;2.037697702889286;2.037697702889286;2.257742573760373
1040;48;3;1.7322768570539218;1.7322768570539218;1.7703151276560074
1041;42;3;1.8498349199116113;1.8498349199116113;1.8724734007382013
1042;63;4;2.218506977887546;2.218506977887546;2.41857806368021
1043;82;4;3.2316014252966707;3.2316014252966707;3.0374375763979713
1044;87;4;2.4267426396081113;2.4267426396081113;2.7247817566877344
1045;80;4;2.1029377384618955;2.1029377384618955;2.1916436319871258
1046;67;3;1.9757710209868922;1.9757710209868922;2.169269193637536
1047;86;2;2.325724480756034;2.325724480756034;2.408494152713481
1048;115;3;1.9677154948558733;1.9677154948558733;2.163638932043524
1049;77;4;1.8599323282353377;1.8599323282353377;2.1185318220659934
1050;45;4;3.058801419438729;3.058801419438729;2.9514428348792
1051;46;4;2.193263214542751;2.193263214542751;2.3593712993029086
1052;106;4;2.922703774707713;2.922703774707713;3.203366327073947
1053;123;3;3.0043084984811514;3.0043084984811514;2.748993290984512
1054;87;4;2.140903190641093;2.140903190641093;2.463128658310592
1055;98;3;2.2278877454697015;2.2278877454697015;2.5025849790358192
1056;91;4;2.123234753912013;2.123234753912013;2.6555983195633517
1057;92;4;2.4531237483974255;2.4531237483974255;2.7121871075117303
1058;94;4;3.42651254742327;3.42651254742327;3.1259223905333893
1059;95;4;1.8431104272379826;1.8431104272379826;2.049528154589724
1060;34;4;2.24884277251055;2.24884277251055;2.46387158498767
1061;90;4;2.990505933170499;2.990505933170499;3.2152822178950524
1062;107;4;1.9379259563550806;1.9379259563550806;2.198518987741418
1063;143;4;3.2488796894346725;3.2488796894346725;3.0345396638342987
1064;29;3;1.616756780156625;1.616756780156625;1.7825692736354988
1065;87;4;1.6695535327001128;1.6695535327001128;1.8752797418244742
1066;78;4;1.8959306824000923;1.8959306824000923;2.089751296411416
1067;104;4;2.7443294415468653;2.7443294415468653;2.918526404739699
1068;83;4;3.4449421681960595;3.4449421681960595;3.424284717985113
1069;105;4;2.3395580666686073;2.3395580666686073;2.436689486436114
1070;29;3;1.813755468688853;1.813755468688853;1.8798231794648645
1071;99;4;3.3373244713416144;3.3373244713416144;3.294095971322384
1072;102;4;3.3407943468466526;3.3407943468466526;3.2251239289916422
1073;104;4;2.2308774577039703;2.2308774577039703;2.5152646639155005
1074;127;4;2.7354881275219483;2.7354881275219483;2.8440833913902157
1075;92;4;2.6538628221500904;2.6538628221500904;2.7135841898979325
1076;114;4;3.006609303903029;3.006609303903029;2.718972349832851
1077;109;4;1.720232332821646;1.720232332821646;2.0748142360462536
1078;81;4;2.6136799916319675;2.6136799916319675;2.472581589551174
1079;88;4;2.1201214384972835;2.1201214384972835;2.3359247428486047
1080;94;3;1.7981453563487566;1.7981453563487566;2.169331509323789
1081;45;4;1.490396467256146;1.490396467256146;1.7829822529035135
1082;113;4;2.714619537946554;2.714619537946554;2.8918293640774837
1083;76;4;3.536996462737957;3.536996462737957;3.232323960277068
1084;85;4;2.0518002036875003;2.0518002036875003;2.2072535593628535
1085;42;3;2.3324931986642627;2.3324931986642627;2.1316744204631286
1086;84;4;1.961573909100674;1.961573909100674;2.060293854124768
1087;85;4;1.9638239942329974;1.9638239942329974;2.0111757906251406
1088;68;3;1.247506357096414;1.247506357096414;1.492799056841692
1089;78;4;1.9106836314099969;1.9106836314099969;2.0377025896172887
1090;93;4;1.7893952276176512;1.7893952276176512;2.1522270989940586
1091;119;4;2.251549914301249;2.251549914301249;2.2161057469039993
1092;61;4;2.0303588733783577;2.0303588733783577;2.1640934903164717
1093;28;4;4.3704733502480035;4.3704733502480035;4.194355937870952
1094;37;3;2.3173184475049555;2.3173184475049555;2.400082838102705
1095;67;3;1.2537128145196696;1.2537128145196696;1.465632217181335
1096;56;3;2.177230418628081;2.177230418628081;2.1861555830408523
1097;69;4;2.0901486294553964;2.0901486294553964;1.9577699560427435
1098;103;4;1.8245213433300347;1.8245213433300347;1.9021310164053813
1099;74;4;2.4921589899296746;2.4921589899296746;2.3158671477544557
1100;42;3;2.385048056641469;2.385048056641469;2.4457585746224257
1101;49;3;1.95059611835557;1.95059611835557;2.0173954944325794
1102;44;3;1.7434015626277235;1.7434015626277235;1.7919439393548995
1103;58;4;1.7980647429266583;1.7980647429266583;2.1001775298533745
1104;74;4;2.517478200921564;2.517478200921564;2.5591176580780894
1105;93;4;2.400202106375365;2.400202106375365;2.7562254488976285
1106;73;4;2.1671263004285475;2.1671263004285475;2.2253841263900616
1107;52;3;1.837856922096401;1.837856922096401;2.0493444657364117
1108;75;3;2.4493654832436795;2.4493654832436795;2.5408160452218422
1109;123;3;2.082861628392403;2.082861628392403;2.3014700214898363
1110;81;4;1.9003348927810864;1.9003348927810864;2.2448491012384877
1111;44;4;2.4525147398920737;2.4525147398920737;2.65720792724347
1112;43;4;1.995784415922853;1.995784415922853;2.41425938017243
1113;102;4;2.8460750179280083;2.8460750179280083;3.1444443572553054
1114;114;3;3.1451989932470097;3.1451989932470097;2.9313597913793057
1115;87;4;2.114981313638161;2.114981313638161;2.504248395876577
1116;89;3;2.159732105422494;2.159732105422494;2.4281709874335307
1117;96;4;2.212268286877026;2.212268286877026;2.4267987940864177
1118;87;4;2.5144305051168874;2.5144305051168874;2.870571448591711
1119;98;4;2.9217282773932487;2.9217282773932487;2.7494358281476172
1120;95;4;1.83827551131173;1.83827551131173;2.0126547892128417
1121;36;4;1.725197493020851;1.725197493020851;2.0087786670215135
1122;89;4;3.0156028313071213;3.0156028313071213;3.2066196440687182
1123;103;4;2.36962354200729;2.36962354200729;2.5228507358475283
1124;154;4;3.941603799794125;3.941603799794125;3.632663680890139
1125;28;3;1.636589866379996;1.636589866379996;1.7872259575032492
1126;99;4;1.7912216360787852;1.7912216360787852;2.006854331045562
1127;78;4;1.8578060700040775;1.8578060700040775;2.1057369189977706
1128;98;4;2.025072761199797;2.025072761199797;2.305517250131233
1129;101;4;1.924838953286701;1.924838953286701;2.3058712560124723
1130;140;3;2.9367788984638543;2.9367788984638543;2.7880382267507797
1131;29;3;1.6846320243159032;1.6846320243159032;1.8659130290985417
1132;106;4;2.1709846282701086;2.1709846282701086;2.39944481321873
1133;82;4;2.628109865727103;2.628109865727103;2.830496656055118
1134;110;4;2.3348378645806305;2.3348378645806305;2.578682790574357
1135;99;4;2.261813884211378;2.261813884211378;2.2856553727683266
1136;116;4;2.1605969217481804;2.1605969217481804;2.4201507763740104
1137;110;4;1.1231125034899354;1.1231125034899354;1.3915883555460957
1138;107;4;1.6178808671654994;1.6178808671654994;1.9137353712925242
1139;87;4;1.1920124012791729;1.1920124012791729;1.4332373847028286
1140;93;4;2.0747235479874293;2.0747235479874293;2.370987983876793
1141;99;3;1.868096388373234;1.868096388373234;2.2801858401429693
1142;43;4;1.612996320003899;1.612996320003899;1.9262901821826752
1143;97;4;2.8490392660050023;2.8490392660050023;2.829460397948994
1144;86;4;2.073432160664176;2.073432160664176;2.4240668136965504
1145;109;4;1.5462913824529723;1.5462913824529723;2.0223627332697696
1146;37;3;1.795822474569355;1.795822474569355;1.9296320976720538
1147;98;4;1.2495157348533457;1.2495157348533457;1.509971897772287
1148;86;4;1.9762513875740657;1.9762513875740657;2.243616248695367
1149;68;2;1.4456625511555063;1.4456625511555063;1.7054547772544066
1150;61;3;2.056335023392806;2.056335023392806;2.0483081203569533
1151;77;4;2.0961793566095537;2.0961793566095537;2.2291557421935844
1152;135;4;2.4639939651479654;2.4639939651479654;2.5422730585528037
1153;79;4;2.0051766480871303;2.0051766480871303;2.2913553723171542
1154;42;4;2.7166994247494567;2.7166994247494567;3.015008514196939
1155;56;3;2.0067760046358223;2.0067760046358223;2.238181317437972
1156;62;3;1.1968816517259964;1.1968816517259964;1.4134129273291964
1157;47;4;1.5471779983565996;1.5471779983565996;2.028747053513072
1158;61;4;2.1979501427621257;2.1979501427621257;2.1882141860718596
1159;83;4;1.397284837884721;1.397284837884721;1.584493269340582
1160;74;4;1.747437786940286;1.747437786940286;1.8142104834381823
1161;69;3;2.350933329823228;2.350933329823228;2.420904645567875
1162;53;3;1.8146067481575445;1.8146067481575445;2.013563307351735
1163;40;3;1.7211877978645218;1.7211877978645218;1.8172427622035732
1164;53;4;1.8831645039746385;1.8831645039746385;2.254161452971688
1165;61;4;1.9922473778674947;1.9922473778674947;2.304179774330456
1166;86;4;2.287585288004304;2.287585288004304;2.455100406102954
1167;59;4;2.9939836626752743;2.9939836626752743;2.944428229375896
1168;61;3;1.784420332584305;1.784420332584305;2.0091585223314117
1169;93;2;2.3376980527756506;2.3376980527756506;2.45537711041144
1170;94;3;1.7343480320303184;1.7343480320303184;2.111287018208242
1171;81;4;1.996382178722601;1.996382178722601;2.386468680133012
1172;41;4;1.90093461514965;1.90093461514965;2.344616525358652
1173;40;4;2.348497856585099;2.348497856585099;2.5679982937256405
1174;77;4;2.4348549829432846;2.4348549829432846;2.6922496906129263
1175;89;4;2.7873030467371867;2.7873030467371867;2.860028186074142
1176;98;4;2.0847895460708474;2.0847895460708474;2.533588256853095
1177;105;4;2.0112077151271506;2.0112077151271506;2.3641940229779794
1178;91;4;2.226573148164552;2.226573148164552;2.6996512801137067
1179;80;3;3.29883434716834;3.29883434716834;3.184986783356532
1180;78;4;1.7163721930915359;1.7163721930915359;1.8534066209060602
1181;91;4;1.7027821810211627;1.7027821810211627;1.8672402981467535
1182;39;4;1.7600199731680475;1.7600199731680475;1.9154103847196662
1183;84;4;2.438989435507012;2.438989435507012;2.4614430837801775
1184;115;3;2.7244425895962707;2.7244425895962707;2.738519185518006
1185;105;4;2.117376326342047;2.117376326342047;2.1938202120664525
1186;29;3;1.628969648110627;1.628969648110627;1.8416603390552349
1187;80;3;2.177601118350629;2.177601118350629;2.3593464423128907
1188;72;4;1.5336768171416046;1.5336768171416046;1.7353125732543473
1189;96;4;1.9823502020523627;1.9823502020523627;2.217498261938198
1190;119;4;2.5327706628326276;2.5327706628326276;2.783989876095725
1191;133;4;2.3251249183670106;2.3251249183670106;2.3047075397302295
1192;29;3;1.655731539605392;1.655731539605392;1.8023818293934775
1193;107;4;2.291967019645282;2.291967019645282;2.439573378665146
1194;77;4;1.9135686256900797;1.9135686256900797;2.218466891311756
1195;107;4;2.2532817394468694;2.2532817394468694;2.5604741263659183
1196;95;3;2.458839020447595;2.458839020447595;2.2546515400948066
1197;121;3;2.5285020925394126;2.5285020925394126;2.455771426694534
1198;85;4;1.0986995680665608;1.0986995680665608;1.379356976530764
1199;106;4;1.7060845272579446;1.7060845272579446;1.9728198864323396
1200;80;4;1.0969387390925138;1.0969387390925138;1.3643231095373802
1201;116;4;2.159416975639787;2.159416975639787;2.6202598459589326
1202;97;3;1.8120267709316675;1.8120267709316675;2.1932919401464903
1203;43;4;1.6298474339247817;1.6298474339247817;1.9205830166171676
1204;94;4;1.9786550244327332;1.9786550244327332;2.0953860915431757
1205;108;4;1.8583204451761508;1.8583204451761508;2.1168285090326955
1206;118;4;1.5774885444970659;1.5774885444970659;1.999517340484228
1207;40;3;1.9053883396861937;1.9053883396861937;1.9985013818950368
1208;78;4;1.1947816188261637;1.1947816188261637;1.4741678386484036
1209;101;4;2.0313220760904755;2.0313220760904755;2.3964178243091614
1210;67;3;1.5589187524814487;1.5589187524814487;1.7904902660920654
1211;59;3;2.0687046386666825;2.0687046386666825;2.0323106669831876
1212;91;4;2.5790934368145573;2.5790934368145573;2.757621741633346
1213;103;4;1.636931729123775;1.636931729123775;1.755722668483294
1214;78;4;2.1200755447822806;2.1200755447822806;2.3792685910295086
1215;52;4;2.731206590780726;2.731206590780726;2.9583228118789044
1216;69;3;2.0183225062467547;2.0183225062467547;2.157336142057704
1217;60;3;1.2112806100974682;1.2112806100974682;1.4541100980876802
1218;45;4;1.6006621292076282;1.6006621292076282;2.03798179613657
1219;59;4;2.4763339417284684;2.4763339417284684;2.4546701663086608
1220;79;4;1.358509787597099;1.358509787597099;1.5703007037475356
1221;78;4;1.3221141842043893;1.3221141842043893;1.5553037323880325
1222;81;3;2.0099256705131663;2.0099256705131663;2.1300271139384925
1223;62;3;1.6416092537325708;1.6416092537325708;1.8681199487828786
1224;38;3;1.9290722219182792;1.9290722219182792;1.971530635756637
1225;51;4;2.0049632521772116;2.0049632521772116;2.272702480042098
1226;54;4;2.0179423830886676;2.0179423830886676;2.3870803193113157
1227;90;4;2.2157831812220814;2.2157831812220814;2.3955145061176597
1228;68;4;3.1757007510802637;3.1757007510802637;3.1830204722041464
1229;69;3;2.0226199455739686;2.0226199455739686;2.3135318089172863
1230;93;2;2.1821600772209613;2.1821600772209613;2.240959531053731
1231;89;3;1.8785447317705928;1.8785447317705928;2.1427619140713827
1232;73;4;1.974736685888212;1.974736685888212;2.2217234209806387
1233;42;4;1.928778836975222;1.928778836975222;2.3453368042514575
1234;54;3;2.2515061951341093;2.2515061951341093;2.268887451408937
1235;83;4;2.8896817559296335;2.8896817559296335;3.132434344346394
1236;71;4;2.683364168930322;2.683364168930322;2.972724519919795
1237;110;4;2.265163098616999;2.265163098616999;2.445373825621261
1238;115;4;2.201382336820699;2.201382336820699;2.4385335145667177
1239;104;4;2.856330973029374;2.856330973029374;3.103282174205038
1240;76;3;3.109175716702214;3.109175716702214;2.990382123016873
1241;81;4;1.6244707678573382;1.6244707678573382;1.7870075556189278
1242;59;4;2.1668078049446575;2.1668078049446575;2.413204092239873
1243;34;4;2.0946291602287057;2.0946291602287057;2.3898786336516564
1244;84;4;2.3636278275047866;2.3636278275047866;2.463722826522232
1245;113;3;2.521920458811911;2.521920458811911;2.469511762342286
1246;98;4;2.373148529864285;2.373148529864285;2.3230332197532
1247;29;3;1.673507125169468;1.673507125169468;1.8766635714561821
1248;84;3;2.020855635123521;2.020855635123521;2.17121321761078
1249;69;4;1.5940247849807054;1.5940247849807054;1.7711752545149184
1250;93;4;2.016323929054088;2.016323929054088;2.2472950975555617
1251;115;4;2.4885447593458943;2.4885447593458943;2.74810037349529
1252;133;4;2.446842520263326;2.446842520263326;2.399727401699971
1253;29;3;1.7318129527770163;1.7318129527770163;1.8731927254945948
1254;113;4;2.390078944817457;2.390078944817457;2.451225146135494
1255;78;4;1.9506265901994249;1.9506265901994249;2.2920744666709862
1256;99;4;2.3270239610028676;2.3270239610028676;2.6210281994900204
1257;92;3;2.4259471784287725;2.4259471784287725;2.3151129368574153
1258;115;4;2.636336925200479;2.636336925200479;2.6676061029038607
1259;89;4;1.1320505734042194;1.1320505734042194;1.405168563395054
1260;107;4;1.7161222458709675;1.7161222458709675;1.9667578593033195
1261;82;4;1.1437509834378172;1.1437509834378172;1.4001611538309988
1262;119;4;2.2412429004623555;2.2412429004623555;2.6221873709642893
1263;92;3;1.8855498136881415;1.8855498136881415;2.2288619618342818
1264;43;4;1.604840752429986;1.604840752429986;1.9159031166844411
1265;98;4;2.082012206410431;2.082012206410431;2.2338691957102
1266;108;4;1.8800574399128236;1.8800574399128236;2.2211008196691084
1267;123;4;1.67442375295555;1.67442375295555;2.03008615712648
1268;33;3;1.9811694693189905;1.9811694693189905;2.0113640876180017
1269;81;4;1.3327901457119564;1.3327901457119564;1.5743995467259226
1270;105;4;2.086752311824864;2.086752311824864;2.480217335003223
1271;63;2;1.537341547594907;1.537341547594907;1.728682341395308
1272;59;3;2.022383547793853;2.022383547793853;2.0235632912606243
1273;83;4;2.258647523806897;2.258647523806897;2.4251772874274744
1274;132;3;2.509644938839154;2.509644938839154;2.5928878707322913
1275;74;3;2.316355807209502;2.316355807209502;2.4510188740860515
1276;53;4;2.830241657805903;2.830241657805903;2.9623709834918794
1277;68;3;2.061756597229723;2.061756597229723;2.188332513080696
1278;60;3;1.2321810294756885;1.2321810294756885;1.4700245496445206
1279;51;4;1.5791397354412735;1.5791397354412735;2.075026351570279
1280;64;4;2.2147391853085896;2.2147391853085896;2.31124800597684
1281;78;4;1.3486159851608268;1.3486159851608268;1.5566927800848864
1282;75;4;1.4347058662846923;1.4347058662846923;1.6598473704258097
1283;88;4;1.9487744675276566;1.9487744675276566;2.049151214899423
1284;66;2;1.6248886453572358;1.6248886453572358;1.8091576425571811
1285;39;3;1.8172068357613758;1.8172068357613758;1.871684298027889
1286;54;4;1.998533754735861;1.998533754735861;2.3473799628326013
1287;54;4;2.0154174020192968;2.0154174020192968;2.4088640111724047
1288;85;4;2.130028369642412;2.130028369642412;2.2715841336284863
1289;49;4;3.3863263966683212;3.3863263966683212;3.2598096764251174
1290;71;3;2.088360337516375;2.088360337516375;2.422646563564686
1291;93;2;2.37714243220198;2.37714243220198;2.4384324591196855
1292;93;3;1.8920573469153936;1.8920573469153936;2.171068268457986
1293;74;4;1.897518847553264;1.897518847553264;2.250273475099912
1294;40;4;1.9774389328692508;1.9774389328692508;2.391496914670411
1295;45;4;2.4124317950916216;2.4124317950916216;2.516639275323582
1296;80;4;2.983344517478476;2.983344517478476;3.221873781539343
1297;63;4;2.7476317020628636;2.7476317020628636;2.973962801919194
1298;115;4;2.2585980525160303;2.2585980525160303;2.4484980866431196
1299;108;4;2.1579203631102475;2.1579203631102475;2.5010886111877078
1300;96;4;2.496912407933045;2.496912407933045;2.973948553016693
1301;68;3;3.207094111851272;3.207094111851272;2.9877161081645958
1302;76;4;1.5987852615746376;1.5987852615746376;1.7330145651322546
1303;58;4;2.0020170259977443;2.0020170259977443;2.230415594448379
1304;31;4;2.2324750508490347;2.2324750508490347;2.388065829235996
1305;86;4;2.3472455537907915;2.3472455537907915;2.4467531602976282
1306;112;3;2.4991492218608844;2.4991492218608844;2.4332948186603467
1307;83;4;2.312323075608127;2.312323075608127;2.126471832743417
1308;29;3;1.802024754005297;1.802024754005297;1.9093788859956948
1309;84;4;2.006023875154692;2.006023875154692;2.057266963766037
1310;68;4;1.5507223938790815;1.5507223938790815;1.7268501801297287
1311;112;4;2.388066669936004;2.388066669936004;2.5938861930878407
1312;83;4;1.8522065262844025;1.8522065262844025;2.0082042315091773
1313;142;4;2.861327155089232;2.861327155089232;2.7405898550845262
1314;30;3;1.7687059429968688;1.7687059429968688;1.9121338092985654
1315;111;4;2.2201725756068376;2.2201725756068376;2.3669982489495474
1316;74;4;2.9151789709585176;2.9151789709585176;2.86595137911395
1317;111;4;2.356985200571013;2.356985200571013;2.365273359261672
1318;113;4;2.483767042864985;2.483767042864985;2.4809560887257365
1319;84;4;1.9861298540303662;1.9861298540303662;2.1450526135849577
1320;109;4;1.5878262552796019;1.5878262552796019;1.8118053817949702
1321;108;4;1.682724675947994;1.682724675947994;2.092242487802351
1322;93;4;1.337840363132799;1.337840363132799;1.560028356599809
1323;86;4;2.038170649378853;2.038170649378853;2.2496961140023313
1324;111;3;2.443315055539625;2.443315055539625;2.5980625487965883
1325;45;4;1.645957071493223;1.645957071493223;1.8878162048318812
1326;117;4;2.42046748078503;2.42046748078503;2.4955354484707803
1327;83;4;3.462867341283014;3.462867341283014;3.3796296254478886
1328;102;4;1.7423823335808262;1.7423823335808262;2.0719532086853474
1329;30;3;1.9431354962820946;1.9431354962820946;1.926920614287388
1330;112;4;1.4930763157564277;1.4930763157564277;1.6921441427689259
1331;80;4;2.124948541609274;2.124948541609274;2.261743928514432
1332;69;3;1.4239034526164474;1.4239034526164474;1.6148911452644987
1333;71;4;2.100453532864611;2.100453532864611;2.068742395609791
1334;134;4;4.780152657183303;4.780152657183303;3.9002727082899202
1335;131;4;1.6965630039865538;1.6965630039865538;1.7929570992227668
1336;80;3;2.0867732725385517;2.0867732725385517;2.236709994776958
1337;36;4;3.4445834727519786;3.4445834727519786;3.5766318757850324
1338;39;3;2.185562135972333;2.185562135972333;2.3144550200770313
1339;56;3;1.376485974522298;1.376485974522298;1.5242036589285062
1340;60;4;1.9144931494129995;1.9144931494129995;2.1667919593200975
1341;92;4;1.802555892197937;1.802555892197937;1.9258759685407094
1342;77;4;1.4493591835425927;1.4493591835425927;1.6037742835648103
1343;89;4;1.4169555753632732;1.4169555753632732;1.6304679582371309
1344;43;3;2.564368632987786;2.564368632987786;2.3673189531759458
1345;50;3;2.4106971358486486;2.4106971358486486;2.361125501341586
1346;40;3;1.793395231708064;1.793395231708064;1.7254687706764351
1347;73;4;1.870805677500139;1.870805677500139;2.2400532955192167
1348;65;4;2.5936937639836817;2.5936937639836817;2.662407769613258
1349;87;4;2.571669236582212;2.571669236582212;2.9659672234356877
1350;55;4;3.600663328372055;3.600663328372055;3.1439046271526907
1351;48;3;1.786937539862387;1.786937539862387;1.9849359095714751
1352;70;3;2.456591220900891;2.456591220900891;2.446543485352645
1353;105;3;2.2124376520205007;2.2124376520205007;2.388790307582853
1354;88;4;1.9937560300058281;1.9937560300058281;2.219710110081635
1355;44;4;2.1374892497713462;2.1374892497713462;2.540639612701827
1356;40;4;2.0475119256372794;2.0475119256372794;2.430136169465844
1357;92;4;2.463468901315891;2.463468901315891;2.7349921103080304
1358;107;4;2.22993375394728;2.22993375394728;2.3194533989059734
1359;80;3;2.098480101782752;2.098480101782752;2.377409084764293
1360;82;3;2.000048629630926;2.000048629630926;2.2092553849769225
1361;104;4;2.386443352191089;2.386443352191089;2.512494598468118
1362;91;4;2.554044144925944;2.554044144925944;2.9149998726981985
1363;95;4;2.0161988726037428;2.0161988726037428;2.2600387464713756
1364;94;4;1.9154675854675824;1.9154675854675824;2.030237341093356
1365;39;4;1.6733060916345048;1.6733060916345048;1.9728712244709128
1366;86;4;2.855174564332666;2.855174564332666;3.0743021703149607
1367;94;3;3.1415221330625673;3.1415221330625673;3.0525450957375058
1368;121;4;2.4520107024160764;2.4520107024160764;2.401947648432237
1369;29;3;1.636100624772871;1.636100624772871;1.8035157999926277
1370;88;3;2.176141402722164;2.176141402722164;2.3096053985299996
1371;77;4;1.604829252412614;1.604829252412614;1.7718933168336533
