0.05162079525706223
node;in_degree;local_intrinsic_dimensionality
0;3;2
1;6;2
2;2;2
3;8;2
4;7;0
5;0;1
6;7;3
7;6;2
8;5;3
9;3;2
10;9;3
11;6;3
12;5;2
13;3;3
14;6;3
15;3;3
16;7;3
17;7;2
18;7;3
19;1;3
20;1;3
21;4;1
22;6;2
23;8;3
24;1;3
25;2;2
26;4;1
27;4;2
28;0;2
29;1;3
30;0;2
31;2;2
32;6;3
33;7;3
34;1;2
35;4;3
36;7;2
37;8;2
38;2;3
39;6;3
40;1;3
41;4;1
42;4;3
43;2;3
44;6;2
45;2;1
46;5;2
47;2;1
48;4;2
49;5;2
50;7;2
51;4;3
52;2;3
53;5;3
54;1;2
55;2;3
56;6;3
57;3;2
58;3;2
59;3;2
60;4;2
61;6;2
62;5;3
63;0;1
64;3;2
65;8;3
66;3;2
67;6;2
68;2;3
69;2;3
70;2;3
71;4;2
72;4;2
73;6;3
74;2;2
75;4;2
76;0;2
77;5;3
78;3;3
79;2;2
80;6;3
81;3;3
82;4;2
83;9;2
84;2;3
85;6;2
86;6;3
87;3;3
88;8;2
89;7;2
90;1;1
91;4;2
92;4;2
93;2;2
94;3;2
95;0;2
96;2;3
97;4;2
98;3;3
99;4;3
100;2;3
101;2;2
102;3;2
103;4;1
104;5;3
105;4;2
106;0;2
107;2;2
108;2;2
109;8;2
110;2;2
111;0;2
112;0;2
113;0;2
114;1;2
115;0;2
116;2;3
117;5;3
118;1;2
119;3;2
120;1;2
121;4;2
122;4;2
123;7;3
124;4;3
125;3;3
126;1;3
127;4;2
128;2;2
129;5;2
130;7;2
131;4;2
132;8;2
133;4;3
134;2;2
135;3;2
136;0;2
137;4;2
138;6;3
139;8;1
140;5;2
141;2;2
142;1;2
143;4;2
144;8;2
145;4;1
146;4;2
147;3;2
148;3;3
149;4;3
150;4;2
151;4;2
152;5;1
153;1;3
154;5;2
155;3;3
156;8;2
157;4;3
158;1;3
159;6;2
160;7;2
161;2;2
162;1;3
163;1;2
164;3;3
165;6;3
166;4;2
167;3;3
168;3;2
169;4;2
170;6;1
171;6;2
172;1;2
173;1;3
174;7;3
175;5;2
176;3;1
177;7;2
178;2;3
179;8;2
180;2;3
181;3;3
182;5;3
183;1;2
184;6;2
185;2;3
186;6;2
187;3;2
188;3;2
189;2;3
190;3;2
191;6;2
192;1;2
193;2;2
194;6;1
195;2;2
196;6;2
197;6;3
198;3;2
199;5;2
200;9;2
201;4;2
202;5;1
203;3;2
204;3;3
205;4;3
206;1;2
207;7;3
208;6;2
209;3;3
210;2;3
211;3;3
212;1;2
213;2;2
214;7;3
215;1;3
216;2;3
217;5;3
218;4;3
219;5;2
220;2;2
221;1;2
222;8;3
223;5;2
224;0;2
225;3;2
226;6;1
227;2;1
228;2;3
229;1;2
230;7;3
231;6;2
232;7;2
233;2;3
234;5;2
235;3;3
236;4;3
237;2;3
238;6;2
239;7;3
240;7;2
241;9;3
242;1;2
243;3;2
244;3;3
245;6;2
246;6;2
247;3;3
248;4;1
249;4;3
250;4;2
251;3;3
252;9;3
253;5;2
254;4;2
255;3;2
256;4;2
257;3;2
258;7;3
259;6;2
260;3;2
261;4;2
262;3;3
263;1;2
264;5;3
265;0;3
266;1;2
267;4;3
268;3;2
269;4;3
270;4;2
271;3;2
272;1;2
273;8;3
274;5;1
275;5;2
276;2;2
277;8;3
278;5;2
279;5;3
280;5;2
281;8;2
282;4;2
283;6;2
284;5;2
285;5;2
286;4;3
287;6;3
288;4;2
289;4;3
290;2;3
291;4;1
292;5;2
293;7;2
294;2;2
295;2;2
296;3;3
297;5;2
298;7;2
299;5;3
300;4;1
301;4;2
302;1;2
303;6;3
304;0;3
305;1;3
306;0;2
307;6;3
308;4;2
309;4;3
310;3;3
311;1;3
312;3;2
313;1;2
314;1;2
315;4;1
316;4;1
317;2;2
318;2;3
319;2;2
320;4;1
321;5;3
322;3;3
323;5;3
324;5;3
325;4;3
326;0;2
327;1;2
328;3;3
329;6;3
330;3;3
331;3;2
332;5;3
333;2;3
334;2;3
335;4;2
336;3;1
337;2;2
338;4;3
339;4;3
340;6;2
341;3;2
342;3;2
343;9;3
344;8;2
345;2;2
346;6;2
347;3;2
348;5;3
349;0;1
350;3;2
351;4;1
352;4;1
353;8;3
354;2;2
355;5;2
356;8;2
357;7;3
358;8;2
359;2;3
360;2;2
361;5;2
362;5;3
363;3;3
364;10;2
365;1;3
366;2;2
367;4;2
368;1;2
369;1;3
370;5;2
371;4;3
372;1;3
373;1;3
374;2;3
375;1;3
376;1;2
377;9;3
378;1;2
379;2;2
380;3;2
381;5;2
382;7;2
383;6;2
384;10;3
385;5;3
386;4;3
387;3;3
388;8;2
389;6;3
390;7;1
391;2;2
392;8;3
393;2;2
394;7;1
395;1;3
396;7;2
397;3;3
398;3;3
399;4;3
400;4;2
401;1;2
402;1;2
403;3;3
404;4;1
405;5;3
406;5;3
407;3;3
408;4;3
409;6;3
410;8;2
411;6;2
412;5;3
413;2;2
414;0;2
415;4;2
416;5;3
417;3;3
418;5;3
419;2;3
420;3;2
421;4;3
422;5;3
423;5;2
424;6;3
425;7;3
426;3;3
427;2;2
428;2;2
429;3;2
430;3;2
431;5;2
432;4;3
433;5;2
434;7;1
435;7;3
436;4;1
437;8;3
438;5;2
439;8;2
440;7;2
441;7;3
442;5;3
443;7;2
444;3;2
445;4;2
446;6;2
447;7;3
448;2;2
449;3;3
450;8;3
451;1;2
452;3;2
453;6;3
454;6;2
455;0;3
456;6;2
457;5;2
458;5;3
459;1;2
460;3;3
461;4;2
462;7;2
463;7;3
464;2;2
465;1;1
466;1;3
467;3;1
468;1;3
469;2;3
470;4;2
471;9;3
472;7;2
473;4;2
474;8;2
475;4;2
476;4;1
477;3;3
478;3;2
479;7;2
480;2;2
481;4;2
482;3;2
483;2;2
484;7;2
485;4;3
486;2;3
487;8;2
488;4;2
489;6;2
490;7;3
491;1;2
492;5;2
493;1;3
494;7;3
495;4;2
496;7;2
497;2;3
498;5;1
499;3;3
500;4;2
501;4;3
502;7;3
503;1;3
504;8;2
505;2;2
506;4;2
507;2;2
508;7;1
509;7;2
510;3;2
511;5;2
512;8;3
513;3;2
514;4;3
515;2;2
516;2;2
517;3;3
518;1;2
519;3;3
520;2;3
521;1;3
522;0;2
523;3;2
524;1;1
525;7;3
526;2;3
527;6;3
528;2;1
529;2;2
530;8;2
531;1;2
532;3;3
533;8;2
534;5;2
535;4;3
536;3;2
537;7;3
538;2;2
539;1;3
540;2;2
541;2;2
542;4;3
543;4;2
544;2;3
545;5;2
546;7;2
547;1;2
548;3;1
549;8;2
550;7;2
551;0;2
552;3;2
553;5;2
554;7;1
555;3;3
556;6;3
557;5;2
558;6;2
559;3;2
560;5;3
561;4;2
562;3;2
563;5;3
564;6;3
565;4;2
566;4;3
567;3;3
568;3;2
569;7;2
570;6;3
571;0;2
572;10;2
573;6;2
574;6;2
575;3;3
576;3;2
577;5;3
578;6;3
579;5;2
580;5;2
581;4;2
582;6;2
583;2;2
584;6;3
585;2;2
586;3;2
587;2;3
588;3;2
589;4;2
590;3;3
591;3;2
592;5;2
593;0;2
594;8;2
595;2;3
596;1;3
597;3;3
598;3;3
599;6;3
600;0;2
601;8;3
602;3;2
603;6;3
604;2;1
605;8;3
606;5;3
607;3;3
608;7;1
609;2;3
610;2;2
611;2;2
612;3;3
613;2;2
614;3;2
615;11;1
616;6;2
617;4;2
618;3;2
619;5;2
620;5;2
621;5;2
622;3;2
623;4;2
624;7;3
625;7;3
626;6;3
627;6;2
628;5;2
629;3;2
630;2;2
631;4;2
632;8;3
633;1;2
634;0;1
635;2;3
636;4;2
637;6;2
638;4;2
639;7;3
640;2;2
641;6;3
642;8;2
643;2;3
644;4;3
645;5;3
646;2;3
647;2;2
648;3;3
649;7;2
650;4;2
651;5;2
652;4;2
653;4;3
654;5;3
655;6;3
656;1;2
657;3;2
658;1;3
659;3;3
660;7;2
661;6;3
662;4;2
663;6;3
664;4;2
665;5;2
666;5;3
667;7;3
668;6;0
669;2;3
670;8;2
671;4;0
672;2;2
673;3;2
674;3;2
675;2;2
676;3;3
677;6;1
678;1;3
679;3;3
680;6;3
681;1;2
682;5;3
683;5;3
684;5;3
685;6;3
686;2;2
687;1;2
688;5;3
689;4;2
690;6;1
691;4;1
692;5;3
693;3;2
694;0;1
695;2;3
696;1;2
697;7;2
698;1;3
699;5;2
700;9;3
701;6;2
702;5;2
703;6;2
704;2;2
705;4;3
706;4;2
707;6;3
708;2;2
709;3;3
710;3;2
711;5;3
712;1;2
713;8;3
714;1;3
715;6;3
716;5;1
717;5;3
718;2;2
719;2;3
720;5;2
721;2;2
722;6;2
723;4;3
724;4;3
725;2;2
726;6;2
727;2;1
728;4;0
729;1;3
730;2;3
731;6;3
732;1;3
733;5;2
734;6;3
735;3;2
736;5;2
737;5;3
738;5;3
739;7;3
740;6;1
741;4;3
742;3;3
743;7;3
744;7;2
745;3;2
746;1;2
747;5;3
748;5;2
749;6;3
750;0;2
751;5;2
752;2;2
753;0;3
754;5;3
755;6;2
756;6;3
757;3;3
758;1;3
759;5;2
760;1;2
761;6;2
762;4;2
763;3;2
764;9;3
765;5;2
766;6;2
767;8;2
768;4;2
769;6;2
770;5;2
771;4;2
772;8;2
773;3;2
774;10;3
775;6;3
776;3;2
777;1;2
778;1;2
779;8;2
780;5;3
781;6;2
782;7;3
783;5;3
784;2;3
785;3;2
786;5;1
787;5;2
788;6;2
789;5;3
790;5;2
791;3;2
792;3;1
793;5;2
794;5;3
795;5;3
796;9;3
797;5;2
798;5;2
799;3;2
800;5;2
801;6;2
802;6;2
803;6;3
804;10;3
805;3;2
806;7;3
807;4;2
808;7;3
809;5;2
810;6;2
811;7;2
812;8;2
813;4;2
814;6;3
815;2;3
816;8;2
817;5;2
818;2;3
819;3;2
820;4;2
821;6;3
822;6;3
823;3;3
824;4;2
825;7;2
826;3;3
827;5;2
828;5;2
829;3;2
830;5;1
831;6;2
832;3;3
833;2;3
834;3;3
835;5;2
836;4;2
837;6;2
838;10;2
839;3;3
840;3;3
841;4;3
842;7;2
843;6;3
844;3;3
845;5;2
846;7;2
847;5;2
848;5;2
849;6;2
850;3;2
851;3;2
852;9;2
853;5;2
854;5;2
855;5;2
856;3;2
857;4;2
858;3;2
859;6;2
860;2;2
861;4;2
862;3;2
863;3;2
864;5;1
865;3;3
866;5;2
867;7;2
868;4;3
869;5;2
870;3;2
871;4;1
872;6;2
873;3;2
874;4;3
875;4;3
876;5;3
877;3;2
878;4;1
879;6;1
880;6;1
881;4;2
882;2;1
883;3;3
884;5;2
885;6;2
886;2;2
887;4;2
888;2;2
889;2;2
890;1;3
891;4;2
892;2;2
893;4;2
894;9;2
895;2;2
896;4;2
897;4;3
898;3;2
899;3;2
900;4;2
901;3;2
902;1;2
903;4;2
904;2;2
905;5;2
906;3;2
907;3;3
908;1;1
909;2;2
910;3;3
911;3;3
912;5;2
913;2;2
914;3;3
915;2;2
916;0;2
917;4;2
918;2;2
919;2;2
920;2;2
921;3;3
922;3;1
923;2;2
924;5;3
925;2;2
926;4;3
927;4;2
928;3;2
929;6;3
930;3;3
931;5;2
932;2;2
933;4;2
934;2;2
935;2;3
936;5;2
937;4;3
938;4;2
939;3;2
940;3;2
941;4;3
942;2;2
943;4;3
944;3;2
945;3;2
946;4;2
947;4;1
948;1;2
949;2;2
950;3;2
951;5;2
952;5;1
953;6;2
954;7;3
955;4;2
956;6;2
957;2;2
958;7;3
959;6;2
960;8;2
961;5;3
962;4;2
963;9;1
964;2;2
965;3;2
966;5;2
967;6;2
968;5;2
969;3;3
970;3;2
971;5;2
972;5;3
973;5;3
974;4;2
975;5;2
976;2;2
977;2;2
978;3;2
979;4;2
980;4;1
981;6;1
982;3;2
983;3;2
984;4;2
985;3;2
986;2;1
987;6;3
988;2;2
989;6;2
990;5;2
991;4;1
992;6;2
993;4;2
994;5;1
995;6;2
996;6;2
997;4;3
998;7;3
999;1;2
1000;5;2
1001;4;2
1002;5;2
1003;4;2
1004;3;2
1005;2;2
1006;5;2
1007;4;2
1008;2;2
1009;3;2
1010;2;2
1011;2;2
1012;2;2
1013;3;2
1014;5;2
1015;2;2
1016;6;2
1017;5;2
1018;2;3
1019;4;2
1020;7;2
1021;3;2
1022;3;2
1023;3;3
1024;2;2
1025;4;3
1026;5;3
1027;3;2
1028;3;1
1029;8;2
1030;4;2
1031;4;2
1032;2;2
1033;5;2
1034;4;2
1035;2;2
1036;5;3
1037;2;2
1038;7;3
1039;6;2
1040;2;2
1041;2;2
1042;2;1
1043;2;2
1044;3;2
1045;2;3
1046;5;2
1047;6;2
1048;2;3
1049;3;3
1050;3;1
1051;5;2
1052;3;2
1053;2;3
1054;4;1
1055;5;2
1056;6;2
1057;4;3
1058;3;2
1059;4;3
1060;3;1
1061;5;1
1062;5;1
1063;2;3
1064;5;1
1065;7;3
1066;2;2
1067;3;2
1068;5;2
1069;2;2
1070;2;3
1071;3;3
1072;2;2
1073;2;3
1074;3;2
1075;6;3
1076;2;2
1077;4;2
1078;2;2
1079;5;2
1080;5;2
1081;6;2
1082;2;2
1083;2;2
1084;2;3
1085;3;2
1086;2;1
1087;4;3
1088;7;3
1089;3;2
1090;9;2
1091;4;2
1092;2;3
1093;3;3
1094;1;3
1095;4;2
1096;2;1
1097;0;3
1098;2;2
1099;5;3
1100;3;3
1101;3;2
1102;3;2
1103;2;2
1104;3;3
1105;4;2
1106;2;2
1107;5;3
1108;3;2
1109;2;3
1110;6;3
1111;4;2
1112;7;3
1113;6;3
1114;2;3
1115;5;2
1116;4;2
1117;6;2
1118;4;1
1119;3;1
1120;4;2
1121;5;2
1122;4;2
1123;4;2
1124;2;2
1125;4;2
1126;4;3
1127;4;2
1128;6;3
1129;4;2
1130;10;2
1131;8;2
1132;6;2
1133;6;2
1134;8;2
1135;4;1
1136;6;3
1137;7;2
1138;3;2
1139;6;2
1140;2;2
1141;2;3
1142;4;2
1143;2;3
1144;6;3
1145;5;3
1146;6;3
1147;5;2
1148;6;2
1149;5;3
1150;5;3
1151;2;2
1152;4;2
1153;6;2
1154;6;2
1155;6;3
1156;5;2
1157;6;2
1158;2;3
1159;3;2
1160;2;3
1161;5;2
1162;5;2
1163;9;2
1164;6;2
1165;8;3
1166;5;2
1167;5;2
1168;3;3
1169;8;3
1170;3;2
1171;7;3
1172;4;2
1173;4;2
1174;2;1
1175;4;2
1176;6;2
1177;4;2
1178;6;2
1179;3;2
1180;6;2
1181;2;3
1182;5;3
1183;3;2
1184;3;2
1185;6;2
1186;6;2
1187;6;3
1188;8;3
1189;3;3
1190;3;2
1191;4;2
1192;4;3
1193;4;2
1194;6;2
1195;8;2
1196;2;2
1197;1;2
1198;8;3
1199;2;3
1200;5;2
1201;5;2
1202;3;2
1203;2;2
1204;4;3
1205;1;3
1206;5;3
1207;7;2
1208;4;2
1209;4;2
1210;4;3
1211;3;2
1212;4;2
1213;3;3
1214;5;2
1215;5;2
1216;3;2
1217;5;3
1218;3;2
1219;4;3
1220;3;3
1221;6;3
1222;6;3
1223;5;3
1224;4;2
1225;2;2
1226;4;2
1227;5;2
1228;6;2
1229;4;2
1230;3;2
1231;4;3
1232;3;3
1233;2;2
1234;4;3
1235;3;3
1236;5;2
1237;3;2
1238;4;2
1239;4;2
1240;2;2
1241;5;3
1242;3;2
1243;3;2
1244;3;2
1245;4;2
1246;3;2
1247;3;2
1248;6;2
1249;5;2
1250;1;3
1251;7;3
1252;3;2
1253;4;3
1254;2;2
1255;6;3
1256;5;2
1257;4;2
1258;2;2
1259;8;2
1260;3;2
1261;6;2
1262;2;3
1263;5;3
1264;3;2
1265;4;3
1266;5;3
1267;5;3
1268;1;3
1269;4;2
1270;6;3
1271;3;2
1272;5;3
1273;5;3
1274;4;2
1275;4;2
1276;3;2
1277;2;2
1278;4;2
1279;3;2
1280;5;3
1281;5;3
1282;4;2
1283;4;3
1284;4;2
1285;6;2
1286;3;2
1287;5;3
1288;4;2
1289;4;2
1290;2;2
1291;2;2
1292;4;2
1293;6;3
1294;2;2
1295;2;3
1296;3;2
1297;4;2
1298;2;2
1299;4;1
1300;3;2
1301;2;2
1302;4;3
1303;2;3
1304;3;2
1305;3;2
1306;3;2
1307;3;2
1308;3;2
1309;2;2
1310;4;2
1311;4;2
1312;2;1
1313;2;3
1314;6;3
1315;3;2
1316;4;3
1317;1;2
1318;4;1
1319;3;2
1320;2;2
1321;4;2
1322;5;2
1323;4;2
1324;1;3
1325;2;2
1326;5;2
1327;1;2
1328;4;3
1329;2;1
1330;6;2
1331;3;2
1332;0;3
1333;4;1
1334;1;1
1335;3;2
1336;3;2
1337;2;2
1338;5;2
1339;0;2
1340;2;2
1341;2;2
1342;2;2
1343;1;2
1344;1;2
1345;2;3
1346;2;2
1347;4;2
1348;4;2
1349;4;2
1350;0;2
1351;6;3
1352;3;1
1353;1;3
1354;3;2
1355;6;3
1356;4;2
1357;2;2
1358;0;2
1359;5;2
1360;3;2
1361;1;2
1362;4;2
1363;2;3
1364;4;2
1365;5;2
1366;5;2
1367;2;3
1368;2;2
1369;5;2
1370;3;2
1371;3;3
