-0.07122835221454622
node;in_degree;local_intrinsic_dimensionality
0;5;2
1;4;2
2;5;2
3;5;1
4;6;2
5;6;2
6;6;2
7;6;1
8;4;1
9;6;2
10;6;2
11;8;2
12;6;1
13;6;2
14;6;1
15;6;1
16;6;2
17;10;2
18;14;0
19;5;2
20;6;2
21;6;1
22;4;2
23;4;2
24;5;2
25;7;1
26;7;2
27;5;2
28;8;1
29;6;2
30;6;2
31;7;2
32;7;2
33;4;1
34;6;2
35;6;1
36;4;2
37;6;1
38;6;2
39;6;2
40;2;1
41;6;2
42;3;2
43;10;2
44;5;2
45;5;2
46;5;2
47;7;1
48;6;1
49;7;2
50;5;3
51;5;2
52;4;2
53;3;3
54;9;3
55;4;2
56;3;2
57;4;2
58;3;2
59;6;3
60;5;2
61;8;3
62;4;2
63;3;2
64;4;2
65;4;2
66;3;3
67;6;2
68;5;2
69;5;2
70;5;2
71;6;2
72;2;2
73;4;1
74;4;2
75;4;3
76;2;2
77;4;2
78;7;3
79;3;2
80;4;2
81;1;3
82;2;3
83;3;2
84;3;2
85;5;3
86;3;2
87;4;2
88;4;2
89;3;2
90;7;2
91;2;3
92;7;3
93;6;1
94;5;3
95;4;2
96;5;1
97;3;3
98;4;2
99;6;3
100;6;2
101;4;3
102;4;2
103;2;3
104;3;2
105;5;1
106;5;2
107;4;2
108;4;2
109;1;3
110;3;2
111;6;3
112;4;2
113;5;2
114;4;2
115;3;2
116;4;3
117;3;3
118;5;0
119;4;2
120;5;2
121;3;2
122;2;2
123;6;1
124;5;2
125;3;2
126;5;3
127;4;3
128;4;1
129;5;2
130;5;2
131;0;1
132;13;0
133;4;2
134;4;2
135;4;3
136;5;3
137;5;2
138;5;2
139;3;2
140;5;3
141;2;3
142;7;3
143;3;3
144;3;2
145;4;2
146;5;2
147;3;3
148;4;2
149;4;2
150;5;3
151;4;2
152;4;1
153;5;2
154;5;3
155;5;2
156;3;2
157;4;1
158;5;2
159;6;2
160;4;2
161;3;2
162;4;1
163;3;2
164;4;1
165;4;1
166;2;3
167;4;3
168;5;2
169;5;1
170;4;2
171;6;1
172;2;2
173;5;1
174;4;2
175;4;3
176;3;3
177;5;3
178;5;2
179;5;2
180;4;2
181;6;2
182;2;3
183;6;2
184;3;1
185;6;3
186;4;2
187;4;1
188;3;2
189;2;3
190;6;2
191;3;3
192;7;2
193;5;1
194;4;3
195;4;1
196;5;2
197;5;3
198;4;1
199;5;3
200;6;3
201;10;0
202;5;1
203;7;2
204;6;3
205;5;2
206;4;1
207;4;1
208;5;2
209;2;2
210;5;2
211;5;3
212;5;1
213;4;1
214;4;1
215;4;1
216;3;3
217;8;3
218;6;0
219;4;1
220;5;2
221;4;1
222;2;3
223;6;2
224;5;2
225;1;3
226;6;1
227;4;2
228;2;1
229;3;2
230;4;2
231;3;2
232;3;1
233;5;2
234;4;1
235;7;3
236;3;3
237;6;1
238;4;1
239;4;2
240;2;3
241;2;2
242;3;3
243;4;2
244;2;2
245;4;2
246;4;2
247;2;3
248;4;1
249;2;2
250;4;2
251;6;2
252;7;1
253;5;3
254;7;3
255;2;2
256;4;1
257;3;2
258;1;1
259;5;2
260;2;1
261;4;3
262;3;2
263;4;1
264;4;1
265;4;1
266;2;3
267;3;2
268;2;1
269;7;1
270;7;2
271;4;1
272;1;2
273;6;1
274;1;1
275;5;2
276;2;3
277;4;2
278;6;2
279;8;1
280;7;2
281;5;3
282;1;1
283;1;1
284;6;1
285;0;2
286;1;1
287;4;1
288;9;1
289;2;1
290;7;2
291;3;2
292;3;2
293;5;3
294;5;1
295;5;1
296;7;2
297;3;2
298;3;2
299;2;3
300;5;3
301;5;0
302;7;1
303;2;3
304;5;2
305;4;2
306;3;2
307;3;2
308;2;1
309;2;3
310;2;2
311;4;1
312;4;1
313;3;2
314;3;2
315;3;2
316;4;3
317;7;2
318;6;1
319;9;1
320;7;2
321;3;2
322;1;3
323;6;1
324;2;1
325;3;3
326;8;2
327;1;2
328;6;2
329;6;2
330;9;2
331;5;2
332;1;1
333;2;1
334;5;1
335;4;3
336;9;1
337;3;2
338;5;1
339;2;2
340;5;2
341;6;2
342;5;3
343;1;3
344;3;3
345;7;1
346;8;2
347;1;2
348;4;1
349;1;3
350;2;3
351;7;3
352;4;2
353;3;2
354;3;2
355;3;2
356;2;2
357;3;2
358;5;1
359;6;1
360;3;2
361;3;2
362;3;2
363;2;2
364;3;2
365;3;2
366;7;2
367;7;2
368;5;3
369;3;2
370;5;2
371;3;2
372;3;2
373;4;1
374;4;1
375;4;2
376;4;3
377;2;2
378;4;1
379;7;2
380;4;2
381;4;1
382;1;2
383;5;1
384;4;2
385;4;3
386;5;3
387;3;2
388;4;1
389;1;2
390;6;2
391;3;2
392;5;2
393;7;3
394;4;1
395;3;3
396;4;2
397;4;2
398;3;2
399;6;2
400;2;2
401;6;0
402;3;2
403;2;1
404;7;1
405;5;2
406;3;2
407;3;2
408;4;1
409;2;2
410;3;2
411;5;3
412;3;2
413;3;2
414;3;2
415;3;2
416;5;3
417;4;3
418;1;0
419;4;2
420;5;2
421;2;2
422;1;3
423;2;3
424;3;2
425;2;2
426;9;2
427;4;3
428;3;1
429;6;1
430;2;3
431;5;2
432;3;1
433;3;1
434;3;2
435;4;3
436;5;3
437;3;2
438;3;2
439;2;3
440;8;3
441;2;1
442;5;2
443;3;3
444;3;3
445;3;2
446;6;2
447;2;3
448;3;2
449;2;2
450;3;1
451;4;3
452;4;1
453;3;2
454;5;2
455;2;2
456;4;2
457;5;1
458;4;1
459;5;2
460;4;1
461;3;1
462;3;1
463;3;2
464;5;1
465;3;2
466;4;2
467;3;2
468;4;3
469;5;1
470;4;1
471;7;2
472;2;3
473;4;2
474;2;2
475;0;2
476;4;2
477;2;2
478;3;3
479;4;3
480;4;1
481;5;3
482;5;1
483;5;1
484;1;2
485;4;3
486;2;2
487;5;1
488;2;2
489;0;3
490;6;3
491;5;3
492;5;2
493;3;2
494;2;2
495;2;3
496;4;1
497;1;1
498;4;1
499;4;3
500;2;2
501;2;1
502;5;1
503;5;2
504;1;2
505;6;3
506;3;1
507;5;1
508;3;1
509;3;2
510;6;2
511;3;1
512;3;2
513;3;1
514;5;1
515;3;1
516;5;3
517;6;1
518;10;0
519;4;1
520;3;1
521;4;3
522;0;2
523;4;1
524;5;2
525;1;2
526;3;3
527;6;2
528;6;2
529;4;3
530;3;1
531;2;3
532;4;1
533;2;1
534;5;1
535;3;3
536;5;2
537;4;1
538;4;1
539;1;2
540;2;2
541;4;1
542;4;3
543;3;2
544;5;3
545;6;2
546;4;1
547;2;1
548;5;2
549;0;1
550;4;3
551;1;2
552;1;2
553;4;1
554;5;2
555;0;3
556;1;1
557;0;1
558;0;1
559;5;3
560;4;2
561;5;2
562;0;1
563;2;1
564;0;1
565;0;1
566;2;3
567;3;2
568;1;2
569;1;2
570;1;2
571;1;3
572;3;2
573;3;2
574;4;1
575;5;2
576;2;3
577;3;3
578;0;2
579;2;3
580;2;1
581;1;1
582;1;3
583;2;2
584;0;2
585;5;2
586;2;3
587;0;1
588;5;2
589;3;1
590;3;3
591;0;2
592;1;2
593;4;2
594;0;2
595;1;2
596;5;1
597;0;2
598;0;1
599;7;3
600;5;2
601;4;1
602;3;2
603;4;2
604;5;3
605;3;3
606;1;1
607;0;1
608;5;1
609;2;2
610;6;2
611;1;3
612;2;2
613;0;1
614;0;1
615;0;2
616;6;3
617;2;2
618;0;0
619;2;2
620;6;2
621;0;2
622;2;2
623;4;1
624;4;2
625;4;3
626;4;3
627;8;3
628;10;0
629;4;3
630;6;2
631;1;3
632;3;2
633;5;1
634;0;2
635;4;2
636;6;3
637;0;1
638;0;1
639;0;2
640;3;1
641;2;3
642;4;2
643;2;2
644;6;2
645;3;2
646;1;2
647;8;3
648;0;1
649;3;2
650;6;3
651;6;3
652;5;2
653;4;2
654;3;3
655;2;2
656;3;2
657;4;2
658;5;2
659;5;2
660;4;2
661;4;3
662;4;2
663;3;2
664;4;2
665;4;2
666;6;3
667;7;3
668;5;2
669;3;2
670;3;2
671;3;2
672;2;3
673;4;1
674;5;3
675;4;2
676;4;3
677;3;2
678;5;1
679;5;3
680;4;2
681;7;1
682;2;3
683;4;2
684;4;2
685;4;3
686;6;3
687;4;2
688;5;2
689;3;3
690;4;2
691;2;3
692;5;3
693;7;2
694;4;2
695;4;3
696;4;2
697;3;2
698;4;2
699;5;2
700;2;2
701;6;1
702;3;2
703;3;1
704;4;3
705;4;2
706;4;2
707;4;2
708;4;1
709;3;2
710;3;2
711;5;3
712;4;2
713;4;2
714;4;2
715;4;2
716;5;3
717;5;3
718;11;0
719;5;2
720;5;2
721;3;2
722;2;3
723;2;2
724;3;1
725;4;2
726;5;2
727;6;3
728;6;2
729;5;1
730;2;3
731;4;2
732;4;2
733;4;1
734;4;2
735;4;3
736;6;3
737;4;2
738;4;2
739;3;2
740;4;3
741;4;1
742;1;3
743;2;3
744;5;3
745;4;2
746;4;2
747;4;3
748;4;2
749;4;2
750;4;1
751;5;3
752;2;1
753;3;1
754;6;1
755;7;1
756;6;1
757;6;1
758;5;1
759;3;1
760;5;1
761;3;1
762;7;1
763;6;1
764;6;1
765;7;1
766;5;1
767;4;3
768;4;1
769;6;1
770;1;2
771;6;1
772;3;3
773;3;1
774;8;1
775;4;1
776;8;1
777;5;1
778;2;1
779;5;1
780;1;1
781;1;1
782;7;1
783;5;1
784;7;1
785;5;1
786;7;1
787;6;1
788;7;1
789;6;1
790;6;2
791;3;1
792;5;3
793;1;2
794;0;1
795;2;2
796;5;1
797;6;1
798;6;1
799;4;1
800;1;1
801;3;2
802;6;1
803;3;3
804;8;1
805;6;1
806;1;1
807;6;1
808;7;1
809;1;1
810;7;1
811;2;1
812;6;1
813;2;2
814;6;1
815;6;1
816;6;3
817;7;2
818;5;2
819;2;1
820;5;1
821;9;1
822;4;1
823;6;1
824;6;1
825;0;1
826;3;1
827;2;3
828;1;1
829;1;1
830;6;1
831;2;1
832;4;1
833;7;1
834;2;2
835;4;1
836;2;3
837;6;1
838;2;2
839;4;1
840;5;3
841;1;1
842;5;3
843;2;1
844;5;1
845;7;1
846;1;2
847;6;1
848;6;1
849;2;1
850;3;2
851;3;2
852;4;1
853;5;2
854;3;3
855;3;3
856;2;2
857;4;1
858;1;1
859;4;2
860;3;2
861;1;2
862;4;2
863;1;1
864;4;1
865;2;2
866;2;3
867;7;3
868;5;1
869;4;1
870;4;1
871;4;2
872;1;3
873;1;2
874;3;2
875;0;2
876;5;2
877;3;2
878;5;3
879;3;2
880;4;1
881;1;3
882;2;2
883;4;1
884;3;1
885;4;2
886;5;2
887;4;2
888;2;2
889;1;2
890;3;3
891;1;3
892;3;2
893;3;3
894;4;1
895;1;2
896;3;2
897;3;3
898;4;1
899;1;2
900;3;3
901;4;1
902;4;1
903;1;3
904;2;3
905;1;2
906;1;2
907;4;1
908;3;1
909;6;3
910;3;1
911;0;2
912;4;2
913;3;1
914;4;1
915;3;1
916;0;1
917;0;0
918;6;0
919;4;1
920;2;1
921;2;2
922;0;1
923;2;2
924;4;2
925;1;3
926;6;3
927;3;3
928;7;1
929;2;3
930;1;2
931;4;3
932;3;1
933;2;2
934;4;1
935;1;3
936;4;3
937;4;2
938;3;1
939;0;1
940;4;1
941;5;1
942;4;3
943;3;2
944;6;2
945;5;2
946;4;1
947;3;2
948;2;2
949;1;2
950;7;2
951;4;2
952;5;2
953;5;1
954;4;2
955;6;2
956;5;2
957;6;1
958;5;1
959;6;2
960;6;2
961;7;2
962;6;1
963;5;2
964;6;1
965;6;1
966;6;2
967;4;2
968;14;0
969;5;2
970;6;2
971;6;1
972;4;2
973;5;2
974;7;2
975;4;1
976;6;2
977;5;2
978;6;1
979;6;2
980;6;2
981;8;2
982;4;2
983;5;1
984;6;2
985;5;1
986;4;2
987;6;1
988;5;2
989;6;2
990;3;1
991;6;2
992;2;2
993;9;2
994;5;2
995;5;2
996;5;2
997;7;1
998;6;1
999;5;2
1000;6;2
1001;4;2
1002;5;2
1003;5;1
1004;4;2
1005;5;2
1006;5;2
1007;6;1
1008;4;1
1009;6;2
1010;5;2
1011;7;2
1012;6;1
1013;5;2
1014;6;1
1015;6;1
1016;6;2
1017;10;2
1018;0;0
1019;5;2
1020;6;2
1021;6;1
1022;3;2
1023;6;2
1024;5;2
1025;6;1
1026;8;2
1027;5;2
1028;5;1
1029;6;2
1030;5;2
1031;7;2
1032;4;2
1033;4;1
1034;6;2
1035;6;1
1036;4;2
1037;6;1
1038;6;2
1039;7;2
1040;4;1
1041;6;2
1042;2;2
1043;7;2
1044;5;2
1045;5;2
1046;5;2
1047;8;1
1048;6;1
1049;6;2
1050;6;2
1051;0;0
1052;6;2
1053;6;2
1054;5;2
1055;5;2
1056;8;2
1057;8;2
1058;5;1
1059;7;2
1060;5;2
1061;6;2
1062;5;2
1063;6;2
1064;6;2
1065;6;2
1066;7;1
1067;4;2
1068;9;0
1069;6;2
1070;7;2
1071;7;2
1072;4;2
1073;9;1
1074;6;2
1075;6;1
1076;8;2
1077;6;2
1078;5;1
1079;8;2
1080;9;2
1081;3;2
1082;8;0
1083;6;1
1084;5;1
1085;7;2
1086;5;2
1087;8;2
1088;5;1
1089;5;1
1090;6;2
1091;6;2
1092;3;2
1093;6;2
1094;5;2
1095;6;2
1096;5;2
1097;5;2
1098;8;2
1099;5;2
1100;5;3
1101;6;2
1102;3;2
1103;4;3
1104;3;3
1105;5;2
1106;5;2
1107;5;2
1108;3;2
1109;4;3
1110;7;2
1111;5;3
1112;4;2
1113;5;2
1114;5;2
1115;5;2
1116;5;2
1117;4;2
1118;0;0
1119;3;2
1120;2;2
1121;5;2
1122;2;2
1123;4;1
1124;4;2
1125;5;3
1126;3;2
1127;5;2
1128;4;1
1129;4;2
1130;3;2
1131;2;3
1132;1;3
1133;3;2
1134;5;2
1135;7;3
1136;5;2
1137;5;2
1138;5;2
1139;3;2
1140;3;1
1141;4;3
1142;1;1
1143;4;1
1144;3;3
1145;2;2
1146;4;2
1147;3;3
1148;4;2
1149;5;3
1150;3;2
1151;0;0
1152;1;2
1153;6;2
1154;2;3
1155;5;2
1156;2;2
1157;2;2
1158;3;1
1159;2;1
1160;5;2
1161;5;3
1162;1;2
1163;2;2
1164;2;2
1165;2;2
1166;7;3
1167;3;2
1168;6;0
1169;1;2
1170;2;1
1171;2;2
1172;1;3
1173;3;1
1174;3;2
1175;2;1
1176;6;2
1177;2;2
1178;2;1
1179;5;2
1180;3;1
1181;4;3
1182;3;1
1183;3;1
1184;2;2
1185;6;3
1186;6;3
1187;4;2
1188;3;2
1189;2;1
1190;4;2
1191;4;1
1192;2;2
1193;3;2
1194;4;3
1195;1;2
1196;2;2
1197;2;3
1198;3;2
1199;3;3
1200;4;3
1201;5;2
1202;6;2
1203;6;2
1204;3;2
1205;5;2
1206;4;1
1207;4;1
1208;5;1
1209;6;2
1210;4;2
1211;4;2
1212;4;1
1213;4;1
1214;4;1
1215;4;1
1216;5;3
1217;6;2
1218;4;2
1219;3;2
1220;1;2
1221;5;1
1222;2;2
1223;3;1
1224;3;1
1225;5;2
1226;4;3
1227;5;2
1228;5;2
1229;4;3
1230;3;2
1231;3;1
1232;2;1
1233;5;1
1234;4;1
1235;4;3
1236;6;3
1237;4;1
1238;4;1
1239;4;2
1240;1;2
1241;1;3
1242;5;2
1243;5;1
1244;3;3
1245;2;2
1246;3;2
1247;4;3
1248;5;1
1249;6;2
1250;4;3
1251;5;0
1252;4;2
1253;5;2
1254;5;2
1255;6;2
1256;4;2
1257;4;2
1258;3;1
1259;4;2
1260;4;2
1261;5;3
1262;3;1
1263;4;2
1264;4;1
1265;4;2
1266;4;3
1267;4;2
1268;3;1
1269;4;2
1270;3;1
1271;4;3
1272;2;3
1273;4;1
1274;6;2
1275;5;3
1276;7;2
1277;5;3
1278;9;1
1279;7;2
1280;4;2
1281;5;2
1282;5;2
1283;3;1
1284;5;2
1285;4;3
1286;6;3
1287;5;1
1288;5;2
1289;3;3
1290;4;2
1291;3;2
1292;3;3
1293;3;2
1294;3;2
1295;4;2
1296;4;2
1297;3;2
1298;4;2
1299;4;2
1300;1;2
1301;3;2
1302;5;1
1303;4;3
1304;2;3
1305;3;1
1306;6;1
1307;4;1
1308;1;2
1309;2;2
1310;3;2
1311;3;2
1312;4;1
1313;6;1
1314;4;1
1315;4;1
1316;4;2
1317;4;2
1318;5;2
1319;6;1
1320;2;1
1321;7;1
1322;1;3
1323;1;1
1324;0;1
1325;3;3
1326;1;2
1327;7;2
1328;5;2
1329;3;3
1330;1;1
1331;5;3
1332;0;2
1333;1;2
1334;3;1
1335;1;3
1336;3;3
1337;4;1
1338;7;1
1339;1;1
1340;3;2
1341;3;3
1342;6;2
1343;6;3
1344;5;1
1345;6;1
1346;5;1
1347;3;2
1348;4;1
1349;5;3
1350;5;2
1351;7;1
1352;6;1
1353;2;3
1354;1;3
1355;3;2
1356;4;2
1357;5;1
1358;5;1
1359;4;3
1360;4;2
1361;7;1
1362;2;2
1363;4;1
1364;5;1
1365;4;1
1366;7;1
1367;9;1
1368;3;1
1369;4;1
1370;4;1
1371;4;2
1372;1;1
1373;5;1
1374;6;2
1375;2;3
1376;6;3
1377;5;2
1378;3;1
1379;2;2
1380;3;2
1381;2;2
1382;2;2
1383;4;1
1384;5;1
1385;4;2
1386;6;3
1387;4;1
1388;5;1
1389;1;3
1390;4;1
1391;1;1
1392;5;3
1393;3;2
1394;3;3
1395;5;2
1396;4;1
1397;2;3
1398;2;2
1399;1;1
1400;4;3
1401;3;2
1402;3;2
1403;5;2
1404;4;3
1405;2;2
1406;3;2
1407;3;2
1408;6;1
1409;7;1
1410;4;2
1411;5;2
1412;3;2
1413;3;2
1414;3;2
1415;3;2
1416;7;3
1417;6;3
1418;6;3
1419;2;2
1420;3;2
1421;2;2
1422;2;2
1423;3;1
1424;3;3
1425;3;2
1426;6;3
1427;1;2
1428;3;3
1429;7;2
1430;4;2
1431;3;1
1432;1;3
1433;6;1
1434;3;2
1435;3;2
1436;7;3
1437;3;2
1438;3;2
1439;2;3
1440;3;2
1441;2;2
1442;5;3
1443;5;3
1444;3;2
1445;4;2
1446;3;2
1447;3;2
1448;3;2
1449;4;2
1450;2;2
1451;6;0
1452;4;2
1453;1;2
1454;1;3
1455;3;3
1456;6;1
1457;5;1
1458;5;1
1459;2;3
1460;4;2
1461;6;3
1462;6;3
1463;5;1
1464;5;1
1465;5;1
1466;4;1
1467;5;0
1468;4;1
1469;4;2
1470;4;1
1471;4;1
1472;2;3
1473;5;1
1474;4;2
1475;3;3
1476;3;2
1477;7;3
1478;4;2
1479;3;2
1480;5;1
1481;5;2
1482;2;1
1483;5;1
1484;5;1
1485;7;1
1486;7;3
1487;6;1
1488;6;1
1489;1;3
1490;6;3
1491;3;2
1492;5;2
1493;4;3
1494;3;3
1495;3;1
1496;4;2
1497;1;2
1498;5;2
1499;3;3
1500;6;3
1501;3;2
1502;2;2
1503;7;3
1504;1;2
1505;6;1
1506;4;1
1507;5;1
1508;6;1
1509;6;1
1510;4;2
1511;7;1
1512;5;1
1513;4;1
1514;5;1
1515;4;1
1516;4;3
1517;6;2
1518;5;2
1519;4;1
1520;3;2
1521;5;1
1522;3;2
1523;3;2
1524;4;1
1525;0;1
1526;4;3
1527;1;3
1528;3;2
1529;4;3
1530;2;2
1531;2;1
1532;4;1
1533;7;1
1534;6;1
1535;5;3
1536;4;1
1537;5;1
1538;2;2
1539;0;3
1540;5;2
1541;2;1
1542;8;2
1543;5;2
1544;1;1
1545;2;3
1546;4;1
1547;5;1
1548;5;1
1549;8;2
1550;4;2
1551;5;0
1552;2;1
1553;3;2
1554;1;3
1555;2;2
1556;1;2
1557;2;1
1558;3;1
1559;1;3
1560;4;2
1561;1;1
1562;4;2
1563;2;2
1564;2;1
1565;3;2
1566;9;0
1567;5;0
1568;0;0
1569;2;2
1570;1;2
1571;4;2
1572;1;2
1573;2;2
1574;3;3
1575;2;3
1576;1;2
1577;4;1
1578;5;0
1579;0;2
1580;1;2
1581;3;2
1582;5;2
1583;1;2
1584;2;1
1585;3;3
1586;6;3
1587;2;2
1588;5;2
1589;0;3
1590;4;1
1591;5;1
1592;6;1
1593;2;3
1594;3;1
1595;3;2
1596;3;1
1597;1;3
1598;4;3
1599;2;1
1600;3;3
1601;1;3
1602;1;2
1603;3;1
1604;6;2
1605;1;2
1606;1;1
1607;0;1
1608;0;1
1609;5;3
1610;4;2
1611;6;2
1612;0;1
1613;0;1
1614;0;1
1615;0;1
1616;3;2
1617;3;2
1618;1;1
1619;2;2
1620;2;2
1621;1;2
1622;3;2
1623;2;1
1624;2;1
1625;3;2
1626;3;3
1627;2;2
1628;1;1
1629;2;3
1630;3;1
1631;4;3
1632;2;2
1633;2;2
1634;2;1
1635;4;2
1636;1;2
1637;0;1
1638;0;1
1639;0;1
1640;4;1
1641;0;3
1642;1;2
1643;4;2
1644;1;2
1645;4;1
1646;2;2
1647;1;3
1648;2;1
1649;2;3
1650;6;3
1651;6;0
1652;3;2
1653;3;3
1654;2;3
1655;5;3
1656;2;2
1657;1;1
1658;6;1
1659;3;2
1660;4;2
1661;6;3
1662;6;2
1663;2;1
1664;0;1
1665;1;2
1666;6;2
1667;4;2
1668;6;0
1669;4;2
1670;5;1
1671;1;2
1672;1;2
1673;7;1
1674;5;2
1675;4;3
1676;3;2
1677;6;2
1678;0;0
1679;7;3
1680;5;2
1681;3;1
1682;5;2
1683;6;1
1684;1;1
1685;2;3
1686;6;3
1687;0;1
1688;0;1
1689;2;2
1690;5;2
1691;6;1
1692;4;3
1693;5;3
1694;5;3
1695;2;3
1696;4;2
1697;4;3
1698;5;1
1699;4;3
1700;3;3
1701;5;2
1702;4;2
1703;4;3
1704;4;3
1705;2;2
1706;4;2
1707;4;2
1708;4;2
1709;4;3
1710;3;2
1711;5;2
1712;4;2
1713;4;2
1714;4;2
1715;4;2
1716;6;3
1717;7;2
1718;4;2
1719;3;2
1720;5;2
1721;3;2
1722;1;2
1723;4;1
1724;3;3
1725;4;3
1726;4;3
1727;4;2
1728;4;2
1729;7;3
1730;5;2
1731;8;1
1732;2;1
1733;4;2
1734;4;2
1735;6;3
1736;5;3
1737;4;2
1738;4;2
1739;3;2
1740;4;2
1741;2;2
1742;3;3
1743;6;2
1744;3;3
1745;4;2
1746;4;2
1747;2;2
1748;4;2
1749;3;2
1750;3;2
1751;0;0
1752;4;1
1753;2;1
1754;1;3
1755;4;3
1756;3;1
1757;5;1
1758;4;1
1759;3;2
1760;4;2
1761;4;3
1762;4;3
1763;5;1
1764;6;1
1765;4;1
1766;2;3
1767;6;3
1768;0;0
1769;5;1
1770;4;1
1771;4;2
1772;1;3
1773;6;1
1774;4;2
1775;3;3
1776;4;3
1777;5;3
1778;9;2
1779;2;2
1780;3;1
1781;6;3
1782;7;0
1783;3;1
1784;6;1
1785;6;1
1786;4;3
1787;7;1
1788;7;1
1789;1;2
1790;4;3
1791;6;1
1792;2;3
1793;4;2
1794;2;3
1795;3;1
1796;4;1
1797;2;2
1798;4;1
1799;4;3
1800;3;1
1801;3;1
1802;7;1
1803;6;1
1804;5;1
1805;5;3
1806;7;1
1807;4;1
1808;7;1
1809;6;1
1810;4;1
1811;7;1
1812;2;2
1813;7;1
1814;7;1
1815;7;1
1816;5;1
1817;3;1
1818;3;1
1819;6;1
1820;6;1
1821;7;1
1822;4;3
1823;6;1
1824;8;1
1825;4;1
1826;6;1
1827;8;3
1828;3;1
1829;6;1
1830;8;1
1831;4;2
1832;4;2
1833;7;1
1834;7;1
1835;7;1
1836;8;3
1837;7;1
1838;7;1
1839;6;1
1840;6;1
1841;7;1
1842;6;3
1843;4;1
1844;1;1
1845;8;1
1846;8;1
1847;2;1
1848;3;1
1849;4;1
1850;5;1
1851;3;1
1852;5;2
1853;7;1
1854;6;1
1855;4;1
1856;2;1
1857;5;1
1858;5;1
1859;5;1
1860;5;1
1861;3;1
1862;7;1
1863;2;1
1864;2;1
1865;3;1
1866;8;1
1867;6;2
1868;1;1
1869;2;2
1870;3;1
1871;4;1
1872;4;1
1873;3;1
1874;3;1
1875;7;1
1876;7;1
1877;3;1
1878;1;1
1879;2;1
1880;1;1
1881;1;1
1882;1;2
1883;5;1
1884;6;1
1885;4;1
1886;2;1
1887;2;1
1888;5;1
1889;4;1
1890;3;2
1891;0;1
1892;4;3
1893;4;2
1894;4;1
1895;3;3
1896;2;2
1897;7;1
1898;6;1
1899;7;1
1900;5;2
1901;5;1
1902;3;2
1903;2;2
1904;2;3
1905;7;3
1906;3;1
1907;2;1
1908;2;1
1909;4;2
1910;4;1
1911;2;2
1912;2;1
1913;4;1
1914;3;2
1915;5;1
1916;5;2
1917;4;3
1918;3;1
1919;3;2
1920;2;2
1921;4;2
1922;2;3
1923;2;2
1924;3;2
1925;0;3
1926;1;2
1927;5;3
1928;1;3
1929;5;2
1930;2;2
1931;2;3
1932;3;2
1933;2;1
1934;2;2
1935;4;2
1936;6;2
1937;4;2
1938;4;2
1939;3;2
1940;6;3
1941;3;3
1942;4;2
1943;8;3
1944;2;2
1945;1;2
1946;2;2
1947;6;3
1948;2;1
1949;1;2
1950;3;3
1951;4;0
1952;1;1
1953;2;3
1954;2;2
1955;1;2
1956;1;2
1957;1;1
1958;2;1
1959;3;3
1960;4;2
1961;1;3
1962;1;2
1963;1;2
1964;1;2
1965;2;2
1966;5;0
1967;0;0
1968;6;0
1969;1;2
1970;1;1
1971;3;2
1972;0;1
1973;1;2
1974;6;1
1975;2;3
1976;4;3
1977;4;3
1978;0;1
1979;2;3
1980;1;2
1981;3;1
1982;4;2
1983;2;2
1984;1;2
1985;1;2
1986;5;3
1987;1;2
1988;0;1
1989;0;1
1990;5;1
1991;4;1
1992;4;3
1993;3;3
1994;5;2
1995;2;2
1996;3;1
1997;5;3
1998;4;2
1999;1;2
2000;6;2
2001;0;0
2002;9;2
2003;7;2
2004;5;2
2005;4;2
2006;6;2
2007;6;2
2008;6;1
2009;6;2
2010;6;2
2011;7;2
2012;8;2
2013;8;2
2014;7;2
2015;8;2
2016;8;1
2017;4;2
2018;0;1
2019;6;2
2020;5;2
2021;6;2
2022;4;2
2023;5;1
2024;5;2
2025;5;1
2026;7;2
2027;5;2
2028;9;2
2029;7;2
2030;6;2
2031;2;2
2032;4;0
2033;5;1
2034;5;1
2035;5;2
2036;5;2
2037;6;2
2038;5;1
2039;7;1
2040;8;2
2041;6;2
2042;3;2
2043;4;2
2044;6;2
2045;8;2
2046;6;2
2047;5;2
2048;6;2
2049;7;2
2050;5;2
2051;0;0
2052;7;2
2053;6;2
2054;7;2
2055;3;2
2056;5;2
2057;5;2
2058;5;1
2059;5;2
2060;5;2
2061;6;2
2062;8;2
2063;5;2
2064;5;2
2065;5;2
2066;8;1
2067;4;2
2068;0;0
2069;5;2
2070;5;2
2071;5;2
2072;4;2
2073;8;1
2074;5;2
2075;4;1
2076;6;2
2077;5;2
2078;2;1
2079;12;2
2080;3;2
2081;3;2
2082;4;0
2083;5;1
2084;7;1
2085;6;2
2086;5;2
2087;7;2
2088;7;1
2089;5;1
2090;6;2
2091;6;2
2092;3;2
2093;6;2
2094;4;2
2095;5;2
2096;4;2
2097;5;2
2098;6;2
2099;7;2
2100;7;2
2101;3;2
2102;6;2
2103;4;2
2104;4;2
2105;5;2
2106;8;2
2107;9;2
2108;5;2
2109;5;2
2110;5;2
2111;5;2
2112;5;2
2113;6;2
2114;5;1
2115;8;2
2116;3;1
2117;8;2
2118;6;1
2119;7;2
2120;6;2
2121;6;1
2122;4;2
2123;6;2
2124;6;2
2125;6;2
2126;11;2
2127;4;1
2128;5;2
2129;6;2
2130;7;2
2131;7;2
2132;4;1
2133;5;1
2134;5;2
2135;7;1
2136;7;2
2137;6;1
2138;6;2
2139;6;2
2140;10;2
2141;8;2
2142;4;1
2143;5;2
2144;4;1
2145;5;2
2146;5;2
2147;6;2
2148;5;2
2149;5;2
2150;6;3
2151;4;2
2152;1;2
2153;1;2
2154;8;3
2155;4;3
2156;3;2
2157;3;2
2158;2;2
2159;1;2
2160;2;2
2161;2;3
2162;3;2
2163;5;2
2164;3;2
2165;2;2
2166;3;3
2167;6;2
2168;1;3
2169;1;2
2170;2;2
2171;3;2
2172;1;2
2173;3;1
2174;3;2
2175;3;2
2176;3;2
2177;3;3
2178;1;2
2179;3;2
2180;3;1
2181;2;3
2182;3;3
2183;3;2
2184;1;2
2185;4;2
2186;2;3
2187;3;2
2188;3;2
2189;3;1
2190;5;3
2191;3;2
2192;7;3
2193;5;2
2194;5;2
2195;2;2
2196;2;1
2197;1;2
2198;3;2
2199;7;2
2200;4;3
2201;3;3
2202;4;2
2203;2;2
2204;2;2
2205;3;2
2206;5;2
2207;5;2
2208;4;2
2209;1;2
2210;5;2
2211;7;3
2212;4;2
2213;5;2
2214;5;2
2215;4;2
2216;4;3
2217;2;3
2218;5;1
2219;2;2
2220;4;2
2221;6;2
2222;1;3
2223;4;1
2224;4;2
2225;2;2
2226;5;1
2227;2;3
2228;8;2
2229;3;3
2230;4;2
2231;4;1
2232;6;1
2233;4;2
2234;4;2
2235;4;3
2236;3;2
2237;4;2
2238;4;2
2239;4;2
2240;7;3
2241;2;2
2242;6;3
2243;6;2
2244;3;3
2245;5;3
2246;2;2
2247;3;3
2248;5;2
2249;4;3
2250;4;3
2251;6;2
2252;5;2
2253;3;1
2254;4;2
2255;3;2
2256;3;3
2257;5;2
2258;6;2
2259;8;2
2260;3;2
2261;5;3
2262;5;2
2263;6;2
2264;4;2
2265;4;2
2266;3;3
2267;5;2
2268;4;2
2269;5;2
2270;4;2
2271;4;2
2272;1;1
2273;4;1
2274;3;2
2275;3;2
2276;2;3
2277;6;3
2278;3;3
2279;6;2
2280;4;2
2281;3;3
2282;3;2
2283;5;2
2284;5;2
2285;2;2
2286;2;3
2287;4;2
2288;5;2
2289;3;3
2290;5;2
2291;3;3
2292;5;2
2293;6;2
2294;5;3
2295;2;3
2296;4;1
2297;1;3
2298;5;2
2299;7;3
2300;5;2
2301;6;2
2302;3;2
2303;5;2
2304;4;2
2305;5;3
2306;4;1
2307;4;1
2308;5;2
2309;3;2
2310;5;1
2311;4;3
2312;5;1
2313;4;1
2314;5;1
2315;4;1
2316;4;3
2317;9;3
2318;4;1
2319;4;2
2320;3;2
2321;5;1
2322;2;3
2323;4;1
2324;3;2
2325;1;2
2326;4;1
2327;5;2
2328;4;2
2329;3;3
2330;4;2
2331;5;1
2332;5;1
2333;5;2
2334;3;2
2335;4;2
2336;3;3
2337;4;1
2338;2;2
2339;5;2
2340;2;3
2341;2;2
2342;3;2
2343;3;3
2344;4;2
2345;5;2
2346;1;2
2347;5;2
2348;4;1
2349;4;2
2350;5;2
2351;4;2
2352;4;1
2353;5;2
2354;3;2
2355;4;2
2356;1;2
2357;6;1
2358;5;1
2359;2;2
2360;4;2
2361;0;3
2362;4;1
2363;4;2
2364;6;1
2365;0;2
2366;4;3
2367;5;2
2368;3;2
2369;6;1
2370;5;1
2371;8;2
2372;3;3
2373;4;2
2374;6;2
2375;0;2
2376;4;3
2377;1;1
2378;6;3
2379;4;1
2380;4;1
2381;2;3
2382;0;1
2383;6;1
2384;6;2
2385;4;2
2386;2;2
2387;4;1
2388;5;2
2389;1;2
2390;5;3
2391;1;3
2392;3;3
2393;1;3
2394;2;2
2395;3;2
2396;6;1
2397;0;2
2398;5;1
2399;4;2
2400;6;2
2401;3;1
2402;3;1
2403;2;2
2404;3;2
2405;3;2
2406;5;1
2407;4;1
2408;3;2
2409;5;2
2410;2;1
2411;8;3
2412;5;1
2413;5;1
2414;4;1
2415;5;1
2416;5;3
2417;6;3
2418;2;1
2419;3;1
2420;6;1
2421;6;1
2422;1;1
2423;5;1
2424;3;2
2425;3;2
2426;8;2
2427;3;2
2428;4;2
2429;4;2
2430;5;1
2431;5;1
2432;2;1
2433;3;2
2434;8;1
2435;5;2
2436;8;2
2437;4;1
2438;5;2
2439;2;2
2440;6;3
2441;2;1
2442;2;3
2443;4;3
2444;4;3
2445;3;1
2446;1;1
2447;3;2
2448;4;1
2449;2;3
2450;3;2
2451;7;3
2452;4;2
2453;3;2
2454;1;3
2455;4;3
2456;3;1
2457;4;2
2458;5;2
2459;6;2
2460;4;2
2461;6;3
2462;4;2
2463;3;1
2464;4;2
2465;2;2
2466;6;3
2467;7;2
2468;5;3
2469;4;2
2470;4;2
2471;5;1
2472;2;3
2473;3;2
2474;5;1
2475;2;1
2476;8;3
2477;4;2
2478;7;2
2479;8;3
2480;4;2
2481;6;1
2482;2;3
2483;4;2
2484;4;2
2485;4;1
2486;4;2
2487;4;1
2488;4;2
2489;2;3
2490;7;2
2491;1;3
2492;4;2
2493;6;2
2494;6;3
2495;2;2
2496;5;2
2497;3;2
2498;4;2
2499;5;3
2500;3;1
2501;4;2
2502;2;2
2503;6;3
2504;3;1
2505;3;2
2506;3;2
2507;3;2
2508;4;2
2509;2;2
2510;3;3
2511;7;3
2512;3;2
2513;3;2
2514;3;2
2515;2;2
2516;3;3
2517;5;3
2518;4;1
2519;4;1
2520;3;2
2521;6;2
2522;1;3
2523;5;2
2524;2;2
2525;2;2
2526;7;2
2527;2;3
2528;4;2
2529;3;3
2530;4;2
2531;5;1
2532;6;1
2533;5;2
2534;3;2
2535;3;2
2536;4;3
2537;4;2
2538;3;1
2539;2;3
2540;8;2
2541;2;2
2542;7;3
2543;5;3
2544;1;3
2545;2;2
2546;4;2
2547;4;3
2548;3;2
2549;2;3
2550;1;2
2551;2;2
2552;2;2
2553;0;1
2554;4;2
2555;2;2
2556;1;2
2557;2;1
2558;6;2
2559;3;2
2560;3;2
2561;3;1
2562;1;2
2563;1;2
2564;2;1
2565;1;2
2566;5;2
2567;4;2
2568;4;3
2569;2;1
2570;3;1
2571;2;2
2572;3;2
2573;3;2
2574;2;2
2575;1;2
2576;5;2
2577;0;3
2578;3;3
2579;6;1
2580;3;1
2581;2;2
2582;1;2
2583;2;1
2584;2;2
2585;3;3
2586;2;3
2587;2;3
2588;1;1
2589;0;3
2590;5;3
2591;4;3
2592;4;2
2593;4;2
2594;2;2
2595;4;2
2596;2;2
2597;0;2
2598;2;1
2599;1;2
2600;1;1
2601;0;2
2602;4;2
2603;3;3
2604;2;1
2605;4;2
2606;5;1
2607;5;1
2608;1;1
2609;2;1
2610;4;1
2611;1;1
2612;4;1
2613;5;1
2614;6;1
2615;5;1
2616;5;3
2617;9;1
2618;8;1
2619;2;2
2620;5;1
2621;5;1
2622;4;1
2623;3;1
2624;5;1
2625;1;1
2626;6;1
2627;8;2
2628;4;2
2629;6;1
2630;1;2
2631;6;1
2632;3;1
2633;2;1
2634;0;2
2635;2;1
2636;8;3
2637;6;1
2638;0;1
2639;3;1
2640;7;1
2641;5;1
2642;9;3
2643;4;2
2644;7;3
2645;3;3
2646;2;2
2647;5;1
2648;4;1
2649;2;1
2650;4;3
2651;1;2
2652;4;2
2653;1;2
2654;1;2
2655;0;1
2656;4;1
2657;1;1
2658;2;2
2659;4;2
2660;4;2
2661;5;2
2662;1;1
2663;5;1
2664;4;2
2665;2;2
2666;4;3
2667;2;2
2668;1;2
2669;2;2
2670;6;1
2671;5;2
2672;1;2
2673;4;2
2674;3;2
2675;0;2
2676;3;2
2677;3;3
2678;2;1
2679;3;2
2680;4;2
2681;1;2
2682;1;3
2683;1;1
2684;5;2
2685;4;2
2686;1;3
2687;7;2
2688;3;2
2689;3;2
2690;3;2
2691;1;2
2692;0;2
2693;0;2
2694;3;2
2695;2;2
2696;4;1
2697;2;2
2698;1;1
2699;6;3
2700;4;2
2701;5;0
2702;3;2
2703;3;2
2704;4;2
2705;4;3
2706;0;1
2707;0;1
2708;5;1
2709;2;2
2710;4;1
2711;1;3
2712;1;2
2713;1;1
2714;1;2
2715;1;2
2716;6;3
2717;4;3
2718;2;1
2719;2;2
2720;2;2
2721;0;2
2722;2;3
2723;2;2
2724;4;2
2725;5;3
2726;4;3
2727;8;3
2728;6;2
2729;3;3
2730;3;1
2731;4;3
2732;6;1
2733;5;1
2734;4;2
2735;4;1
2736;6;3
2737;1;1
2738;3;2
2739;1;2
2740;5;3
2741;4;2
2742;3;3
2743;4;2
2744;4;2
2745;6;2
2746;2;2
2747;8;2
2748;0;1
2749;3;2
2750;3;2
2751;4;2
2752;5;1
2753;3;2
2754;3;2
2755;4;3
2756;3;1
2757;5;1
2758;4;2
2759;6;2
2760;4;1
2761;6;3
2762;4;1
2763;3;1
2764;4;1
2765;2;2
2766;4;3
2767;9;3
2768;7;2
2769;5;1
2770;5;1
2771;5;1
2772;1;3
2773;3;1
2774;5;2
2775;2;2
2776;4;2
2777;4;3
2778;5;1
2779;4;3
2780;4;1
2781;6;1
2782;2;3
2783;5;1
2784;4;2
2785;7;1
2786;4;2
2787;3;1
2788;6;2
2789;2;3
2790;8;3
2791;2;3
2792;4;3
2793;5;2
2794;5;3
2795;4;2
2796;6;1
2797;3;2
2798;5;1
2799;3;3
2800;7;1
2801;5;1
2802;3;2
2803;4;2
2804;2;3
2805;2;2
2806;4;2
2807;4;2
2808;3;2
2809;2;2
2810;4;3
2811;3;2
2812;4;2
2813;4;2
2814;4;2
2815;3;2
2816;6;3
2817;6;2
2818;2;1
2819;5;2
2820;4;2
2821;6;2
2822;1;3
2823;4;2
2824;3;2
2825;2;3
2826;8;2
2827;5;3
2828;4;2
2829;3;3
2830;4;2
2831;2;3
2832;1;2
2833;3;2
2834;4;2
2835;3;3
2836;6;3
2837;5;2
2838;3;2
2839;2;3
2840;3;2
2841;4;1
2842;4;3
2843;6;3
2844;3;2
2845;3;2
2846;5;2
2847;6;3
2848;4;2
2849;4;2
2850;5;1
2851;2;3
2852;2;2
2853;0;1
2854;4;1
2855;0;1
2856;6;1
2857;3;1
2858;4;1
2859;3;1
2860;4;1
2861;6;2
2862;4;1
2863;6;1
2864;7;1
2865;7;1
2866;7;2
2867;6;2
2868;0;0
2869;4;1
2870;3;2
2871;10;1
2872;6;1
2873;3;1
2874;2;1
2875;4;1
2876;3;2
2877;7;3
2878;6;2
2879;6;2
2880;2;1
2881;2;1
2882;4;1
2883;4;1
2884;3;2
2885;6;1
2886;3;2
2887;7;1
2888;3;2
2889;5;1
2890;3;3
2891;1;1
2892;6;1
2893;7;1
2894;3;1
2895;1;3
2896;4;1
2897;6;1
2898;3;1
2899;5;1
2900;2;1
2901;5;2
2902;7;1
2903;9;3
2904;4;1
2905;5;1
2906;3;2
2907;7;1
2908;5;1
2909;1;2
2910;9;1
2911;2;2
2912;6;1
2913;6;2
2914;1;2
2915;1;3
2916;10;1
2917;8;3
2918;5;2
2919;7;1
2920;6;1
2921;4;1
2922;2;2
2923;8;1
2924;6;1
2925;1;2
2926;8;2
2927;5;1
2928;4;3
2929;4;1
2930;8;1
2931;1;3
2932;4;1
2933;4;1
2934;7;1
2935;6;1
2936;1;1
2937;1;1
2938;8;1
2939;7;1
2940;5;2
2941;2;1
2942;7;3
2943;3;2
2944;4;1
2945;7;1
2946;6;1
2947;2;3
2948;7;1
2949;6;2
2950;2;2
2951;4;3
2952;1;2
2953;2;2
2954;6;2
2955;3;3
2956;3;2
2957;1;1
2958;0;2
2959;1;2
2960;2;2
2961;0;2
2962;2;2
2963;1;2
2964;1;2
2965;3;2
2966;3;2
2967;4;3
2968;11;2
2969;1;1
2970;2;1
2971;2;2
2972;1;2
2973;1;1
2974;3;2
2975;0;1
2976;3;2
2977;2;1
2978;3;3
2979;0;1
2980;3;1
2981;2;3
2982;1;3
2983;1;2
2984;1;2
2985;3;2
2986;4;3
2987;4;2
2988;1;2
2989;0;3
2990;5;3
2991;1;3
2992;7;1
2993;2;2
2994;5;2
2995;4;2
2996;1;2
2997;3;2
2998;1;2
2999;2;2
3000;4;3
3001;1;2
3002;2;2
3003;4;2
3004;3;3
3005;1;2
3006;6;2
3007;5;2
3008;5;1
3009;4;3
3010;4;2
3011;4;3
3012;6;2
3013;5;2
3014;5;1
3015;5;2
3016;6;2
3017;3;3
3018;5;1
3019;3;2
3020;5;1
3021;6;2
3022;3;2
3023;0;2
3024;7;2
3025;5;3
3026;5;3
3027;4;3
3028;5;2
3029;1;3
3030;2;1
3031;5;3
3032;4;2
3033;5;1
3034;5;1
3035;1;2
3036;8;3
3037;7;1
3038;5;1
3039;3;2
3040;4;3
3041;3;3
3042;6;3
3043;6;3
3044;2;3
3045;3;3
3046;3;2
3047;4;3
3048;5;2
3049;7;2
3050;5;2
3051;4;2
3052;4;2
3053;5;2
3054;4;2
3055;6;2
3056;6;2
3057;6;2
3058;7;2
3059;6;2
3060;4;2
3061;6;2
3062;8;2
3063;8;2
3064;6;1
3065;7;2
3066;3;1
3067;5;2
3068;5;1
3069;5;2
3070;5;2
3071;6;1
3072;4;2
3073;5;2
3074;6;2
3075;7;2
3076;9;2
3077;5;1
3078;6;2
3079;5;2
3080;6;2
3081;9;2
3082;4;1
3083;7;1
3084;7;2
3085;6;1
3086;7;2
3087;6;1
3088;6;2
3089;4;2
3090;6;2
3091;7;2
3092;2;1
3093;2;2
3094;5;1
3095;5;2
3096;7;2
3097;6;2
3098;6;2
3099;4;2
3100;6;2
3101;4;2
3102;7;2
3103;3;2
3104;4;2
3105;5;2
3106;6;2
3107;5;2
3108;6;2
3109;5;2
3110;7;2
3111;6;2
3112;7;2
3113;6;2
3114;6;1
3115;5;2
3116;3;1
3117;2;2
3118;4;1
3119;8;2
3120;4;2
3121;7;1
3122;4;2
3123;5;2
3124;6;2
3125;4;2
3126;6;2
3127;4;1
3128;4;2
3129;3;2
3130;4;2
3131;7;2
3132;4;1
3133;5;1
3134;6;2
3135;6;1
3136;6;2
3137;7;1
3138;4;2
3139;4;2
3140;4;2
3141;7;2
3142;3;1
3143;5;2
3144;5;1
3145;4;2
3146;6;2
3147;7;2
3148;9;2
3149;6;2
