0.02784496188102364
node;in_degree;local_intrinsic_dimensionality
0;3;1
1;0;2
2;3;2
3;7;2
4;7;2
5;3;2
6;1;1
7;3;1
8;0;2
9;0;2
10;0;2
11;7;2
12;4;2
13;1;2
14;5;2
15;4;2
16;2;2
17;2;2
18;5;2
19;4;2
20;3;2
21;3;2
22;2;2
23;3;2
24;3;2
25;3;2
26;3;2
27;4;2
28;5;2
29;3;2
30;3;2
31;3;2
32;5;1
33;6;1
34;3;2
35;0;1
36;0;2
37;0;1
38;1;2
39;1;1
40;4;1
41;6;2
42;3;2
43;2;2
44;6;2
45;4;2
46;4;2
47;4;2
48;3;2
49;2;1
50;4;1
51;6;2
52;0;2
53;1;2
54;4;2
55;3;2
56;1;2
57;4;2
58;3;2
59;4;2
60;3;2
61;2;2
62;3;2
63;4;1
64;5;2
65;5;2
66;1;2
67;5;2
68;4;1
69;2;2
70;2;1
71;2;1
72;2;2
73;1;1
74;1;1
75;0;1
76;1;2
77;3;1
78;4;1
79;2;2
80;7;2
81;4;2
82;3;1
83;3;2
84;6;2
85;5;2
86;2;2
87;4;2
88;3;2
89;2;2
90;1;2
91;1;2
92;2;2
93;3;1
94;4;1
95;4;1
96;1;1
97;4;2
98;3;2
99;3;2
100;3;2
101;1;2
102;4;2
103;4;2
104;3;2
105;6;2
106;1;1
107;2;1
108;1;1
109;2;1
110;4;1
111;4;2
112;6;2
113;2;1
114;2;2
115;3;2
116;2;1
117;4;2
118;3;2
119;3;2
120;3;2
121;4;1
122;3;2
123;3;2
124;4;2
125;3;1
126;3;2
127;2;2
128;2;2
129;2;2
130;3;2
131;4;2
132;0;2
133;3;2
134;2;2
135;3;2
136;3;2
137;3;2
138;2;2
139;2;1
140;1;2
141;2;2
142;5;2
143;5;2
144;4;2
145;3;2
146;6;2
147;5;2
148;5;1
149;3;1
150;1;2
151;2;2
152;4;1
153;3;1
154;3;1
155;3;1
156;5;2
157;2;2
158;4;2
159;3;2
160;6;2
161;3;2
162;2;2
163;2;2
164;2;2
165;3;1
166;4;2
167;1;2
168;2;2
169;5;2
170;5;2
171;3;2
172;2;2
173;4;2
174;1;2
175;2;2
176;2;1
177;2;2
178;1;2
179;1;2
180;4;2
181;3;2
182;5;2
183;6;2
184;5;2
185;1;2
186;3;2
187;6;2
188;4;2
189;4;2
190;1;2
191;1;2
192;3;1
193;3;2
194;4;2
195;3;2
196;2;2
197;7;2
198;4;2
199;5;2
200;2;2
201;1;2
202;1;1
203;3;1
204;5;2
205;5;2
206;0;1
207;4;1
208;1;2
209;2;1
210;2;1
211;6;2
212;6;2
213;0;1
214;4;1
215;3;1
216;2;2
217;2;2
218;2;1
219;3;2
220;5;1
221;5;2
222;4;2
223;1;2
224;0;2
225;2;2
226;4;2
227;4;2
228;5;2
229;5;1
230;2;2
231;4;2
232;4;2
233;4;2
234;2;2
235;1;2
236;2;2
237;3;2
238;4;2
239;3;2
240;8;1
241;3;2
242;4;2
243;3;2
244;1;2
245;5;2
246;5;2
247;6;2
248;2;2
249;5;2
250;2;1
251;2;1
252;2;2
253;4;2
254;5;1
255;4;2
256;0;2
257;2;2
258;1;2
259;3;1
260;1;2
261;4;1
262;1;2
263;3;2
264;2;2
265;2;2
266;8;2
267;7;2
268;3;2
269;2;2
270;0;1
271;0;2
272;1;2
273;2;2
274;0;2
275;2;2
276;4;2
277;0;2
278;1;2
279;2;2
280;4;2
281;5;2
282;6;2
283;5;2
284;5;2
285;4;2
286;3;2
287;3;2
288;2;2
289;3;2
290;2;2
291;3;2
292;0;1
293;1;2
294;5;2
295;5;2
296;8;2
297;4;2
298;0;2
299;2;2
300;6;2
301;3;2
302;1;2
303;2;2
304;1;2
305;2;1
306;1;1
307;1;2
308;3;2
309;5;2
310;3;2
311;2;2
312;6;2
313;3;2
314;1;2
315;7;2
316;4;2
317;4;2
318;2;2
319;4;2
320;3;1
321;2;2
322;2;2
323;2;2
324;3;1
325;3;1
326;2;1
327;3;1
328;3;2
329;2;2
330;3;2
331;5;2
332;1;2
333;3;1
334;6;2
335;2;2
336;5;2
337;2;2
338;3;2
339;4;2
340;4;2
341;4;2
342;3;2
343;2;2
344;2;2
345;0;1
346;2;2
347;3;2
348;2;2
349;3;2
350;1;2
351;4;2
352;6;2
353;5;2
354;3;2
355;3;1
356;2;2
357;3;1
358;3;2
359;2;1
360;3;2
361;1;2
362;2;1
363;2;1
364;2;2
365;4;2
366;6;2
367;4;2
368;4;2
369;0;1
370;2;2
371;6;2
372;4;2
373;5;2
374;2;1
375;3;1
376;2;1
377;2;1
378;2;1
379;2;1
380;4;1
381;3;1
382;3;1
383;3;1
384;3;2
385;3;2
386;3;2
387;3;1
388;2;1
389;2;1
390;5;2
391;4;2
392;3;1
393;3;1
394;4;2
395;3;2
396;2;2
397;4;2
398;2;2
399;3;2
400;2;2
401;5;1
402;4;2
403;3;2
404;3;1
405;3;1
406;3;1
407;2;1
408;1;1
409;3;1
410;4;1
411;3;1
412;4;1
413;2;1
414;2;1
415;2;1
416;0;2
417;4;1
418;4;1
419;5;2
420;3;2
421;4;2
422;5;2
423;3;1
424;4;2
425;2;1
426;1;1
427;1;1
428;2;1
429;7;1
430;0;1
431;5;2
432;2;1
433;7;2
434;2;2
435;1;2
436;3;2
437;3;2
438;3;1
439;3;1
440;1;1
441;5;1
442;6;2
443;1;1
444;5;2
445;2;1
446;2;1
447;2;2
448;4;2
449;2;1
450;1;1
451;2;1
452;5;1
453;2;2
454;5;1
455;5;1
456;5;2
457;2;2
458;0;2
459;3;1
460;3;1
461;3;1
462;3;1
463;2;1
464;3;2
465;3;2
466;4;1
467;3;1
468;3;1
469;4;1
470;4;1
471;2;1
472;1;1
473;3;2
474;5;1
475;1;2
476;5;1
477;5;1
478;0;2
479;1;2
480;2;2
481;5;2
482;5;2
483;2;2
484;2;2
485;1;1
486;5;2
487;4;2
488;2;2
489;4;2
490;1;2
491;5;2
492;5;2
493;3;2
494;0;2
495;5;2
496;1;2
497;2;1
498;3;2
499;3;2
500;1;2
501;2;2
502;2;2
503;4;2
504;4;2
505;3;2
506;5;2
507;6;2
508;3;2
509;2;2
510;2;2
511;4;2
512;4;2
513;6;2
514;6;2
515;3;2
516;2;2
517;4;2
518;3;2
519;1;2
520;1;1
521;7;2
522;2;2
523;3;2
524;1;2
525;4;2
526;1;1
527;0;2
528;3;1
529;3;1
530;3;1
531;4;2
532;4;2
533;4;2
534;4;2
535;5;2
536;0;1
537;3;2
538;1;1
539;1;1
540;4;2
541;2;2
542;1;1
543;7;2
544;2;1
545;0;1
546;6;2
547;5;2
548;3;1
549;2;2
550;2;2
551;4;2
552;2;2
553;4;1
554;4;2
555;1;2
556;2;1
557;2;1
558;0;1
559;1;2
560;4;1
561;4;2
562;3;2
563;3;1
564;1;1
565;7;2
566;8;2
567;2;1
568;5;1
569;2;1
570;2;1
571;0;2
572;3;1
573;1;2
574;4;2
575;4;2
576;5;1
577;0;1
578;4;2
579;3;2
580;5;2
581;3;2
582;4;2
583;5;2
584;2;1
585;3;2
586;0;1
587;1;1
588;2;2
589;4;2
590;5;2
591;4;2
592;5;1
593;3;2
594;1;2
595;4;2
596;3;1
597;3;1
598;1;1
599;6;2
600;1;1
601;1;1
602;4;2
603;4;2
604;5;2
605;1;2
606;1;1
607;1;1
608;3;2
609;1;2
610;3;2
611;3;2
612;3;2
613;3;2
614;3;2
615;0;2
616;5;2
617;2;2
618;4;2
619;4;2
620;5;2
621;4;2
622;6;2
623;2;2
624;4;2
625;3;2
626;6;2
627;4;2
628;1;2
629;1;2
630;0;2
631;3;1
632;4;1
633;3;1
634;3;2
635;4;2
636;3;1
637;5;1
638;2;2
639;2;1
640;3;1
641;4;2
642;3;2
643;4;1
644;2;2
645;3;2
646;3;2
647;1;1
648;5;2
649;5;2
650;4;2
651;1;2
652;5;2
653;0;2
654;3;2
655;3;2
656;4;2
657;3;2
658;3;2
659;4;2
660;3;2
661;4;2
662;1;1
663;2;2
664;2;1
665;2;2
666;5;1
667;2;2
668;2;2
669;3;2
670;4;2
671;0;2
672;3;2
673;4;2
674;4;2
675;3;2
676;3;2
677;3;2
678;3;2
679;4;2
680;3;2
681;3;2
682;2;2
683;2;2
684;2;2
685;2;1
686;5;1
687;6;2
688;5;2
689;2;1
690;4;2
691;4;2
692;3;2
693;5;2
694;4;2
695;1;2
696;2;2
697;3;1
698;1;2
699;3;2
700;2;2
701;3;2
702;3;1
703;3;2
704;3;2
705;6;1
706;2;2
707;3;2
708;3;1
709;0;1
710;2;1
711;1;2
712;3;2
713;3;2
714;6;2
715;5;2
716;3;2
717;4;2
718;2;2
719;3;2
720;3;2
721;4;2
722;3;2
723;3;2
724;5;2
725;2;2
726;2;2
727;2;2
728;0;2
729;1;2
730;4;2
731;2;2
732;1;2
733;2;2
734;4;1
735;5;1
736;2;2
737;3;2
738;8;2
739;5;2
740;3;1
741;2;2
742;2;2
743;3;2
744;3;2
745;3;2
746;2;2
747;3;1
748;1;2
749;2;2
750;2;2
751;6;2
752;6;2
753;4;2
754;3;2
755;2;2
756;2;2
757;4;2
758;2;1
759;4;1
760;3;1
761;3;1
762;3;1
763;3;2
764;1;2
765;4;2
766;2;2
767;2;2
768;7;2
769;6;2
770;2;2
771;3;1
772;2;2
773;2;2
774;3;2
775;3;2
776;0;1
777;1;2
778;3;2
779;1;2
780;1;1
781;2;2
782;3;2
783;2;2
784;2;2
785;3;1
786;2;1
787;1;1
788;5;2
789;5;2
790;5;1
791;3;2
792;2;2
793;2;2
794;4;2
795;0;2
796;6;2
797;3;2
798;6;2
799;1;2
800;1;2
801;0;2
802;4;2
803;4;2
804;4;2
805;3;2
806;4;2
807;3;2
808;4;2
809;4;2
810;2;2
811;3;1
812;2;2
813;2;2
814;1;2
815;1;2
816;4;2
817;6;2
818;2;2
819;2;2
820;5;2
821;3;2
822;4;2
823;3;1
824;3;1
825;1;2
826;0;2
827;3;2
828;4;2
829;3;2
830;2;2
831;3;2
832;5;2
833;6;2
834;3;2
835;1;1
836;2;1
837;3;2
838;6;2
839;3;2
840;2;1
841;2;1
842;3;1
843;5;2
844;1;1
845;4;2
846;3;2
847;4;2
848;4;2
849;3;2
850;0;1
851;2;1
852;2;1
853;2;1
854;4;2
855;0;2
856;3;2
857;6;2
858;3;2
859;3;2
860;6;2
861;2;2
862;3;2
863;4;1
864;5;2
865;3;2
866;2;2
867;2;2
868;2;2
869;2;2
870;3;2
871;1;2
872;2;1
873;0;2
874;3;2
875;2;2
876;5;2
877;5;2
878;1;2
879;1;2
880;2;2
881;4;2
882;3;2
883;2;2
884;0;2
885;7;2
886;6;2
887;5;2
888;2;2
889;5;2
890;4;2
891;3;2
892;4;2
893;4;2
894;5;2
895;3;2
896;4;2
897;3;2
898;2;2
899;3;2
900;4;2
901;4;2
902;3;2
903;8;1
904;3;2
905;2;2
906;2;2
907;3;2
908;4;2
909;3;2
910;4;2
911;3;2
912;4;2
913;5;2
914;4;2
915;2;2
916;3;2
917;0;2
918;3;2
919;2;2
920;6;2
921;2;2
922;1;2
923;3;2
924;1;2
925;3;2
926;1;2
927;1;2
928;0;2
929;0;2
930;2;2
931;2;2
932;1;2
933;2;2
934;3;2
935;3;2
936;5;2
937;4;2
938;6;2
939;5;2
940;1;2
941;7;2
942;1;1
943;1;1
944;6;2
945;2;2
946;5;2
947;2;1
948;4;2
949;5;1
950;5;1
951;2;2
952;2;2
953;3;2
954;3;2
955;2;2
956;0;2
957;0;1
958;2;1
959;3;1
960;6;1
961;3;1
962;4;1
963;6;1
964;1;2
965;1;1
966;3;1
967;4;1
968;3;1
969;3;1
970;2;1
971;1;1
972;3;1
973;5;1
974;4;1
975;4;1
976;4;1
977;2;1
978;2;1
979;3;1
980;2;1
981;1;1
982;4;1
983;5;1
984;3;1
985;3;2
986;2;1
987;4;1
988;4;1
989;5;1
990;2;1
991;1;1
992;3;1
993;3;1
994;3;1
995;3;1
996;3;1
997;2;1
998;3;1
999;3;1
1000;1;2
1001;4;2
1002;3;1
1003;4;2
1004;3;2
1005;4;2
1006;3;1
1007;4;1
1008;3;1
1009;2;1
1010;4;1
1011;3;1
1012;3;1
1013;3;1
1014;1;1
1015;2;1
1016;3;1
1017;3;1
1018;3;1
1019;3;1
1020;3;1
1021;2;1
1022;5;1
1023;5;1
1024;4;1
1025;4;1
1026;3;1
1027;2;1
1028;2;1
1029;2;1
1030;3;1
1031;3;1
1032;0;1
1033;3;1
1034;3;1
1035;4;1
1036;0;2
1037;4;1
1038;4;1
1039;5;1
1040;2;1
1041;1;1
1042;3;2
1043;3;2
1044;7;2
1045;5;2
1046;2;2
1047;4;2
1048;1;1
1049;3;1
1050;3;1
1051;2;1
1052;3;1
1053;2;1
1054;3;1
1055;3;1
1056;2;1
1057;3;1
1058;3;1
1059;1;1
1060;3;1
1061;1;1
1062;3;1
1063;1;1
1064;1;1
1065;3;1
1066;3;1
1067;0;2
1068;2;1
1069;2;1
1070;2;1
1071;2;1
1072;1;1
1073;2;1
1074;2;1
1075;4;1
1076;1;1
1077;3;2
1078;4;1
1079;0;1
1080;2;1
1081;3;1
1082;4;1
1083;3;1
1084;3;2
1085;4;1
1086;4;1
1087;1;1
1088;2;1
1089;4;2
1090;3;2
1091;2;2
1092;3;2
1093;4;1
1094;4;1
1095;6;1
1096;3;1
1097;7;1
1098;3;1
1099;2;2
1100;2;2
1101;4;2
1102;1;1
1103;4;2
1104;6;2
1105;3;2
1106;5;2
1107;4;2
1108;2;2
1109;3;1
1110;2;1
1111;2;1
1112;3;2
1113;3;2
1114;6;1
1115;3;1
1116;2;1
1117;2;1
1118;5;2
1119;4;1
1120;2;1
1121;1;1
1122;3;2
1123;5;2
1124;4;2
1125;6;2
1126;4;2
1127;3;1
1128;2;2
1129;1;2
1130;3;1
1131;3;1
1132;8;1
1133;1;1
1134;5;1
1135;4;1
1136;5;1
1137;3;2
1138;4;2
1139;4;2
1140;3;1
1141;3;2
1142;2;1
1143;5;1
1144;5;1
1145;2;1
1146;2;1
1147;4;2
1148;7;2
1149;6;2
1150;5;2
1151;3;2
1152;3;2
1153;3;2
1154;5;1
1155;1;1
1156;6;1
1157;2;2
1158;2;2
1159;3;2
1160;1;2
1161;4;1
1162;2;1
1163;5;2
1164;4;1
1165;3;1
1166;6;1
1167;4;1
1168;4;1
1169;5;1
1170;4;1
1171;3;1
1172;1;1
1173;5;1
1174;5;1
1175;4;1
1176;4;1
1177;5;2
1178;3;2
1179;1;2
1180;4;1
1181;5;2
1182;3;1
1183;2;1
1184;3;2
1185;4;1
1186;3;1
1187;3;2
1188;1;1
1189;7;2
1190;4;2
1191;2;2
1192;4;1
1193;2;2
1194;4;2
1195;2;2
1196;1;1
1197;1;2
1198;3;2
1199;2;2
1200;2;1
1201;2;1
1202;3;2
1203;4;1
1204;3;2
1205;5;1
1206;6;2
1207;5;2
1208;0;2
1209;2;2
1210;1;2
1211;1;1
1212;1;1
1213;1;1
1214;1;1
1215;2;1
1216;2;2
1217;5;2
1218;5;2
1219;3;2
1220;1;2
1221;2;2
1222;5;2
1223;6;2
1224;0;2
1225;2;1
1226;4;2
1227;3;2
1228;3;2
1229;1;2
1230;4;2
1231;4;2
1232;2;2
1233;4;2
1234;3;1
1235;4;2
1236;0;1
1237;3;2
1238;3;2
1239;3;2
1240;3;2
1241;4;2
1242;4;2
1243;4;2
1244;4;2
1245;5;2
1246;3;1
1247;1;2
1248;6;1
1249;5;2
1250;3;1
1251;2;1
1252;1;2
1253;4;2
1254;3;2
1255;6;2
1256;4;1
1257;3;2
1258;6;2
1259;5;2
1260;1;1
1261;1;2
1262;5;2
1263;6;2
1264;4;1
1265;4;2
1266;5;2
1267;3;2
1268;6;1
1269;2;2
1270;3;2
1271;3;1
1272;3;2
1273;5;2
1274;2;2
1275;3;1
1276;4;1
1277;4;2
1278;2;2
1279;0;1
1280;3;2
1281;1;2
1282;7;1
1283;1;2
1284;4;2
1285;2;1
1286;6;2
1287;3;2
1288;3;2
1289;3;1
1290;2;2
1291;3;2
1292;3;2
1293;3;2
1294;3;1
1295;3;2
1296;3;1
1297;3;2
1298;3;2
1299;3;2
1300;3;2
1301;3;2
1302;5;2
1303;5;2
1304;4;2
1305;2;1
1306;5;2
1307;2;2
1308;5;2
1309;4;1
1310;4;2
1311;1;2
1312;4;1
1313;1;2
1314;6;2
1315;4;1
1316;5;2
1317;4;2
1318;6;2
1319;6;2
1320;4;2
1321;3;1
1322;1;2
1323;2;1
1324;2;1
1325;0;2
1326;2;1
1327;2;1
1328;2;2
1329;4;2
1330;2;2
1331;5;2
1332;3;2
1333;3;2
1334;5;1
1335;3;2
1336;2;2
1337;6;2
1338;3;1
1339;2;2
1340;0;1
1341;4;1
1342;6;2
1343;0;2
1344;4;2
1345;2;2
1346;2;2
1347;3;2
1348;2;2
1349;3;2
1350;1;2
1351;2;2
1352;5;1
1353;5;2
1354;5;2
1355;3;1
1356;4;2
1357;4;2
1358;5;1
1359;2;1
1360;2;2
1361;0;1
1362;1;2
1363;3;2
1364;2;1
1365;8;1
1366;3;2
1367;7;1
1368;2;2
1369;3;2
1370;3;2
1371;5;1
1372;0;1
1373;3;2
1374;2;2
1375;2;2
1376;3;2
1377;3;2
1378;4;2
1379;3;2
1380;2;2
1381;2;2
1382;2;2
1383;2;2
1384;5;2
1385;3;1
1386;6;2
1387;1;1
1388;2;2
1389;4;2
1390;6;1
1391;2;2
1392;4;2
1393;2;2
1394;2;2
1395;1;2
1396;2;1
1397;2;2
1398;5;2
1399;3;2
1400;3;2
1401;1;1
1402;0;1
1403;1;1
1404;6;2
1405;5;1
1406;5;1
1407;5;1
1408;4;1
1409;6;2
1410;1;2
1411;9;1
1412;5;1
1413;9;1
1414;5;1
1415;7;1
1416;3;1
1417;0;1
1418;0;1
1419;0;1
1420;0;1
1421;0;1
1422;0;1
1423;0;1
1424;0;1
1425;3;1
1426;2;1
1427;5;1
1428;5;2
1429;4;2
1430;3;1
1431;4;2
1432;4;2
1433;5;2
1434;2;2
1435;4;2
1436;3;1
1437;3;1
1438;3;2
1439;2;2
1440;3;2
1441;5;2
1442;2;2
1443;1;1
1444;2;2
1445;3;1
1446;1;2
1447;4;1
1448;1;1
1449;3;2
1450;7;1
1451;4;2
1452;1;2
1453;3;1
1454;3;1
1455;6;1
1456;5;1
1457;1;1
1458;7;1
1459;2;1
1460;2;1
1461;1;1
1462;5;1
1463;6;1
1464;4;1
1465;4;1
1466;4;1
1467;0;1
1468;1;1
1469;5;1
1470;5;2
1471;3;2
1472;3;1
1473;3;1
1474;2;1
1475;0;1
1476;4;1
1477;2;2
1478;0;1
1479;3;2
1480;3;1
1481;3;2
1482;0;1
1483;5;2
1484;1;2
1485;1;2
1486;2;1
1487;1;2
1488;0;2
1489;2;2
1490;4;2
1491;3;2
1492;6;2
1493;1;2
1494;1;2
1495;1;2
1496;1;2
1497;3;2
1498;6;2
1499;1;2
1500;0;2
1501;5;1
1502;4;2
1503;7;2
1504;6;2
1505;1;1
1506;2;2
1507;3;2
1508;3;1
1509;3;1
1510;3;1
1511;1;1
1512;4;1
1513;1;1
1514;1;2
1515;1;1
1516;3;2
1517;4;2
1518;4;2
1519;3;2
1520;2;2
1521;2;1
1522;2;2
1523;3;2
1524;3;2
1525;1;1
1526;4;1
1527;0;1
1528;5;1
1529;10;1
1530;4;1
1531;7;1
1532;0;1
1533;5;1
1534;1;1
1535;5;1
1536;3;1
1537;4;2
1538;4;2
1539;0;1
1540;8;1
1541;7;2
1542;4;1
1543;4;1
1544;5;1
1545;4;1
1546;1;1
1547;5;1
1548;1;1
1549;1;1
1550;5;1
1551;4;2
1552;5;1
1553;4;1
1554;4;1
1555;1;1
1556;0;1
1557;1;1
1558;4;2
1559;3;1
1560;1;1
1561;0;1
1562;0;1
1563;1;2
1564;6;1
1565;4;1
1566;2;1
1567;1;1
1568;4;1
1569;4;1
1570;3;1
1571;2;2
1572;2;2
1573;2;2
1574;4;2
1575;1;2
1576;4;1
1577;1;2
1578;3;1
1579;0;1
1580;4;2
1581;0;1
1582;7;2
1583;4;1
1584;2;2
1585;3;2
1586;3;1
1587;7;2
1588;4;1
1589;3;1
1590;1;1
1591;3;1
1592;4;2
1593;2;2
1594;3;2
1595;5;2
1596;6;2
1597;6;2
1598;3;2
1599;3;2
1600;3;2
1601;0;2
1602;1;1
1603;1;2
1604;6;2
1605;4;2
1606;0;2
1607;1;2
1608;4;2
1609;5;1
1610;1;1
1611;5;1
1612;1;2
1613;6;1
1614;3;2
1615;17;1
1616;4;1
1617;5;1
1618;8;1
1619;1;2
1620;11;1
1621;3;1
1622;4;1
1623;1;1
1624;0;1
1625;9;2
1626;13;1
1627;9;1
1628;2;1
1629;1;2
1630;3;1
1631;0;1
1632;3;2
1633;1;1
1634;2;1
1635;1;1
1636;4;1
1637;2;1
1638;0;2
1639;1;2
1640;3;1
1641;0;2
1642;2;1
1643;6;2
1644;2;1
1645;2;1
1646;2;1
1647;0;1
1648;2;2
1649;3;1
1650;1;1
1651;3;1
1652;8;1
1653;2;1
1654;10;1
1655;6;2
1656;0;1
1657;0;1
1658;0;2
1659;8;2
1660;0;0
1661;5;2
1662;2;1
1663;0;1
1664;0;1
1665;1;2
1666;6;2
1667;0;1
1668;7;1
1669;3;1
1670;1;1
1671;1;1
1672;1;1
1673;5;1
1674;3;1
1675;4;1
1676;0;1
1677;3;1
1678;6;2
1679;0;1
1680;0;1
1681;0;2
1682;0;1
1683;0;1
1684;1;1
1685;1;2
1686;2;2
1687;3;2
1688;3;2
1689;4;1
1690;4;2
1691;3;2
1692;3;1
1693;0;2
1694;0;2
1695;0;2
1696;8;2
1697;5;2
1698;3;2
1699;3;2
1700;3;2
1701;3;1
1702;1;2
1703;1;2
1704;9;2
1705;3;2
1706;2;1
1707;1;2
1708;3;2
1709;0;1
1710;1;1
1711;2;1
1712;4;1
1713;4;2
1714;2;2
1715;4;2
1716;7;1
1717;3;1
1718;2;1
1719;1;2
1720;1;2
1721;1;2
1722;4;1
1723;3;2
1724;1;2
1725;3;2
1726;3;1
1727;1;2
1728;3;2
1729;9;2
1730;2;1
1731;1;2
1732;1;1
1733;1;1
1734;5;2
1735;2;2
1736;1;2
1737;3;2
1738;6;1
1739;4;1
1740;3;1
1741;1;2
1742;2;2
1743;9;2
1744;1;1
1745;1;1
1746;4;2
1747;7;1
1748;7;1
1749;3;2
1750;4;1
1751;4;1
1752;7;1
1753;0;2
1754;3;2
1755;0;1
1756;1;1
1757;1;2
1758;0;1
1759;6;1
1760;2;1
1761;0;1
1762;3;1
1763;5;1
1764;4;1
1765;3;1
1766;1;1
1767;7;2
1768;6;2
1769;1;1
1770;1;2
1771;3;2
1772;1;2
1773;5;2
1774;3;1
1775;2;1
1776;8;1
1777;7;1
1778;3;2
1779;1;2
1780;7;2
1781;4;2
1782;4;1
1783;2;2
1784;5;2
1785;1;2
1786;3;1
1787;4;2
1788;5;1
1789;6;1
1790;0;1
1791;0;1
1792;4;1
1793;3;1
1794;5;2
1795;3;2
1796;1;1
1797;6;1
1798;1;1
1799;8;1
1800;5;1
1801;3;1
1802;3;2
1803;2;1
1804;1;1
1805;3;1
1806;5;1
1807;3;1
1808;1;1
1809;3;2
1810;10;1
1811;4;2
1812;0;1
1813;1;2
1814;0;1
1815;1;2
1816;2;1
1817;6;1
1818;1;1
1819;1;1
1820;2;1
1821;5;1
1822;3;2
1823;0;1
1824;3;1
1825;0;2
1826;4;1
1827;2;1
1828;2;2
1829;7;2
1830;9;2
1831;6;2
1832;3;2
1833;0;2
1834;6;2
1835;3;2
1836;4;2
1837;1;1
1838;1;1
1839;0;1
1840;4;2
1841;4;2
1842;5;1
1843;0;2
1844;2;2
1845;3;2
1846;3;2
1847;2;1
1848;3;2
1849;2;1
1850;3;2
1851;3;2
1852;1;1
1853;4;2
1854;4;2
1855;3;2
1856;3;2
1857;1;2
1858;1;2
1859;4;2
1860;3;2
1861;3;1
1862;5;2
1863;4;1
1864;1;2
1865;1;1
1866;1;1
1867;5;2
1868;3;2
1869;2;2
1870;1;2
1871;2;2
1872;1;1
1873;4;2
1874;0;1
1875;2;1
1876;1;2
1877;4;1
1878;2;2
1879;3;2
1880;4;1
1881;2;2
1882;2;2
1883;3;2
1884;3;2
1885;3;2
1886;4;1
1887;3;1
1888;1;2
1889;1;2
1890;4;1
1891;3;1
1892;5;2
1893;1;2
1894;5;2
1895;2;1
1896;2;2
1897;2;2
1898;5;2
1899;3;2
1900;1;2
1901;3;2
1902;1;1
1903;2;1
1904;4;2
1905;1;2
1906;2;2
1907;2;1
1908;3;2
1909;1;1
1910;0;1
1911;1;2
1912;0;2
1913;0;1
1914;1;1
1915;17;1
1916;6;1
1917;2;2
1918;2;2
1919;2;2
1920;2;2
1921;2;1
1922;4;2
1923;4;2
1924;4;1
1925;2;2
1926;2;2
1927;5;1
1928;0;1
1929;4;2
1930;5;2
1931;6;1
1932;3;1
1933;2;1
1934;1;2
1935;5;2
1936;9;1
1937;3;1
1938;6;2
1939;1;1
1940;0;1
1941;7;1
1942;9;1
1943;6;2
1944;1;1
1945;1;1
1946;4;2
1947;3;1
1948;6;2
1949;0;2
1950;3;2
1951;6;1
1952;1;1
1953;0;1
1954;5;2
1955;1;1
1956;1;1
1957;2;1
1958;1;1
1959;0;1
1960;0;1
1961;10;1
1962;5;1
1963;7;2
1964;4;1
1965;3;2
1966;2;1
1967;10;1
1968;1;2
1969;0;1
1970;0;1
1971;12;1
1972;0;1
1973;4;2
1974;0;2
1975;14;1
1976;5;1
1977;14;1
1978;2;1
1979;10;1
1980;3;2
1981;10;1
1982;1;1
1983;3;1
1984;5;1
1985;14;1
1986;1;1
1987;1;2
1988;14;1
1989;4;1
1990;2;2
1991;2;1
1992;2;2
1993;6;1
1994;2;1
1995;9;1
1996;1;2
1997;0;1
1998;1;2
1999;9;1
2000;0;1
2001;7;1
2002;1;1
2003;0;1
2004;7;1
2005;0;1
2006;2;1
2007;3;1
2008;3;1
2009;4;1
2010;1;2
2011;0;1
2012;0;1
2013;0;1
2014;2;1
2015;1;1
2016;0;1
2017;1;1
2018;0;2
2019;3;1
2020;0;1
2021;3;1
2022;0;1
2023;2;1
2024;5;2
2025;2;1
2026;0;1
2027;12;1
2028;2;1
2029;0;1
2030;2;1
2031;3;1
2032;4;1
2033;4;1
2034;8;1
2035;4;1
2036;1;2
2037;4;1
2038;1;1
2039;3;1
2040;3;1
2041;6;1
2042;0;1
2043;5;1
2044;10;1
2045;3;1
2046;2;1
2047;4;2
2048;8;1
2049;0;1
2050;1;2
2051;2;1
2052;4;2
2053;0;1
2054;5;1
2055;3;1
2056;5;2
2057;2;1
2058;3;2
2059;4;1
2060;0;1
2061;3;1
2062;0;1
2063;5;1
2064;0;2
2065;1;2
2066;8;2
2067;2;1
2068;4;1
2069;2;2
2070;1;2
2071;0;1
2072;2;1
2073;1;1
2074;3;1
2075;6;2
2076;6;2
2077;4;1
2078;8;2
2079;8;1
2080;6;2
2081;5;1
2082;6;2
2083;1;1
2084;4;1
2085;1;2
2086;5;1
2087;0;1
2088;2;1
2089;4;2
2090;1;2
2091;3;1
2092;5;1
2093;1;2
2094;0;1
2095;0;1
2096;5;2
2097;6;2
2098;3;2
2099;3;2
2100;11;1
2101;8;1
2102;1;1
2103;3;1
2104;2;1
2105;10;1
2106;4;1
2107;5;1
2108;8;1
2109;1;1
2110;1;2
2111;7;1
2112;5;1
2113;7;1
2114;1;2
2115;4;1
2116;2;2
2117;0;1
2118;1;1
2119;0;1
2120;1;2
2121;3;1
2122;2;1
2123;0;1
2124;3;2
2125;1;1
2126;0;1
2127;1;1
2128;2;1
2129;0;1
2130;2;2
2131;2;2
2132;1;1
2133;5;2
2134;5;2
2135;2;1
2136;4;2
2137;4;1
2138;5;2
2139;2;2
2140;4;2
2141;0;2
2142;0;1
2143;3;2
2144;4;2
2145;3;2
2146;5;1
2147;4;2
2148;2;2
2149;3;2
2150;3;1
2151;1;1
2152;0;2
2153;5;2
2154;5;2
2155;1;2
2156;5;2
2157;3;2
2158;2;2
2159;2;2
2160;3;2
2161;0;2
2162;2;1
2163;2;2
2164;2;2
2165;2;2
2166;3;2
2167;3;1
2168;4;2
2169;3;2
2170;3;2
2171;3;2
2172;4;2
2173;0;2
2174;3;2
2175;1;2
2176;0;2
2177;1;2
2178;1;2
2179;5;2
2180;6;2
2181;5;1
2182;6;2
2183;2;2
2184;2;2
2185;3;2
2186;1;2
2187;3;2
2188;3;1
2189;1;1
2190;3;2
2191;5;2
2192;4;2
2193;6;2
2194;0;2
2195;2;2
2196;4;2
2197;1;2
2198;4;1
2199;1;2
2200;4;2
2201;2;2
2202;3;2
2203;6;2
2204;5;1
2205;1;2
2206;2;2
2207;1;2
2208;5;2
2209;4;2
2210;2;1
2211;7;2
2212;3;2
2213;1;1
2214;1;2
2215;2;2
2216;0;2
2217;5;2
2218;1;1
2219;0;1
2220;6;1
2221;3;2
2222;4;2
2223;2;1
2224;6;2
2225;6;2
2226;1;2
2227;4;2
2228;1;2
2229;1;2
2230;1;2
2231;1;1
2232;2;1
2233;5;2
2234;6;1
2235;5;2
2236;1;1
2237;3;2
2238;4;1
2239;0;1
2240;4;1
2241;7;2
2242;5;1
2243;2;2
2244;6;2
2245;7;2
2246;0;2
2247;3;2
2248;2;2
2249;5;2
2250;0;2
2251;1;1
2252;3;2
2253;7;2
2254;3;1
2255;3;2
2256;1;2
2257;1;2
2258;8;2
2259;0;2
2260;3;2
2261;3;2
2262;0;2
2263;4;2
2264;3;1
2265;3;2
2266;3;1
2267;4;2
2268;3;1
2269;4;2
2270;1;1
2271;5;1
2272;0;2
2273;5;1
2274;1;2
2275;1;1
2276;5;2
2277;7;2
2278;2;1
2279;3;1
2280;3;1
2281;4;1
2282;1;1
2283;4;1
2284;3;2
2285;3;2
2286;3;2
2287;3;2
2288;3;2
2289;3;2
2290;2;1
2291;5;1
2292;5;1
2293;4;1
2294;6;1
2295;1;1
2296;6;2
2297;4;1
2298;1;1
2299;4;2
2300;1;2
2301;0;2
2302;2;1
2303;4;1
2304;5;1
2305;5;2
2306;3;2
2307;2;2
2308;4;2
2309;2;2
2310;4;1
2311;3;1
2312;2;2
2313;3;2
2314;4;2
2315;3;1
2316;4;2
2317;4;1
2318;5;2
2319;4;1
2320;0;2
2321;5;2
2322;4;2
2323;4;2
2324;3;2
2325;0;2
2326;4;2
2327;4;2
2328;0;1
2329;0;2
2330;4;1
2331;4;2
2332;5;2
2333;5;1
2334;1;1
2335;1;2
2336;1;1
2337;2;1
2338;6;1
2339;4;1
2340;5;1
2341;1;2
2342;5;2
2343;5;2
2344;5;2
2345;3;1
2346;1;2
2347;1;2
2348;6;1
2349;2;1
2350;2;1
2351;2;1
2352;1;1
2353;3;1
2354;4;1
2355;5;1
2356;3;1
2357;4;2
2358;4;1
2359;4;2
2360;4;2
2361;0;1
2362;2;1
2363;2;1
2364;2;1
2365;3;1
2366;4;1
2367;4;1
2368;4;1
2369;0;1
2370;0;1
2371;1;1
2372;1;2
2373;4;1
2374;6;1
2375;0;1
2376;8;2
2377;1;2
2378;9;2
2379;0;1
2380;4;2
2381;1;1
2382;3;1
2383;3;1
2384;4;1
2385;2;2
2386;2;1
2387;5;1
2388;4;2
2389;1;1
2390;0;1
2391;2;1
2392;5;2
2393;5;1
2394;6;1
2395;4;1
2396;3;1
2397;3;1
2398;1;1
2399;1;1
2400;1;2
2401;1;2
2402;1;1
2403;1;2
2404;3;2
2405;3;2
2406;4;2
2407;2;2
2408;5;2
2409;4;2
2410;4;2
2411;2;1
2412;5;2
2413;1;1
2414;3;2
2415;4;1
2416;1;2
2417;1;1
2418;6;2
2419;3;2
2420;2;1
2421;5;2
2422;3;2
2423;3;1
2424;4;2
2425;4;2
2426;0;1
2427;1;2
2428;6;2
2429;4;2
2430;3;2
2431;5;2
2432;5;2
2433;0;2
2434;5;2
2435;3;2
2436;1;2
2437;2;2
2438;1;2
2439;4;2
2440;0;1
2441;3;2
2442;6;1
2443;3;1
2444;4;2
2445;6;2
2446;3;2
2447;2;2
2448;3;1
2449;5;2
2450;4;2
2451;1;1
2452;2;2
2453;1;2
2454;1;1
2455;2;2
2456;3;2
2457;3;2
2458;6;2
2459;5;1
2460;2;2
2461;2;1
2462;6;1
2463;2;2
2464;2;2
2465;8;1
2466;3;2
2467;2;1
2468;6;1
2469;4;1
2470;4;1
2471;2;2
2472;2;1
2473;4;2
2474;4;2
2475;4;2
2476;2;1
2477;2;1
2478;4;2
2479;0;2
2480;2;1
2481;3;2
2482;2;1
2483;3;2
2484;4;2
2485;3;2
2486;3;1
2487;1;2
2488;0;2
2489;4;2
2490;4;1
2491;4;1
2492;6;2
2493;1;2
2494;3;1
2495;2;2
2496;1;2
2497;1;1
2498;3;1
2499;3;1
2500;1;1
2501;2;1
2502;6;1
2503;4;1
2504;2;1
2505;3;1
2506;5;2
2507;5;1
2508;1;2
2509;4;1
2510;4;1
2511;5;1
2512;7;2
2513;5;2
2514;2;2
2515;1;2
2516;4;1
2517;3;1
2518;1;1
2519;2;1
2520;6;2
2521;3;2
2522;0;1
2523;3;1
2524;2;1
2525;2;2
2526;2;2
2527;2;1
2528;2;1
2529;3;2
2530;6;2
2531;3;2
2532;3;1
2533;5;2
2534;1;1
2535;4;2
2536;4;1
2537;3;1
2538;2;1
2539;1;1
2540;4;2
2541;2;2
2542;2;2
2543;2;1
2544;5;1
2545;3;2
2546;4;2
2547;3;2
2548;4;2
2549;6;2
2550;3;1
2551;0;2
2552;4;2
2553;0;2
2554;7;2
2555;6;2
2556;3;2
2557;2;2
2558;5;2
2559;1;2
2560;2;2
2561;1;1
2562;0;2
2563;4;2
2564;6;2
2565;4;1
2566;6;2
2567;5;2
2568;1;1
2569;3;1
2570;3;1
2571;3;2
2572;3;2
2573;4;2
2574;4;2
2575;2;1
2576;3;1
2577;0;2
2578;2;1
2579;9;1
2580;1;2
2581;0;2
2582;5;2
2583;5;2
2584;0;2
2585;2;1
2586;3;1
2587;6;2
2588;4;2
2589;5;2
2590;2;1
2591;2;1
2592;2;2
2593;3;2
2594;2;2
2595;2;2
2596;3;1
2597;3;1
2598;2;2
2599;1;1
2600;1;1
2601;6;2
2602;7;2
2603;6;2
2604;0;2
2605;2;2
2606;6;2
2607;0;2
2608;1;2
2609;3;2
2610;2;2
2611;0;1
2612;0;1
2613;4;2
2614;5;2
2615;3;2
2616;2;2
2617;2;1
2618;4;1
2619;4;1
2620;3;2
2621;3;1
2622;0;2
2623;1;1
2624;3;2
2625;1;1
2626;0;1
2627;3;2
2628;4;2
2629;4;1
2630;0;1
2631;1;1
2632;1;1
2633;1;1
2634;1;1
2635;5;2
2636;5;2
2637;4;2
2638;2;2
2639;2;2
2640;1;2
2641;0;1
2642;2;2
2643;4;1
2644;4;1
2645;4;1
2646;2;1
2647;4;1
2648;3;1
2649;5;2
2650;3;2
2651;6;2
2652;3;2
2653;0;2
2654;3;2
2655;1;2
2656;0;1
2657;4;2
2658;5;2
2659;0;1
2660;4;1
2661;0;1
2662;1;2
2663;3;1
2664;3;1
2665;1;1
2666;3;2
2667;3;2
2668;3;2
2669;3;2
2670;3;2
2671;4;2
2672;3;1
2673;4;1
2674;4;1
2675;4;1
2676;2;2
2677;4;2
2678;2;1
2679;1;1
2680;4;1
2681;2;2
2682;3;1
2683;3;2
2684;0;1
2685;5;2
2686;1;1
2687;4;2
2688;1;1
2689;3;1
2690;3;1
2691;2;1
2692;0;2
2693;3;2
2694;3;2
2695;3;2
2696;0;2
2697;1;2
2698;1;2
2699;1;1
2700;1;1
2701;1;1
2702;4;2
2703;4;2
2704;7;2
2705;3;1
2706;3;2
2707;0;1
2708;4;2
2709;2;1
2710;5;2
2711;7;2
2712;4;2
2713;3;1
2714;2;2
2715;1;2
2716;2;1
2717;8;1
2718;1;1
2719;5;2
2720;7;1
2721;0;1
2722;5;2
2723;3;1
2724;2;2
2725;4;2
2726;0;1
2727;2;1
2728;2;1
2729;6;2
2730;4;2
2731;4;2
2732;0;1
2733;2;1
2734;0;2
2735;4;2
2736;2;1
2737;4;2
2738;0;1
2739;3;2
2740;2;2
2741;6;2
2742;2;1
2743;4;2
2744;2;2
2745;4;1
2746;5;2
2747;3;2
2748;0;1
2749;1;1
2750;0;1
2751;0;2
2752;2;1
2753;2;2
2754;2;2
2755;4;2
2756;0;1
2757;0;2
2758;2;2
2759;3;1
2760;6;2
2761;4;1
2762;1;2
2763;2;1
2764;1;1
2765;3;2
2766;3;2
2767;3;2
2768;3;1
2769;4;2
2770;6;1
2771;4;1
2772;3;2
2773;4;2
2774;1;2
2775;1;1
2776;1;1
2777;4;1
2778;2;2
2779;5;1
2780;0;1
2781;3;2
2782;0;2
2783;3;2
2784;2;2
2785;3;1
2786;3;1
2787;3;1
2788;3;2
2789;3;2
2790;1;2
2791;2;1
2792;4;1
2793;6;1
2794;7;1
2795;3;1
2796;3;1
2797;2;2
2798;6;1
2799;1;2
2800;3;2
2801;2;1
2802;2;2
2803;7;2
2804;3;1
2805;3;1
2806;5;2
2807;1;1
2808;5;2
2809;4;2
2810;5;2
2811;5;2
2812;5;2
2813;1;1
2814;5;1
2815;1;1
2816;9;2
2817;2;1
2818;3;1
2819;5;1
2820;6;2
2821;4;2
2822;2;1
2823;1;1
2824;0;1
2825;0;1
2826;3;2
2827;2;2
2828;4;1
2829;2;1
2830;1;2
2831;0;2
2832;0;1
2833;1;2
2834;2;2
2835;3;2
2836;5;2
2837;2;2
2838;1;2
2839;3;2
2840;6;1
2841;2;2
2842;5;2
2843;3;2
2844;2;2
2845;3;2
2846;2;2
2847;3;1
2848;3;2
2849;4;2
2850;4;1
2851;5;1
2852;4;2
2853;3;1
2854;3;2
2855;1;2
2856;3;1
2857;5;2
2858;7;1
2859;1;2
2860;1;2
2861;3;2
2862;0;2
2863;2;2
2864;1;2
2865;6;1
2866;3;1
2867;6;1
2868;0;1
2869;2;2
2870;4;2
2871;8;2
2872;4;2
2873;3;2
2874;3;1
2875;4;2
2876;3;2
2877;1;2
2878;4;1
2879;3;2
2880;1;2
2881;2;2
2882;2;2
2883;4;2
2884;3;2
2885;2;2
2886;4;2
2887;1;2
2888;2;2
2889;6;2
2890;3;2
2891;2;2
2892;5;1
2893;3;2
2894;6;2
2895;3;2
2896;4;1
2897;0;2
2898;2;2
2899;5;2
2900;2;2
2901;2;2
2902;2;2
2903;5;2
2904;1;2
2905;5;1
2906;6;2
2907;3;2
2908;1;2
2909;6;2
2910;3;2
2911;5;1
2912;1;2
2913;3;2
2914;3;2
2915;4;2
2916;2;2
2917;7;2
2918;2;2
2919;0;1
2920;1;2
2921;2;2
2922;1;2
2923;0;1
2924;2;2
2925;6;2
2926;0;1
2927;0;2
2928;4;2
2929;5;2
2930;3;1
2931;4;2
2932;7;2
2933;4;1
2934;0;2
2935;4;1
2936;1;2
2937;4;2
2938;2;2
2939;5;2
2940;1;2
2941;4;1
2942;3;2
2943;5;2
2944;3;2
2945;3;1
2946;5;2
2947;1;2
2948;1;1
2949;0;1
2950;1;1
2951;2;2
2952;4;2
2953;3;2
2954;5;2
2955;5;2
2956;4;2
2957;6;2
2958;1;2
2959;5;2
2960;1;2
2961;1;2
2962;4;2
2963;1;2
2964;7;2
2965;1;2
2966;1;2
2967;3;2
2968;2;2
2969;2;2
2970;4;2
2971;6;2
2972;5;2
2973;1;1
2974;4;2
2975;2;2
2976;0;2
2977;2;2
2978;3;2
2979;4;2
2980;4;2
2981;3;2
2982;5;2
2983;1;2
2984;2;2
2985;5;2
2986;6;1
2987;4;2
2988;3;2
2989;0;2
2990;3;2
2991;2;2
2992;2;2
2993;3;2
2994;5;1
2995;5;2
2996;4;2
2997;3;2
2998;1;2
2999;5;2
3000;5;2
3001;3;2
3002;3;2
3003;3;2
3004;4;2
3005;4;2
3006;3;2
3007;1;2
3008;1;2
3009;1;2
3010;4;2
3011;7;2
3012;4;2
3013;2;2
3014;4;2
3015;5;2
3016;5;2
3017;1;2
3018;2;2
3019;3;2
3020;4;2
3021;4;2
3022;3;2
3023;5;1
3024;2;2
3025;1;2
3026;5;2
3027;2;2
3028;5;2
3029;4;2
3030;1;2
3031;1;1
3032;1;2
3033;2;1
3034;4;2
3035;4;2
3036;0;1
3037;1;1
3038;2;2
3039;2;1
3040;3;2
3041;2;2
3042;1;1
3043;2;2
3044;5;2
3045;5;2
3046;5;2
3047;2;2
3048;2;1
3049;2;1
3050;1;1
3051;2;2
3052;4;2
3053;3;2
3054;5;2
3055;4;2
3056;2;2
3057;4;2
3058;5;2
3059;3;2
3060;2;2
3061;2;2
3062;1;2
3063;2;2
3064;5;2
3065;4;2
3066;2;1
3067;3;2
3068;4;2
3069;1;1
3070;2;1
3071;0;2
3072;4;2
3073;8;2
3074;6;2
3075;1;1
3076;4;2
3077;2;2
3078;2;2
3079;1;2
3080;6;2
3081;0;2
3082;0;1
3083;2;2
3084;2;2
3085;0;1
3086;6;2
3087;6;2
3088;2;1
3089;2;1
3090;3;1
3091;6;1
3092;5;2
3093;4;2
3094;4;2
3095;3;2
3096;1;2
3097;1;2
3098;1;2
3099;2;1
3100;3;1
3101;3;1
3102;3;1
3103;1;2
3104;1;1
3105;2;2
3106;5;1
3107;3;1
3108;1;1
3109;1;1
3110;6;2
3111;5;2
3112;1;2
3113;3;1
3114;2;2
3115;4;1
3116;4;1
3117;2;1
3118;3;1
3119;2;2
3120;4;2
3121;4;2
3122;6;2
3123;1;2
3124;2;2
3125;4;2
3126;3;2
3127;4;1
3128;3;1
3129;3;1
3130;3;2
3131;3;2
3132;3;1
3133;4;1
3134;2;2
3135;3;1
3136;3;2
3137;5;2
3138;3;1
3139;2;2
3140;3;2
3141;3;2
3142;2;1
3143;3;1
3144;2;1
3145;3;1
3146;3;1
3147;3;2
3148;4;2
3149;4;1
3150;2;2
3151;2;2
3152;2;1
3153;4;2
3154;4;2
3155;3;1
3156;3;1
3157;1;1
3158;2;1
3159;3;1
3160;3;1
3161;3;1
3162;5;2
3163;6;2
3164;2;2
3165;3;2
3166;1;2
3167;3;2
3168;4;2
3169;4;2
3170;0;2
3171;6;1
3172;2;2
3173;2;2
3174;2;2
3175;2;2
3176;5;1
3177;0;1
3178;2;2
3179;2;2
3180;2;2
3181;6;2
3182;4;2
3183;5;2
3184;3;2
3185;2;1
3186;3;2
3187;5;1
3188;4;1
3189;3;1
3190;2;2
3191;2;2
3192;5;1
3193;2;2
3194;3;2
3195;2;2
3196;3;1
3197;0;2
3198;6;2
3199;2;2
3200;4;1
3201;3;2
3202;7;2
3203;1;2
3204;2;1
3205;2;2
3206;3;1
3207;3;1
3208;3;2
3209;3;2
3210;3;1
3211;1;1
3212;2;1
3213;4;1
3214;4;1
3215;6;1
3216;2;2
3217;2;2
3218;3;1
3219;3;2
3220;3;2
3221;5;1
3222;5;2
3223;1;1
3224;1;1
3225;1;1
3226;2;1
3227;2;1
3228;2;1
3229;5;1
3230;7;2
3231;4;1
3232;4;1
3233;4;1
3234;1;1
3235;1;1
3236;4;2
3237;1;1
3238;4;1
3239;3;1
3240;3;2
3241;1;1
3242;4;1
3243;3;1
3244;4;1
3245;3;1
3246;3;1
3247;4;2
3248;4;2
3249;4;1
3250;0;1
3251;1;1
3252;2;1
3253;3;2
3254;3;2
3255;1;2
3256;2;2
3257;3;2
3258;4;2
3259;3;2
3260;2;2
3261;5;2
3262;3;2
3263;4;2
3264;3;2
3265;3;2
3266;3;2
3267;3;2
3268;3;2
3269;4;1
3270;1;1
3271;4;1
3272;5;1
3273;1;2
3274;3;1
3275;3;2
3276;2;2
3277;3;1
3278;3;2
3279;3;2
3280;3;1
3281;3;1
3282;6;2
3283;3;1
3284;3;2
3285;2;2
3286;1;2
3287;5;2
3288;3;2
3289;4;2
3290;2;2
3291;4;2
3292;3;2
3293;6;2
3294;4;2
3295;3;2
3296;4;2
3297;2;1
3298;2;1
3299;1;2
3300;3;1
3301;1;1
3302;3;2
3303;2;2
3304;5;2
3305;7;2
3306;1;1
3307;3;1
3308;2;2
3309;2;1
3310;5;1
3311;2;2
3312;4;1
3313;3;1
3314;3;1
3315;3;1
3316;1;1
3317;4;2
3318;5;2
3319;1;2
3320;0;2
3321;5;2
3322;3;2
3323;4;2
3324;4;2
3325;3;2
3326;4;2
3327;1;2
3328;2;2
3329;4;2
3330;4;1
3331;0;2
3332;7;2
3333;3;1
3334;2;2
3335;2;2
3336;1;2
3337;1;2
3338;5;2
3339;4;2
3340;5;2
3341;4;2
3342;3;2
3343;2;2
3344;0;1
3345;4;2
3346;4;2
3347;4;2
3348;2;1
3349;3;2
3350;2;2
3351;4;2
3352;5;1
3353;2;2
3354;5;2
3355;2;2
3356;2;2
3357;2;2
3358;2;2
3359;2;2
3360;2;2
3361;5;1
3362;1;2
3363;4;2
3364;4;2
3365;2;2
3366;2;1
3367;3;2
3368;3;1
3369;4;2
3370;5;2
3371;5;1
3372;5;2
3373;3;2
3374;4;2
3375;4;2
3376;4;2
3377;1;1
3378;5;2
3379;2;1
3380;2;2
3381;2;1
3382;2;2
3383;2;2
3384;5;2
3385;1;2
3386;4;2
3387;3;2
3388;3;2
3389;0;1
3390;1;2
3391;1;2
3392;3;2
3393;2;2
3394;5;2
3395;4;2
3396;3;2
3397;7;2
3398;5;2
3399;2;1
3400;4;2
3401;2;2
3402;2;2
3403;1;2
3404;1;2
3405;5;2
3406;5;2
3407;2;2
3408;2;2
3409;2;2
3410;2;2
3411;6;2
3412;3;2
3413;2;1
3414;4;2
3415;4;2
3416;1;2
3417;3;2
3418;4;2
3419;3;2
3420;3;2
3421;2;1
3422;3;2
3423;3;2
3424;3;1
3425;2;1
3426;3;1
3427;3;1
3428;4;1
3429;4;1
3430;4;1
3431;3;1
3432;2;1
3433;3;1
3434;2;1
3435;4;1
3436;3;1
3437;4;1
3438;1;2
3439;3;2
3440;1;1
3441;6;2
3442;4;2
3443;2;2
3444;3;2
3445;3;2
3446;1;1
3447;5;1
3448;2;2
3449;4;1
3450;3;2
3451;3;2
3452;5;2
3453;1;2
3454;1;1
3455;3;2
3456;3;2
3457;2;2
3458;6;1
3459;3;2
3460;3;2
3461;2;2
3462;2;2
3463;2;2
3464;3;2
3465;2;2
3466;3;2
3467;1;2
3468;6;2
3469;6;2
3470;4;2
3471;4;2
3472;2;2
3473;3;2
3474;3;2
3475;3;2
3476;7;2
3477;3;2
3478;3;2
3479;4;2
3480;8;2
3481;5;2
3482;0;1
3483;3;2
3484;5;1
3485;3;2
3486;1;2
3487;1;2
3488;5;2
3489;1;2
3490;1;2
3491;2;2
3492;2;2
3493;0;2
3494;0;2
3495;2;2
3496;1;2
3497;2;2
3498;3;2
3499;4;2
3500;3;2
3501;4;2
3502;3;2
3503;4;1
3504;4;2
3505;3;2
3506;3;2
3507;4;2
3508;4;2
3509;3;2
3510;2;2
3511;3;2
3512;2;1
3513;4;2
3514;2;2
3515;2;2
3516;2;2
3517;7;2
3518;3;2
3519;4;2
3520;3;2
3521;2;1
3522;1;2
3523;1;1
3524;3;2
3525;3;2
3526;2;2
3527;6;2
3528;5;2
3529;2;2
3530;3;2
3531;3;2
3532;2;1
3533;2;1
3534;5;2
3535;3;2
3536;4;1
3537;2;2
3538;1;2
3539;4;2
3540;2;2
3541;4;1
3542;4;2
3543;4;2
3544;3;1
3545;2;2
3546;1;1
3547;1;1
3548;1;2
3549;3;2
3550;2;1
3551;6;2
3552;3;2
3553;3;2
3554;2;2
3555;4;2
3556;2;2
3557;2;1
3558;5;2
3559;1;2
3560;3;2
3561;4;2
3562;5;2
3563;3;1
3564;5;2
3565;5;2
3566;3;1
3567;3;2
3568;1;2
3569;0;2
3570;4;2
3571;3;2
3572;6;2
3573;5;2
3574;6;2
3575;2;2
3576;3;1
3577;2;2
3578;3;2
3579;4;2
3580;5;2
3581;3;2
3582;1;1
3583;2;1
3584;4;1
3585;4;1
3586;3;1
3587;3;1
3588;4;2
3589;2;1
3590;4;2
3591;2;1
3592;4;2
3593;2;1
3594;4;2
3595;4;2
3596;3;1
3597;3;2
3598;3;2
3599;4;1
3600;0;1
3601;7;2
3602;3;2
3603;3;2
3604;3;2
3605;1;2
3606;1;2
3607;5;2
3608;4;2
3609;1;2
3610;3;2
3611;5;2
3612;2;2
3613;3;1
3614;3;2
3615;2;2
3616;1;1
3617;3;2
3618;5;2
3619;4;2
3620;3;2
3621;6;2
3622;2;2
3623;2;2
3624;2;2
3625;0;2
3626;4;2
3627;0;2
3628;5;2
3629;1;1
3630;2;2
3631;4;2
3632;4;1
3633;6;2
3634;2;2
3635;4;2
3636;4;2
3637;2;2
3638;3;2
3639;3;2
3640;2;2
3641;2;2
3642;4;1
3643;1;2
3644;0;2
3645;6;2
3646;5;2
3647;0;2
3648;2;2
3649;1;2
3650;1;2
3651;3;2
3652;6;2
3653;3;2
3654;1;2
3655;0;2
3656;4;2
3657;3;2
3658;5;2
3659;3;2
3660;3;2
3661;3;2
3662;3;2
3663;2;2
3664;3;2
3665;1;2
3666;3;1
3667;4;1
3668;3;2
3669;5;1
3670;5;1
3671;6;1
3672;5;2
3673;5;2
3674;6;2
3675;3;1
3676;2;2
3677;2;2
3678;3;2
3679;2;2
3680;3;2
3681;0;2
3682;5;2
3683;5;2
3684;1;2
3685;2;2
3686;8;1
3687;1;1
3688;3;2
3689;3;2
3690;3;2
3691;2;2
3692;2;1
3693;1;2
3694;3;2
3695;2;2
3696;4;1
3697;1;2
3698;1;2
3699;1;2
3700;2;2
3701;4;2
3702;3;1
3703;2;2
3704;7;2
3705;5;2
3706;6;1
3707;0;2
3708;2;2
3709;1;2
3710;3;2
3711;3;2
3712;3;2
3713;3;2
3714;2;2
3715;3;2
3716;8;2
3717;1;2
3718;5;2
3719;10;2
3720;7;2
3721;8;2
3722;4;2
3723;1;2
3724;7;2
3725;3;2
3726;3;1
3727;6;1
3728;3;2
3729;4;2
3730;4;2
3731;4;2
3732;0;2
3733;4;2
3734;3;2
3735;2;2
3736;2;2
3737;3;1
3738;1;2
3739;1;2
3740;4;2
3741;1;1
3742;2;2
3743;5;1
3744;3;1
3745;2;2
3746;2;1
3747;1;2
3748;2;2
3749;5;2
3750;5;2
3751;4;2
3752;1;2
3753;3;1
3754;3;1
3755;3;2
3756;1;2
3757;1;2
3758;2;2
3759;2;2
3760;0;2
3761;0;2
3762;0;1
3763;0;1
3764;3;1
3765;3;1
3766;3;1
3767;6;1
3768;5;1
3769;4;1
3770;2;1
3771;2;1
3772;4;1
3773;5;1
3774;3;2
3775;6;1
3776;3;1
3777;3;1
3778;2;1
3779;2;1
3780;4;2
3781;1;1
3782;4;1
3783;1;1
3784;1;1
3785;1;1
3786;4;1
3787;1;1
3788;4;1
3789;1;1
3790;6;2
3791;3;2
3792;4;1
3793;6;1
3794;5;2
3795;2;2
3796;4;2
3797;2;1
3798;1;1
3799;2;1
3800;5;1
3801;5;1
3802;4;2
3803;1;1
3804;1;1
3805;4;1
3806;4;1
3807;6;1
3808;2;1
3809;1;1
3810;4;1
3811;4;2
3812;1;1
3813;3;1
3814;2;1
3815;1;1
3816;1;1
3817;4;1
3818;4;1
3819;4;1
3820;6;1
3821;3;1
3822;3;1
3823;3;1
3824;3;1
3825;3;1
3826;3;1
3827;1;1
3828;4;1
3829;4;1
3830;6;2
3831;4;2
3832;4;2
3833;4;2
3834;1;2
3835;3;1
3836;3;1
3837;2;1
3838;4;1
3839;5;1
3840;3;1
3841;4;1
3842;3;1
3843;4;2
3844;4;2
3845;3;1
3846;6;1
3847;5;2
3848;3;1
3849;4;1
3850;3;2
3851;5;2
3852;4;2
3853;3;2
3854;3;2
3855;4;1
3856;4;2
3857;1;2
3858;3;1
3859;3;2
3860;2;1
3861;4;1
3862;3;2
3863;4;1
3864;6;2
3865;4;2
3866;4;2
3867;1;2
3868;3;2
3869;3;2
3870;5;2
3871;5;2
3872;7;2
3873;2;1
3874;1;1
3875;3;2
3876;1;1
3877;1;1
3878;1;1
3879;1;1
3880;1;2
3881;1;2
3882;1;2
3883;2;2
3884;2;2
3885;1;2
3886;2;2
3887;3;2
3888;4;2
3889;5;2
3890;4;2
3891;1;2
3892;3;1
3893;5;1
3894;5;1
3895;3;2
3896;2;2
3897;4;1
3898;1;1
3899;2;1
3900;5;1
3901;5;1
3902;1;2
3903;2;1
3904;2;2
3905;3;2
3906;6;2
3907;3;2
3908;6;2
3909;4;2
3910;3;2
3911;3;2
3912;3;2
3913;5;2
3914;2;2
3915;4;1
3916;3;2
3917;1;1
3918;4;2
3919;4;1
3920;3;1
3921;4;2
3922;2;1
3923;2;1
3924;3;2
3925;1;1
3926;1;2
3927;1;1
3928;4;1
3929;4;1
3930;2;1
3931;4;1
3932;2;1
3933;2;1
3934;2;1
3935;5;1
3936;2;1
3937;3;1
3938;3;1
3939;4;2
3940;3;2
3941;4;2
3942;4;1
3943;2;1
3944;2;2
3945;5;1
3946;3;2
3947;2;2
3948;5;1
3949;2;1
3950;1;1
3951;1;1
3952;2;1
3953;1;1
3954;5;1
3955;2;1
3956;2;1
3957;1;1
3958;2;1
3959;2;1
3960;1;1
3961;3;1
3962;2;1
3963;5;2
3964;5;2
3965;3;1
3966;1;1
3967;2;2
3968;2;2
3969;1;1
3970;3;1
3971;3;1
3972;4;1
3973;3;2
3974;3;2
3975;2;2
3976;5;2
3977;5;2
3978;3;1
3979;4;1
3980;3;2
3981;5;2
3982;5;2
3983;2;2
3984;5;2
3985;3;2
3986;5;2
3987;5;2
3988;6;2
3989;3;2
3990;5;2
3991;2;1
3992;1;1
3993;5;2
3994;5;2
3995;3;2
3996;5;1
3997;4;1
3998;3;1
3999;4;1
4000;3;2
4001;1;1
4002;5;2
4003;5;2
4004;1;2
4005;1;2
4006;4;2
4007;6;2
4008;6;1
4009;0;2
4010;6;2
4011;4;2
4012;1;2
4013;3;2
4014;2;2
4015;3;2
4016;4;2
4017;4;2
4018;3;2
4019;3;2
4020;6;2
4021;3;2
4022;0;2
4023;2;2
4024;2;2
4025;0;2
4026;2;1
4027;2;1
4028;2;1
4029;2;1
4030;3;2
4031;3;2
4032;3;2
4033;2;1
4034;2;1
4035;3;2
4036;1;2
4037;2;1
4038;2;1
4039;2;1
4040;4;1
4041;5;1
4042;5;2
4043;5;2
4044;2;2
4045;4;2
4046;2;2
4047;2;2
4048;3;2
4049;3;2
4050;2;2
4051;3;2
4052;3;1
4053;2;2
4054;7;2
4055;2;2
4056;4;2
4057;2;2
4058;2;1
4059;1;1
4060;5;2
4061;4;2
4062;3;2
4063;4;2
4064;1;1
4065;2;1
4066;2;1
4067;2;1
4068;2;2
4069;2;1
4070;3;2
4071;3;2
4072;7;1
4073;2;1
4074;3;2
4075;2;2
4076;3;2
4077;3;2
4078;5;1
4079;6;1
4080;0;2
4081;2;2
4082;2;2
4083;3;2
4084;4;2
4085;2;2
4086;4;2
4087;2;1
4088;3;2
4089;4;2
4090;4;2
4091;3;2
4092;4;1
4093;3;2
4094;3;2
4095;1;2
4096;7;2
4097;1;2
4098;0;1
4099;1;2
4100;1;2
4101;0;1
4102;3;2
4103;5;2
4104;1;1
4105;2;2
4106;2;2
4107;5;1
4108;5;2
4109;1;2
4110;1;2
4111;1;2
4112;6;2
4113;2;2
4114;2;2
4115;2;2
4116;3;2
4117;3;1
4118;4;1
4119;4;2
4120;5;2
4121;5;1
4122;2;1
4123;0;2
4124;5;1
4125;1;2
4126;0;2
4127;1;1
4128;4;2
4129;0;2
4130;6;1
4131;7;2
4132;6;2
4133;6;2
4134;2;1
4135;2;2
4136;2;1
4137;3;2
4138;7;2
4139;2;2
4140;2;2
4141;2;2
4142;1;2
4143;2;2
4144;2;2
4145;1;1
4146;4;1
4147;4;2
4148;3;2
4149;3;1
4150;2;2
4151;2;2
4152;5;2
4153;4;2
4154;3;2
4155;2;1
4156;4;2
4157;3;2
4158;3;2
4159;0;2
4160;2;1
4161;5;2
4162;8;1
4163;6;1
4164;1;2
4165;1;1
4166;0;2
4167;1;2
4168;2;2
4169;2;1
4170;3;2
4171;7;1
4172;3;2
4173;1;2
4174;2;2
4175;0;1
4176;1;2
4177;3;2
4178;1;2
4179;3;2
4180;4;2
4181;4;2
4182;0;2
4183;6;2
4184;4;2
4185;3;2
4186;4;2
4187;3;2
4188;2;2
4189;3;2
4190;0;2
4191;1;2
4192;1;2
4193;5;2
4194;0;2
4195;5;2
4196;7;1
4197;3;2
4198;1;1
4199;7;1
4200;7;1
4201;4;1
4202;5;1
4203;4;1
4204;5;1
4205;3;1
4206;3;1
4207;3;1
4208;6;2
4209;5;2
4210;2;1
4211;3;1
4212;4;2
4213;6;2
4214;1;1
4215;4;2
4216;1;2
4217;0;2
4218;0;1
4219;0;1
4220;0;1
4221;4;2
4222;1;2
4223;0;2
4224;0;2
4225;2;2
4226;2;2
4227;5;1
4228;2;2
4229;4;2
4230;1;2
4231;2;2
4232;2;2
4233;4;2
4234;4;1
4235;1;1
4236;4;2
4237;0;2
4238;3;2
4239;4;2
4240;7;1
4241;3;2
4242;5;2
4243;0;2
4244;5;1
4245;5;2
4246;5;2
4247;1;2
4248;5;1
4249;2;2
4250;2;2
4251;2;1
4252;10;1
4253;11;1
4254;8;1
4255;4;2
4256;3;1
4257;1;1
4258;1;2
4259;3;1
4260;3;1
4261;0;1
4262;4;0
4263;1;2
4264;2;1
4265;1;1
4266;4;0
4267;4;1
4268;1;1
4269;6;1
4270;9;1
4271;7;1
4272;3;1
4273;2;1
4274;2;2
4275;1;1
4276;10;1
4277;1;1
4278;14;1
4279;8;1
4280;5;1
4281;3;2
4282;4;1
4283;1;2
4284;3;0
4285;0;1
4286;3;1
4287;3;2
4288;2;2
4289;0;1
4290;3;0
4291;0;2
4292;2;2
4293;0;1
4294;1;1
4295;1;2
4296;3;1
4297;0;1
4298;1;2
4299;1;1
4300;4;1
4301;4;2
4302;1;1
4303;0;1
4304;2;2
4305;4;2
4306;0;1
4307;2;2
4308;5;2
4309;6;2
4310;0;2
4311;0;1
4312;5;2
4313;4;2
4314;5;2
4315;2;1
4316;3;1
4317;3;1
4318;3;2
4319;2;2
4320;2;2
4321;2;2
4322;2;2
4323;2;1
4324;1;1
4325;5;2
4326;5;2
4327;3;2
4328;0;2
4329;3;2
4330;2;2
4331;2;1
4332;8;2
4333;6;2
4334;2;2
4335;8;2
4336;3;2
4337;4;2
4338;2;2
4339;3;2
4340;5;2
4341;2;1
4342;0;2
4343;3;2
4344;5;1
4345;3;2
4346;1;2
4347;2;2
4348;4;1
4349;3;1
4350;1;2
4351;0;1
4352;4;2
4353;2;1
4354;3;1
4355;4;1
4356;7;2
4357;0;2
4358;2;2
4359;1;2
4360;4;2
4361;2;1
4362;1;1
4363;0;1
4364;1;2
4365;0;1
4366;4;1
4367;1;1
4368;2;1
4369;1;1
4370;1;2
4371;5;2
4372;1;2
4373;1;2
4374;0;2
4375;1;1
4376;2;1
4377;3;2
4378;5;2
4379;4;2
4380;4;1
4381;3;2
4382;4;2
4383;1;2
4384;4;1
4385;3;2
4386;3;2
4387;3;2
4388;14;1
4389;8;2
4390;3;2
4391;0;2
4392;1;1
4393;3;1
4394;1;1
4395;3;2
4396;7;0
4397;2;2
4398;5;1
4399;2;2
4400;5;2
4401;2;2
4402;0;1
4403;2;1
4404;3;2
4405;7;1
4406;19;1
4407;3;2
4408;2;1
4409;14;1
4410;4;1
4411;4;1
4412;6;2
4413;0;1
4414;2;1
4415;15;1
4416;0;1
4417;8;1
4418;2;2
4419;12;1
4420;2;2
4421;2;2
4422;8;1
4423;4;1
4424;12;1
4425;2;1
4426;4;1
4427;0;1
4428;5;2
4429;4;1
4430;3;1
4431;0;1
4432;4;1
4433;11;1
4434;6;1
4435;0;1
4436;4;1
4437;4;0
4438;2;1
4439;11;1
4440;2;1
4441;0;1
4442;0;1
4443;3;1
4444;6;1
4445;0;1
4446;3;1
4447;3;1
4448;1;1
4449;4;0
4450;3;2
4451;1;1
4452;1;2
4453;1;1
4454;0;1
4455;6;1
4456;1;2
4457;7;1
4458;1;2
4459;4;1
4460;4;1
4461;0;1
4462;1;1
4463;1;2
4464;3;1
4465;0;1
4466;0;1
4467;3;1
4468;1;1
4469;1;1
4470;0;1
4471;6;2
4472;3;2
4473;4;1
4474;3;1
4475;0;1
4476;3;2
4477;8;1
4478;4;0
4479;0;0
4480;2;1
4481;0;1
4482;3;1
4483;4;1
4484;0;1
4485;0;1
4486;1;1
4487;0;2
4488;3;1
4489;0;1
4490;3;1
4491;3;1
4492;6;1
4493;0;1
4494;6;2
4495;0;2
4496;0;1
4497;3;1
4498;1;2
4499;0;1
4500;4;2
4501;4;2
4502;3;1
4503;6;2
4504;0;1
4505;3;2
4506;3;2
4507;2;1
4508;3;2
4509;5;1
4510;0;1
4511;0;1
4512;1;2
4513;0;1
4514;1;1
4515;0;2
4516;1;2
4517;0;1
4518;3;1
4519;0;2
4520;6;2
4521;4;2
4522;2;2
4523;2;1
4524;2;1
4525;0;1
4526;0;1
4527;0;2
4528;0;2
4529;5;2
4530;4;1
4531;2;1
4532;3;2
4533;4;2
4534;4;2
4535;2;1
4536;4;1
4537;2;2
4538;4;2
4539;4;1
4540;2;2
4541;4;2
4542;0;2
4543;2;1
4544;3;2
4545;5;1
4546;3;2
4547;4;2
4548;5;2
4549;2;2
4550;6;2
4551;3;1
4552;5;2
4553;3;1
4554;4;2
4555;2;2
4556;8;1
4557;4;2
4558;5;2
4559;4;2
4560;3;2
4561;2;2
4562;1;2
4563;0;2
4564;3;1
4565;4;2
4566;4;2
4567;0;1
4568;0;2
4569;2;1
4570;2;2
4571;1;1
4572;4;1
4573;2;1
4574;5;2
4575;6;2
4576;2;2
4577;5;2
4578;1;2
4579;6;2
4580;0;2
4581;2;1
4582;3;2
4583;4;2
4584;4;2
4585;0;1
4586;3;2
4587;3;2
4588;2;1
4589;5;2
4590;3;2
4591;2;1
4592;2;2
4593;3;2
4594;0;1
4595;5;2
4596;3;2
4597;1;2
4598;8;2
4599;1;2
4600;3;2
4601;4;2
4602;5;2
4603;3;2
4604;2;2
4605;3;2
4606;2;2
4607;1;1
4608;0;2
4609;2;2
4610;2;2
4611;5;2
4612;5;2
4613;2;2
4614;3;1
4615;1;2
4616;2;2
4617;6;2
4618;0;1
4619;1;2
4620;2;2
4621;3;2
4622;6;1
4623;3;1
4624;5;2
4625;3;2
4626;4;2
4627;3;2
4628;2;2
4629;3;2
4630;3;2
4631;3;1
4632;5;2
4633;6;2
4634;4;2
4635;1;1
4636;4;1
4637;1;1
4638;3;1
4639;5;1
4640;3;1
4641;0;1
4642;16;1
4643;5;2
4644;14;1
4645;12;1
4646;1;1
4647;5;2
4648;3;1
4649;5;2
4650;1;1
4651;1;1
4652;6;1
4653;15;1
4654;3;1
4655;2;1
4656;1;1
4657;0;1
4658;4;1
4659;1;1
4660;12;1
4661;0;1
4662;2;1
4663;3;1
4664;3;1
4665;3;2
4666;3;1
4667;3;1
4668;1;1
4669;9;1
4670;0;1
4671;0;1
4672;2;1
4673;4;2
4674;3;2
4675;0;1
4676;1;1
4677;1;1
4678;0;1
4679;6;2
4680;1;1
4681;0;1
4682;0;1
4683;1;1
4684;3;2
4685;0;1
4686;0;1
4687;1;2
4688;3;1
4689;0;1
4690;3;1
4691;2;1
4692;0;1
4693;0;1
4694;1;1
4695;0;1
4696;6;1
4697;5;2
4698;7;1
4699;3;2
4700;2;2
4701;1;1
4702;3;2
4703;6;1
4704;13;1
4705;14;1
4706;0;1
4707;3;1
4708;1;2
4709;3;1
4710;0;1
4711;1;1
4712;1;2
4713;3;2
4714;13;1
4715;3;0
4716;0;2
4717;11;1
4718;2;1
4719;1;2
4720;9;1
4721;2;2
4722;2;1
4723;1;2
4724;4;0
4725;5;0
4726;5;1
4727;0;1
4728;6;2
4729;3;1
4730;5;2
4731;0;1
4732;3;1
4733;0;1
4734;1;2
4735;21;1
4736;3;1
4737;1;1
4738;15;1
4739;0;1
4740;2;1
4741;0;1
4742;6;1
4743;4;0
4744;0;0
4745;0;1
4746;6;2
4747;0;1
4748;5;1
4749;6;1
4750;2;1
4751;3;1
4752;1;1
4753;0;1
4754;4;1
4755;0;1
4756;2;2
4757;0;2
4758;1;1
4759;6;1
4760;2;2
4761;12;1
4762;4;1
4763;4;1
4764;2;1
4765;2;1
4766;2;2
4767;1;2
4768;3;1
4769;0;1
4770;5;1
4771;0;1
4772;2;1
4773;0;1
4774;0;1
4775;2;2
4776;0;1
4777;1;1
4778;2;1
4779;2;1
4780;8;2
4781;0;1
4782;4;1
4783;7;2
4784;15;1
4785;13;1
4786;2;1
4787;0;1
4788;12;1
4789;6;1
4790;0;1
4791;0;1
4792;3;1
4793;0;1
4794;2;1
4795;2;1
4796;2;1
4797;2;1
4798;2;2
4799;0;1
4800;1;2
4801;0;1
4802;0;1
4803;0;1
4804;4;1
4805;0;1
4806;0;1
4807;0;1
4808;0;1
4809;3;2
4810;0;1
4811;0;1
4812;0;1
4813;11;1
4814;0;1
4815;0;1
4816;1;1
4817;1;2
4818;10;1
4819;10;1
4820;2;2
4821;4;2
4822;3;2
4823;0;1
4824;3;1
4825;0;1
4826;1;2
4827;11;2
4828;2;2
4829;5;1
4830;0;1
4831;2;2
4832;0;1
4833;3;2
4834;1;2
4835;3;1
4836;4;1
4837;1;1
4838;2;2
4839;3;1
4840;3;2
4841;2;1
4842;4;1
4843;7;1
4844;4;1
4845;4;1
4846;2;2
4847;3;2
4848;1;1
4849;2;2
4850;2;2
4851;1;1
4852;1;2
4853;2;2
4854;2;2
4855;2;1
4856;1;1
4857;8;1
4858;3;1
4859;2;1
4860;2;2
4861;3;2
4862;2;1
4863;0;2
4864;2;2
4865;0;1
4866;1;1
4867;1;1
4868;0;1
4869;0;1
4870;2;2
4871;4;2
4872;1;1
4873;1;1
4874;1;1
4875;0;1
4876;2;2
4877;2;1
4878;0;1
4879;0;2
4880;1;2
4881;4;2
4882;3;2
4883;2;2
4884;5;2
4885;0;1
4886;5;2
4887;2;2
4888;3;2
4889;5;2
4890;4;1
4891;6;2
4892;2;2
4893;0;2
4894;0;1
4895;3;2
4896;1;2
4897;5;2
4898;1;2
4899;1;2
4900;5;2
4901;0;2
4902;5;2
4903;5;2
4904;3;2
4905;0;2
4906;1;2
4907;1;1
4908;6;2
4909;0;1
4910;6;2
4911;1;1
4912;10;2
4913;4;2
4914;0;1
4915;2;2
4916;3;2
4917;5;2
4918;2;1
4919;5;2
4920;5;2
4921;4;2
4922;2;2
4923;3;2
4924;1;1
4925;2;2
4926;3;1
4927;2;2
4928;3;1
4929;2;2
4930;5;2
4931;3;2
4932;1;2
4933;3;1
4934;0;2
4935;2;2
4936;3;1
4937;1;2
4938;1;2
4939;4;2
4940;2;2
4941;3;2
4942;6;1
4943;1;1
4944;1;2
4945;1;2
4946;1;2
4947;2;2
4948;5;1
4949;2;2
4950;2;1
4951;2;2
4952;3;2
4953;3;2
4954;4;2
4955;0;2
4956;1;2
4957;2;1
4958;2;2
4959;5;1
4960;3;2
4961;3;2
4962;1;2
4963;6;2
4964;1;2
4965;2;1
4966;6;2
4967;2;2
4968;2;1
4969;3;2
4970;3;2
4971;5;2
4972;2;2
4973;3;2
4974;4;2
4975;1;2
4976;1;2
4977;4;2
4978;2;2
4979;3;1
4980;6;1
4981;0;2
4982;5;2
4983;5;2
4984;2;2
4985;5;1
4986;4;1
4987;3;1
4988;6;2
4989;4;2
4990;3;1
4991;2;1
4992;0;2
4993;5;1
4994;0;1
4995;3;2
4996;3;1
4997;3;2
4998;5;2
4999;2;1
5000;4;2
5001;4;1
5002;1;1
5003;1;1
5004;1;2
5005;2;2
5006;3;2
5007;3;2
5008;4;2
5009;3;1
5010;2;1
5011;3;2
5012;3;2
5013;5;1
5014;2;2
5015;3;1
5016;1;1
5017;4;1
5018;1;2
5019;1;2
5020;4;2
5021;2;2
5022;0;1
5023;2;1
5024;2;1
5025;0;2
5026;3;1
5027;3;2
5028;4;1
5029;6;1
5030;2;1
5031;2;1
5032;0;2
5033;5;2
5034;2;1
5035;4;2
5036;6;2
5037;4;1
5038;1;1
5039;1;2
5040;2;2
5041;5;2
5042;3;2
5043;8;1
5044;5;1
5045;3;1
5046;4;1
5047;2;2
5048;4;2
5049;1;2
5050;5;1
5051;4;1
5052;6;1
5053;4;1
5054;1;2
5055;4;2
5056;2;1
5057;2;1
5058;0;1
5059;4;2
5060;3;2
5061;3;1
5062;3;2
5063;3;2
5064;3;2
5065;3;2
5066;3;2
5067;2;1
5068;3;1
5069;2;2
5070;4;1
5071;7;1
5072;1;2
5073;2;1
5074;1;2
5075;4;1
5076;2;1
5077;2;1
5078;4;1
5079;2;2
5080;0;1
5081;2;2
5082;4;1
5083;3;1
5084;4;2
5085;4;2
5086;1;2
5087;4;1
5088;2;2
5089;5;2
5090;6;2
5091;2;1
5092;2;1
5093;2;1
5094;0;1
5095;0;2
5096;2;2
5097;6;1
5098;8;2
5099;4;1
5100;1;2
5101;3;2
5102;3;2
5103;0;2
5104;0;2
5105;4;2
5106;3;2
5107;5;2
5108;5;2
5109;0;1
5110;3;2
5111;4;2
5112;6;1
5113;3;2
5114;1;2
5115;3;1
5116;3;1
5117;3;1
5118;0;2
5119;4;2
5120;4;2
5121;1;1
5122;1;1
5123;5;2
5124;2;2
5125;6;2
5126;2;1
5127;2;2
5128;1;2
5129;4;2
5130;3;1
5131;5;1
5132;5;1
5133;1;1
5134;3;1
5135;1;1
5136;5;1
5137;2;1
5138;3;1
5139;6;1
5140;7;1
5141;2;1
5142;3;2
5143;1;2
5144;0;1
5145;3;1
5146;3;1
5147;3;1
5148;3;2
5149;4;2
5150;5;2
5151;4;1
5152;2;2
5153;3;2
5154;8;1
5155;2;1
5156;4;2
5157;5;2
5158;4;2
5159;3;1
5160;1;2
5161;3;2
5162;1;1
5163;5;1
5164;5;1
5165;4;1
5166;1;1
5167;0;1
5168;4;1
5169;0;1
5170;6;2
5171;1;1
5172;4;1
5173;6;2
5174;7;2
5175;3;2
5176;2;2
5177;2;2
5178;7;2
5179;0;1
5180;3;2
5181;2;2
5182;2;2
5183;3;1
5184;3;1
5185;3;1
5186;3;1
5187;6;1
5188;1;1
5189;3;1
5190;6;1
5191;3;1
5192;1;1
5193;1;1
5194;1;1
5195;4;1
5196;2;2
5197;1;1
5198;4;2
5199;1;2
5200;5;2
5201;3;2
5202;5;2
5203;4;2
5204;2;1
5205;3;2
5206;4;2
5207;2;2
5208;4;2
5209;4;1
5210;2;2
5211;2;2
5212;2;2
5213;1;2
5214;1;1
5215;2;1
5216;6;1
5217;6;1
5218;1;1
5219;0;1
5220;5;1
5221;0;1
5222;3;1
5223;2;1
5224;3;1
5225;3;1
5226;4;1
5227;1;1
5228;1;1
5229;2;2
5230;3;2
5231;2;2
5232;4;1
5233;0;1
5234;5;1
5235;3;2
5236;6;2
5237;4;1
5238;3;2
5239;3;1
5240;4;1
5241;3;2
5242;2;1
5243;1;2
5244;1;1
5245;4;1
5246;4;1
5247;3;1
5248;8;2
5249;0;2
5250;1;2
5251;6;2
5252;3;1
5253;1;2
5254;2;1
5255;1;2
5256;3;1
5257;0;2
5258;4;2
5259;3;2
5260;9;2
5261;3;1
5262;3;2
5263;1;2
5264;3;2
5265;2;2
5266;4;2
5267;4;2
5268;4;2
5269;4;1
5270;4;2
5271;6;1
5272;0;2
5273;2;1
5274;7;2
5275;1;1
5276;2;2
5277;1;2
5278;3;1
5279;3;1
5280;0;1
5281;2;1
5282;3;2
5283;7;2
5284;3;2
5285;6;2
5286;6;2
5287;0;1
5288;3;1
5289;5;2
5290;1;1
5291;0;2
5292;2;2
5293;0;2
5294;6;2
5295;0;2
5296;2;1
5297;1;2
5298;3;1
5299;1;2
5300;5;2
5301;5;2
5302;0;2
5303;2;2
5304;3;2
5305;0;2
5306;3;2
5307;3;2
5308;5;2
5309;1;2
5310;9;2
5311;3;2
5312;5;2
5313;2;1
5314;8;2
5315;3;2
5316;1;2
5317;2;2
5318;0;2
5319;6;2
5320;2;2
5321;0;2
5322;0;1
5323;3;1
5324;5;1
5325;2;2
5326;2;2
5327;3;2
5328;6;2
5329;5;2
5330;3;2
5331;1;2
5332;2;2
5333;0;2
5334;4;2
5335;2;1
5336;8;2
5337;2;2
5338;6;2
5339;2;2
5340;3;2
5341;4;2
5342;3;2
5343;7;2
5344;0;1
5345;1;1
5346;6;1
5347;1;1
5348;6;1
5349;2;1
5350;0;1
5351;7;2
5352;1;1
5353;3;1
5354;3;2
5355;1;1
5356;5;1
5357;1;1
5358;4;1
5359;0;2
5360;5;1
5361;5;1
5362;1;1
5363;1;1
5364;0;1
5365;6;1
5366;4;1
5367;7;2
5368;2;2
5369;6;2
5370;6;2
5371;5;2
5372;4;2
5373;4;1
5374;3;2
5375;3;2
5376;3;2
5377;2;1
5378;0;2
5379;4;1
5380;6;1
5381;5;1
5382;4;1
5383;4;2
5384;0;1
5385;1;1
5386;3;1
5387;3;2
5388;3;1
5389;2;1
5390;6;2
5391;5;2
5392;4;2
5393;4;2
5394;4;2
5395;6;2
5396;4;1
5397;8;1
5398;2;2
5399;4;2
5400;2;1
5401;4;1
5402;3;2
5403;6;1
5404;3;1
5405;4;1
5406;6;1
5407;2;1
5408;2;1
5409;3;1
5410;4;1
5411;2;1
5412;5;1
5413;4;1
5414;4;1
5415;3;1
5416;1;1
5417;3;1
5418;0;1
5419;2;1
5420;2;1
5421;3;1
5422;3;1
5423;0;1
5424;3;2
5425;4;1
5426;1;1
5427;0;1
5428;4;2
5429;3;2
5430;4;2
5431;3;2
5432;1;1
5433;2;2
5434;5;2
5435;5;2
5436;4;1
5437;2;1
5438;3;2
5439;4;2
5440;5;2
5441;2;1
5442;2;1
5443;7;1
5444;7;1
5445;1;1
5446;1;1
5447;1;1
5448;3;2
5449;0;1
5450;4;1
5451;5;2
5452;7;2
5453;7;2
5454;4;2
5455;5;1
5456;2;1
5457;1;1
5458;1;1
5459;0;1
5460;0;1
5461;6;1
5462;8;2
5463;3;1
5464;1;2
5465;5;2
5466;4;1
5467;7;1
5468;4;2
5469;3;1
5470;1;2
5471;9;1
5472;7;2
5473;3;1
5474;3;1
5475;2;1
5476;8;2
5477;1;1
5478;8;2
5479;0;2
5480;0;1
5481;6;2
5482;4;1
5483;5;1
5484;1;1
5485;2;1
5486;5;2
5487;5;1
5488;4;1
5489;1;1
5490;8;1
5491;2;2
5492;3;2
5493;4;1
5494;4;1
5495;5;2
5496;4;2
5497;5;2
5498;3;1
5499;0;1
5500;4;2
5501;4;2
5502;0;1
5503;0;1
5504;0;1
5505;2;2
5506;1;2
5507;2;1
5508;3;1
5509;3;1
5510;6;2
5511;4;1
5512;3;2
5513;3;2
5514;3;2
5515;2;2
5516;3;2
5517;3;2
5518;0;2
5519;3;2
5520;1;2
5521;5;2
5522;6;2
5523;0;2
5524;4;1
5525;3;2
5526;3;1
5527;3;2
5528;3;2
5529;6;2
5530;3;2
5531;4;2
5532;1;2
5533;3;2
5534;6;2
5535;3;2
5536;2;1
5537;4;2
5538;1;2
5539;3;2
5540;2;1
5541;2;1
5542;5;1
5543;3;1
5544;5;2
5545;4;1
5546;5;1
5547;2;2
5548;1;1
5549;2;2
5550;0;2
5551;6;2
5552;4;2
5553;7;1
5554;4;2
5555;4;2
5556;1;1
5557;4;2
5558;5;2
5559;6;2
5560;2;1
5561;4;2
5562;3;2
5563;6;2
5564;4;2
5565;4;2
5566;0;1
5567;2;1
5568;2;1
5569;2;1
5570;3;2
5571;3;2
5572;4;2
5573;2;2
5574;4;2
5575;2;2
5576;2;2
5577;4;2
5578;4;2
5579;1;2
5580;2;2
5581;2;1
5582;2;2
5583;3;1
5584;3;1
5585;5;2
5586;4;1
5587;3;1
5588;0;1
5589;4;1
5590;4;1
5591;6;1
5592;4;2
5593;4;2
5594;3;2
5595;1;2
5596;3;2
5597;1;1
5598;3;1
5599;9;1
5600;2;1
5601;3;1
5602;2;2
5603;4;2
5604;6;2
5605;4;2
5606;5;2
5607;4;1
5608;2;2
5609;3;1
5610;4;2
5611;3;1
5612;5;1
5613;4;2
5614;3;2
5615;3;2
5616;4;2
5617;2;2
5618;2;2
5619;0;1
5620;3;1
5621;6;2
5622;1;2
5623;1;1
5624;1;2
5625;2;2
5626;1;2
5627;1;1
5628;2;2
5629;2;2
5630;4;1
5631;2;1
5632;2;1
5633;3;1
5634;2;1
5635;1;1
5636;1;2
5637;0;2
5638;3;2
5639;3;2
5640;5;2
5641;3;1
5642;2;2
5643;0;1
5644;3;2
5645;7;2
5646;0;2
5647;1;2
5648;2;2
5649;0;1
5650;2;2
5651;5;2
5652;0;1
5653;0;2
5654;4;2
5655;3;1
5656;4;2
5657;3;2
5658;4;2
5659;3;2
5660;3;1
5661;3;1
5662;3;1
5663;5;2
5664;1;1
5665;3;2
5666;2;2
5667;3;2
5668;3;2
5669;1;1
5670;6;2
5671;3;2
5672;3;2
5673;6;1
5674;7;1
5675;3;1
5676;3;2
5677;1;2
5678;3;2
5679;2;1
5680;1;1
5681;4;1
5682;3;2
5683;3;2
5684;6;2
5685;2;2
5686;5;2
5687;5;2
5688;2;1
5689;3;1
5690;5;2
5691;0;2
5692;3;1
5693;1;2
5694;3;1
5695;5;2
5696;1;1
5697;2;2
5698;9;2
5699;0;2
5700;5;2
5701;1;1
5702;4;2
5703;5;1
5704;3;1
5705;5;2
5706;4;2
5707;5;1
5708;4;2
5709;7;2
5710;3;2
5711;5;2
5712;6;2
5713;6;2
5714;6;2
5715;0;2
5716;4;1
5717;1;1
5718;6;1
5719;2;2
5720;2;2
5721;1;2
5722;5;2
5723;5;1
5724;6;1
5725;7;2
5726;8;2
5727;6;1
5728;4;1
5729;0;1
5730;4;1
5731;1;1
5732;1;1
5733;0;1
5734;1;1
5735;3;1
5736;10;1
5737;0;1
5738;2;2
5739;4;2
5740;2;1
5741;3;2
5742;5;2
5743;3;2
5744;3;1
5745;3;2
5746;3;2
5747;2;2
5748;3;2
5749;2;2
5750;5;1
5751;7;2
5752;5;2
5753;1;1
5754;4;1
5755;3;1
5756;0;1
5757;3;2
5758;4;2
5759;2;2
5760;6;2
5761;6;2
5762;5;1
5763;4;2
5764;7;2
5765;1;2
5766;2;2
5767;2;2
5768;5;1
5769;5;2
5770;2;2
5771;3;1
5772;2;1
5773;1;2
5774;5;2
5775;1;2
5776;3;2
5777;2;2
5778;7;2
5779;2;2
5780;4;2
5781;1;2
5782;0;2
5783;0;2
5784;4;1
5785;2;2
5786;2;2
5787;1;1
5788;3;2
5789;0;2
5790;4;2
5791;4;1
5792;0;1
5793;3;2
5794;3;1
5795;5;1
5796;7;1
5797;1;2
5798;8;1
5799;1;1
5800;4;2
5801;4;2
5802;3;2
5803;1;1
5804;3;1
5805;0;1
5806;7;1
5807;7;1
5808;1;2
5809;1;2
5810;3;1
5811;4;1
5812;0;2
5813;0;1
5814;2;1
5815;6;2
5816;3;1
5817;2;1
5818;1;1
5819;2;1
5820;4;1
5821;0;2
5822;7;1
5823;1;2
5824;2;1
5825;4;2
5826;2;2
5827;1;2
5828;4;1
5829;2;2
5830;1;1
5831;7;2
5832;3;2
5833;1;2
5834;0;2
5835;2;2
5836;1;1
5837;2;2
5838;3;2
5839;1;2
5840;2;1
5841;4;2
5842;4;1
5843;2;1
5844;3;1
5845;1;2
5846;4;2
5847;3;1
5848;3;2
5849;4;2
5850;0;1
5851;3;1
5852;3;1
5853;2;1
5854;3;2
5855;6;2
5856;1;2
5857;3;1
5858;3;2
5859;1;1
5860;5;2
5861;4;1
5862;1;1
5863;5;1
5864;1;1
5865;4;2
5866;4;1
5867;4;1
5868;1;1
5869;1;2
5870;3;2
5871;2;1
5872;1;2
5873;5;2
5874;3;1
5875;2;1
5876;2;1
5877;5;1
5878;4;2
5879;4;2
5880;3;1
5881;4;2
5882;3;2
5883;6;2
5884;1;2
5885;3;2
5886;3;1
5887;1;2
5888;4;2
5889;3;2
5890;3;2
5891;3;1
5892;6;1
5893;4;2
5894;2;2
5895;2;2
5896;3;2
5897;0;2
5898;1;2
5899;1;2
5900;2;1
5901;6;1
5902;2;1
5903;3;1
5904;5;1
5905;6;2
5906;5;1
5907;5;2
5908;3;1
5909;2;2
5910;3;1
5911;4;1
5912;3;1
5913;3;2
5914;4;1
5915;3;1
5916;1;1
5917;4;1
5918;3;1
5919;5;2
5920;2;1
5921;2;1
5922;4;1
5923;2;1
5924;6;2
5925;2;2
5926;4;2
5927;7;1
5928;1;1
5929;3;1
5930;4;1
5931;3;1
5932;4;1
5933;1;1
5934;5;2
5935;5;2
5936;1;1
5937;1;2
5938;5;1
5939;2;2
5940;0;1
5941;4;2
5942;3;2
5943;5;1
5944;0;1
5945;1;1
5946;1;1
5947;3;2
5948;1;2
5949;1;1
5950;2;1
5951;3;2
5952;3;1
5953;5;1
5954;5;1
5955;2;1
5956;3;1
5957;4;2
5958;4;2
5959;3;1
5960;1;2
5961;0;2
5962;1;1
5963;3;1
5964;5;1
5965;3;1
5966;3;1
5967;2;1
5968;3;1
5969;4;2
5970;3;1
5971;6;2
5972;1;2
5973;1;2
5974;1;2
5975;3;1
5976;1;2
5977;3;1
5978;3;1
5979;6;2
5980;6;2
5981;7;2
5982;7;2
5983;2;1
5984;3;1
5985;4;2
5986;2;1
5987;0;2
5988;2;1
5989;4;2
5990;3;1
5991;1;1
5992;2;1
5993;2;1
5994;4;2
5995;3;2
5996;3;1
5997;2;1
5998;2;1
5999;3;1
6000;1;1
6001;0;2
6002;1;2
6003;2;2
6004;4;2
6005;3;2
6006;6;1
6007;3;2
6008;3;2
6009;3;2
6010;6;2
6011;1;2
6012;4;1
6013;3;2
6014;3;2
6015;2;1
6016;3;1
6017;2;2
6018;1;1
6019;1;1
6020;1;1
6021;3;2
6022;0;2
6023;4;1
6024;3;1
6025;5;1
6026;3;1
6027;3;1
6028;3;1
6029;5;1
6030;5;1
6031;2;1
6032;3;1
6033;5;2
6034;5;2
6035;2;1
6036;3;2
6037;2;2
6038;1;1
6039;0;2
6040;4;1
6041;3;1
6042;3;1
6043;3;1
6044;6;1
6045;4;1
6046;4;1
6047;4;1
6048;2;1
6049;3;1
6050;1;1
6051;1;1
6052;2;1
6053;2;1
6054;0;1
6055;2;1
6056;2;2
6057;2;2
6058;2;2
6059;4;2
6060;3;2
6061;4;2
6062;4;2
6063;3;1
6064;0;1
6065;4;1
6066;3;1
6067;6;1
6068;5;1
6069;0;1
6070;0;2
6071;4;2
6072;4;2
6073;4;2
6074;3;2
6075;1;1
6076;3;1
6077;4;2
6078;4;2
6079;5;1
6080;2;1
6081;3;2
6082;5;2
6083;1;1
6084;1;2
6085;2;2
6086;3;1
6087;3;1
6088;5;1
6089;3;2
6090;3;2
6091;3;1
6092;0;2
6093;3;1
6094;4;1
6095;3;1
6096;2;2
6097;3;1
6098;3;1
6099;5;1
6100;3;2
6101;3;2
6102;2;1
6103;6;2
6104;5;2
6105;4;2
6106;3;2
6107;2;1
6108;2;1
6109;2;1
6110;5;1
6111;4;1
6112;4;1
6113;1;1
6114;1;1
6115;6;1
6116;2;1
6117;2;2
6118;2;2
6119;3;1
6120;0;1
6121;2;1
6122;0;2
6123;3;1
6124;3;1
6125;3;2
6126;3;1
6127;3;1
6128;6;1
6129;3;1
6130;2;1
6131;2;1
6132;2;2
6133;3;2
6134;2;1
6135;3;1
6136;6;2
6137;3;1
6138;2;2
6139;2;2
6140;5;2
6141;3;1
6142;4;1
6143;8;1
6144;2;1
6145;2;2
6146;2;1
6147;2;2
6148;3;2
6149;3;2
6150;3;2
6151;2;2
6152;5;1
6153;6;1
6154;5;1
6155;3;2
6156;4;1
6157;1;1
6158;1;1
6159;2;2
6160;2;2
6161;3;1
6162;2;2
6163;2;2
6164;1;1
6165;1;1
6166;1;1
6167;1;1
6168;3;1
6169;4;2
6170;3;2
6171;3;2
6172;5;1
6173;2;1
6174;1;1
6175;3;1
6176;3;1
6177;2;1
6178;5;1
6179;3;2
6180;4;2
6181;4;1
6182;2;1
6183;0;1
6184;1;1
6185;1;1
6186;7;2
6187;6;1
6188;5;2
6189;0;2
6190;4;2
6191;3;2
6192;1;2
6193;1;2
6194;2;1
6195;3;1
6196;4;1
6197;4;1
6198;3;1
6199;2;1
6200;2;1
6201;3;1
6202;3;2
6203;3;2
6204;3;1
6205;2;1
6206;2;1
6207;2;1
6208;2;1
6209;3;1
6210;6;1
6211;5;1
6212;2;2
6213;1;2
6214;4;2
6215;4;2
6216;0;2
6217;3;2
6218;6;2
6219;1;1
6220;2;1
6221;4;2
6222;4;2
6223;4;1
6224;1;1
6225;4;2
6226;1;1
6227;6;2
6228;1;1
6229;5;2
6230;2;1
6231;6;2
6232;3;1
6233;2;2
6234;2;1
6235;3;1
6236;2;1
6237;3;2
6238;1;1
6239;9;2
6240;5;2
6241;3;2
6242;0;2
6243;1;1
6244;1;1
6245;1;1
6246;10;2
6247;0;2
6248;3;1
6249;3;1
6250;3;1
6251;3;1
6252;2;1
6253;2;1
6254;4;1
6255;0;1
6256;4;1
6257;6;2
6258;5;2
6259;0;1
6260;4;2
6261;2;1
6262;4;1
6263;0;1
6264;4;2
6265;3;2
6266;6;2
6267;3;1
6268;2;1
6269;3;2
6270;3;2
6271;3;1
6272;3;1
6273;4;2
6274;4;2
6275;4;2
6276;0;2
6277;0;2
6278;3;2
6279;2;2
6280;4;2
6281;3;2
6282;4;2
6283;6;2
6284;1;2
6285;0;2
6286;5;2
6287;2;2
6288;4;2
6289;4;2
6290;1;2
6291;0;1
6292;4;1
6293;4;1
6294;1;1
6295;1;1
6296;0;1
6297;2;2
6298;2;2
6299;5;1
6300;2;2
6301;2;2
6302;5;2
6303;3;2
6304;8;1
6305;1;1
6306;3;2
6307;1;1
6308;9;2
6309;3;2
6310;6;1
6311;2;2
6312;7;2
6313;6;1
6314;1;1
6315;0;1
6316;5;1
6317;4;1
6318;2;2
6319;5;1
6320;2;1
6321;2;1
6322;2;1
6323;2;1
6324;4;1
6325;6;2
6326;6;2
6327;3;1
6328;7;2
6329;4;1
6330;4;2
6331;3;1
6332;0;2
6333;3;2
6334;0;1
6335;2;1
6336;1;2
6337;5;2
6338;1;2
6339;6;2
6340;4;2
6341;3;1
6342;3;2
6343;2;2
6344;2;1
6345;1;2
6346;0;2
6347;3;2
6348;2;1
6349;5;2
6350;3;2
6351;1;2
6352;3;2
6353;2;2
6354;2;1
6355;1;2
6356;3;2
6357;4;2
6358;3;2
6359;3;2
6360;2;1
6361;2;2
6362;3;1
6363;3;1
6364;3;2
6365;4;2
6366;4;2
6367;5;2
6368;2;1
6369;2;2
6370;1;2
6371;2;2
6372;3;2
6373;3;1
6374;1;2
6375;3;2
6376;3;2
6377;1;1
6378;3;1
6379;1;1
6380;2;2
6381;3;2
6382;4;2
6383;4;2
6384;4;2
6385;0;2
6386;4;2
6387;4;1
6388;3;1
6389;3;1
6390;2;2
6391;5;2
6392;5;2
6393;0;2
6394;4;1
6395;5;2
6396;7;2
6397;0;2
6398;3;2
6399;7;2
6400;1;2
6401;4;2
6402;2;2
6403;3;2
6404;2;2
6405;1;1
6406;2;1
6407;4;1
6408;1;2
6409;2;2
6410;4;2
6411;0;1
6412;4;2
6413;2;2
6414;4;2
6415;6;1
6416;5;2
6417;4;2
6418;3;2
6419;4;2
6420;1;2
6421;4;2
6422;4;2
6423;5;2
6424;2;2
6425;0;2
6426;1;2
6427;4;2
6428;6;2
6429;2;2
6430;4;2
6431;3;1
6432;2;2
6433;4;2
6434;0;1
6435;4;2
6436;3;1
6437;3;2
6438;3;2
6439;2;2
6440;4;2
6441;2;2
6442;3;2
6443;1;2
6444;5;2
6445;3;1
6446;4;2
6447;6;2
6448;3;2
6449;5;2
6450;5;2
6451;3;2
6452;4;2
6453;2;1
6454;5;2
6455;0;2
6456;0;2
6457;2;2
6458;6;2
6459;2;1
6460;4;2
6461;4;2
6462;5;2
6463;2;1
6464;3;2
6465;5;2
6466;3;2
6467;1;1
6468;6;2
6469;4;2
6470;1;2
6471;2;2
6472;5;2
6473;5;1
6474;2;2
6475;0;2
6476;3;2
6477;4;2
6478;3;1
6479;4;2
6480;5;1
6481;5;2
6482;6;1
6483;6;2
6484;2;2
6485;3;2
6486;6;2
6487;2;2
6488;3;2
6489;4;2
6490;2;2
6491;0;1
6492;3;1
6493;4;2
6494;5;2
6495;0;2
6496;3;2
6497;4;2
6498;1;2
6499;2;2
6500;5;2
6501;3;2
6502;3;2
6503;5;2
6504;4;2
6505;6;2
6506;5;1
6507;3;1
6508;6;2
6509;2;2
6510;4;2
6511;3;2
6512;5;2
6513;3;2
6514;3;2
6515;5;2
6516;4;2
6517;3;2
6518;2;2
6519;2;1
6520;1;1
6521;1;1
6522;5;1
6523;1;2
6524;1;2
6525;1;1
6526;0;1
6527;5;1
6528;0;1
6529;4;2
6530;4;2
6531;6;2
6532;3;2
6533;3;2
6534;5;1
6535;4;2
6536;2;1
6537;2;1
6538;3;2
6539;3;2
6540;3;2
6541;0;2
6542;2;1
6543;2;1
6544;2;2
6545;4;2
6546;5;2
6547;5;2
6548;5;2
6549;3;2
6550;3;2
6551;7;2
6552;2;2
6553;1;2
6554;2;2
6555;3;1
6556;7;2
6557;2;1
6558;1;2
6559;3;2
6560;0;2
6561;2;2
6562;5;2
6563;3;2
6564;4;2
6565;1;2
6566;0;2
6567;3;2
6568;4;2
6569;0;1
6570;3;2
6571;6;2
6572;4;2
6573;3;2
6574;0;2
6575;3;2
6576;3;2
6577;3;2
6578;2;2
6579;3;1
6580;3;2
6581;4;1
6582;4;1
6583;3;1
6584;2;2
6585;7;2
6586;1;2
6587;0;2
6588;1;1
6589;2;1
6590;3;1
6591;1;2
6592;2;1
6593;5;1
6594;4;1
6595;0;2
6596;1;1
6597;3;2
6598;0;2
6599;3;2
6600;4;2
6601;1;2
6602;2;2
6603;1;1
6604;0;2
6605;3;2
6606;4;2
6607;4;2
6608;0;2
6609;2;2
6610;1;2
6611;6;2
6612;5;2
6613;0;2
6614;1;1
6615;2;1
6616;4;1
6617;1;1
6618;5;2
6619;2;2
6620;3;2
6621;1;2
6622;2;2
6623;0;2
6624;1;2
6625;4;2
6626;1;2
6627;2;1
6628;5;2
6629;3;2
6630;2;2
6631;4;1
6632;5;2
6633;2;1
6634;3;1
6635;4;2
6636;5;2
6637;2;1
6638;2;1
6639;2;1
6640;1;2
6641;0;2
6642;5;2
6643;3;2
6644;4;2
6645;2;2
6646;7;1
6647;6;2
6648;0;2
6649;7;2
6650;2;2
6651;4;2
6652;5;1
6653;4;2
6654;2;2
6655;2;2
6656;4;2
6657;3;1
6658;6;2
6659;3;1
6660;5;1
6661;5;1
6662;1;2
6663;3;2
6664;2;2
6665;0;1
6666;1;2
6667;5;2
6668;4;2
6669;2;2
6670;3;2
6671;2;1
6672;3;1
6673;3;2
6674;2;2
6675;3;1
6676;3;2
6677;3;2
6678;1;2
6679;8;2
6680;0;2
6681;4;2
6682;1;2
6683;1;2
6684;4;2
6685;0;1
6686;4;2
6687;2;1
6688;6;2
6689;1;1
6690;3;1
6691;4;1
6692;2;1
6693;5;1
6694;5;1
6695;6;2
6696;1;1
6697;1;2
6698;0;2
6699;1;2
6700;2;2
6701;2;1
6702;3;2
6703;1;2
6704;8;1
6705;2;1
6706;3;2
6707;4;2
6708;5;2
6709;4;1
6710;5;2
6711;0;1
6712;3;2
6713;3;2
6714;2;1
6715;4;1
6716;1;1
6717;2;2
6718;3;2
6719;4;2
6720;0;2
6721;6;2
6722;2;2
6723;1;2
6724;3;2
6725;3;1
6726;4;2
6727;4;2
6728;3;2
6729;4;1
6730;1;2
6731;6;2
6732;5;1
6733;3;2
6734;4;2
6735;1;2
6736;4;2
6737;6;2
6738;2;1
6739;3;2
6740;1;2
6741;1;1
6742;3;2
6743;1;2
6744;5;2
6745;5;1
6746;0;1
6747;5;2
6748;3;1
6749;4;2
6750;2;2
6751;5;2
6752;2;2
6753;3;2
6754;2;2
6755;2;2
6756;0;1
6757;2;2
6758;3;2
6759;0;2
6760;9;1
6761;2;1
6762;1;1
6763;1;2
6764;3;1
6765;1;2
6766;6;2
6767;3;2
6768;4;2
6769;4;2
6770;1;2
6771;2;1
6772;2;2
6773;3;1
6774;3;1
6775;6;2
6776;3;1
6777;5;2
6778;2;2
6779;1;2
6780;5;2
6781;3;2
6782;3;2
6783;2;1
6784;4;1
6785;1;2
6786;3;2
6787;4;2
6788;3;2
6789;3;2
6790;6;2
6791;4;2
6792;4;2
6793;3;2
6794;3;2
6795;3;2
6796;5;2
6797;0;2
6798;0;1
6799;0;2
6800;1;1
6801;3;1
6802;2;2
6803;1;2
6804;7;2
6805;0;2
6806;0;2
6807;3;1
6808;0;2
6809;7;1
6810;6;2
6811;0;2
6812;1;2
6813;1;2
6814;4;2
6815;1;2
6816;2;2
6817;1;2
6818;4;2
6819;0;2
6820;0;2
6821;0;1
6822;1;1
6823;8;1
6824;6;1
6825;6;1
6826;4;2
6827;5;1
6828;0;1
6829;0;1
6830;8;1
6831;5;2
6832;1;1
6833;1;2
6834;5;1
6835;2;1
6836;5;2
6837;7;1
6838;1;2
6839;6;1
6840;0;1
6841;5;2
6842;4;1
6843;5;2
6844;2;1
6845;1;1
6846;3;1
6847;1;1
6848;4;2
6849;10;1
6850;3;2
6851;8;2
6852;4;1
6853;5;1
6854;2;1
6855;9;1
6856;3;1
6857;5;1
6858;3;1
6859;7;1
6860;5;2
6861;0;1
6862;1;1
6863;2;2
6864;1;2
6865;2;2
6866;4;2
6867;11;1
6868;0;1
6869;1;1
6870;0;1
6871;3;1
6872;5;1
6873;7;1
6874;10;1
6875;4;1
6876;4;1
6877;1;1
6878;9;1
6879;7;2
6880;2;2
6881;5;1
6882;0;1
6883;6;2
6884;5;1
6885;5;1
6886;3;2
6887;3;1
6888;0;1
6889;3;1
6890;1;2
6891;0;1
6892;3;2
6893;2;2
6894;2;2
6895;2;2
6896;4;2
6897;2;2
6898;1;2
6899;2;1
6900;4;1
6901;3;1
6902;1;1
6903;1;2
6904;5;1
6905;2;2
6906;11;1
6907;4;1
6908;5;1
6909;1;1
6910;3;2
6911;3;2
6912;2;2
6913;8;1
6914;10;1
6915;2;1
6916;7;1
6917;9;1
6918;8;1
6919;2;2
6920;2;1
6921;4;1
6922;5;1
6923;0;1
6924;1;2
6925;3;1
6926;5;2
6927;7;1
6928;4;1
6929;2;1
6930;10;1
6931;3;1
6932;5;1
6933;2;1
6934;2;2
6935;1;1
6936;8;1
6937;1;1
6938;3;1
6939;2;1
6940;4;1
6941;3;1
6942;3;1
6943;1;1
6944;2;1
6945;1;2
6946;1;1
6947;1;1
6948;4;1
6949;4;1
6950;2;1
6951;8;1
6952;7;1
6953;6;1
6954;4;1
6955;11;1
6956;14;1
6957;11;1
6958;0;1
6959;2;1
6960;6;1
6961;2;1
6962;2;1
6963;8;1
6964;2;2
6965;0;1
6966;7;1
6967;1;1
6968;1;1
6969;8;1
6970;2;1
6971;4;1
6972;4;1
6973;1;2
6974;3;1
6975;3;2
6976;0;1
6977;0;1
6978;5;1
6979;1;1
6980;1;1
6981;0;1
6982;1;1
6983;6;1
6984;1;1
6985;2;1
6986;0;1
6987;2;1
6988;7;1
6989;1;2
6990;7;1
6991;0;1
6992;10;1
6993;3;2
6994;0;1
6995;6;1
6996;4;1
6997;6;1
6998;9;1
6999;8;1
7000;0;1
7001;6;1
7002;6;1
7003;0;1
7004;0;2
7005;5;2
7006;2;1
7007;2;2
7008;4;1
7009;1;1
7010;1;1
7011;2;1
7012;7;1
7013;0;1
7014;0;1
7015;0;1
7016;0;1
7017;0;1
7018;0;1
7019;7;1
7020;0;1
7021;1;1
7022;0;1
7023;0;1
7024;0;1
7025;0;1
7026;0;1
7027;6;1
7028;0;1
7029;4;1
7030;5;1
7031;0;1
7032;3;2
7033;2;1
7034;1;1
7035;3;1
7036;3;2
7037;0;1
7038;0;1
7039;0;2
7040;4;1
7041;7;1
7042;20;1
7043;0;1
7044;2;1
7045;5;1
7046;3;1
7047;1;1
7048;0;1
7049;0;1
7050;6;1
7051;0;1
7052;0;1
7053;1;1
7054;5;2
7055;1;2
7056;2;1
7057;0;1
7058;6;1
7059;2;1
7060;2;2
7061;0;1
7062;0;1
7063;0;1
7064;0;1
7065;5;1
7066;9;1
7067;27;1
7068;8;1
7069;26;1
7070;5;1
7071;1;1
7072;0;1
7073;6;1
7074;24;1
7075;10;1
7076;2;1
7077;18;1
7078;4;1
7079;0;1
7080;0;1
7081;2;1
7082;16;1
7083;0;1
7084;0;1
7085;4;1
7086;0;1
7087;6;1
7088;0;1
7089;2;1
7090;8;1
7091;0;1
7092;0;1
7093;6;1
7094;0;1
7095;0;1
7096;4;1
7097;1;1
7098;7;1
7099;0;1
7100;0;1
7101;0;1
7102;1;2
7103;0;1
7104;4;1
7105;10;1
7106;5;1
7107;6;1
7108;5;1
7109;6;2
7110;2;1
7111;9;1
7112;7;1
7113;0;1
7114;0;1
7115;0;1
7116;6;1
7117;0;1
7118;6;1
7119;3;1
7120;1;1
7121;0;1
7122;4;1
7123;0;1
7124;0;1
7125;0;1
7126;2;1
7127;0;1
7128;2;2
7129;0;1
7130;1;1
7131;0;1
7132;1;1
7133;0;1
7134;9;1
7135;0;1
7136;4;1
7137;1;2
7138;0;1
7139;0;1
7140;9;1
7141;0;1
7142;6;1
7143;0;1
7144;0;1
7145;2;1
7146;0;1
7147;0;1
7148;0;1
7149;5;1
7150;0;1
7151;1;2
7152;0;1
7153;6;2
7154;2;1
7155;4;1
7156;4;1
7157;3;1
7158;0;1
7159;0;1
7160;4;1
7161;3;1
7162;2;2
7163;3;1
7164;0;1
7165;0;1
7166;1;2
7167;1;1
7168;0;1
7169;1;2
7170;8;1
7171;0;1
7172;0;1
7173;3;1
7174;2;2
7175;1;2
7176;0;1
7177;0;1
7178;0;1
7179;2;1
7180;3;1
7181;1;2
7182;2;2
7183;5;1
7184;3;1
7185;3;2
7186;2;1
7187;0;1
7188;1;1
7189;0;1
7190;0;1
7191;0;1
7192;0;1
7193;3;1
7194;5;1
7195;1;1
7196;0;1
7197;0;1
7198;2;1
7199;4;1
7200;0;1
7201;2;2
7202;2;2
7203;6;1
7204;4;1
7205;1;1
7206;6;2
7207;3;2
7208;0;1
7209;1;1
7210;1;1
7211;3;1
7212;1;2
7213;5;1
7214;9;1
7215;1;2
7216;3;2
7217;1;1
7218;0;1
7219;0;1
7220;0;1
7221;4;2
7222;3;1
7223;0;2
7224;3;1
7225;0;1
7226;2;2
7227;3;2
7228;3;1
7229;4;2
7230;3;1
7231;1;1
7232;0;1
7233;0;1
7234;6;2
7235;3;1
7236;0;1
7237;5;2
7238;4;1
7239;0;1
7240;0;1
7241;9;1
7242;3;1
7243;8;1
7244;3;1
7245;3;1
7246;4;1
7247;6;1
7248;1;1
7249;0;1
7250;1;2
7251;0;1
7252;0;1
7253;1;1
7254;3;2
7255;10;1
7256;3;1
7257;4;1
7258;3;2
7259;8;1
7260;2;1
7261;5;1
7262;3;2
7263;3;1
7264;2;2
7265;2;1
7266;3;2
7267;2;1
7268;4;2
7269;3;2
7270;4;1
7271;0;1
7272;6;1
7273;1;2
7274;5;2
7275;12;1
7276;0;1
7277;5;1
7278;3;1
7279;0;1
7280;0;1
7281;3;1
7282;0;1
7283;2;2
7284;5;1
7285;0;1
7286;3;2
7287;2;1
7288;3;2
7289;2;2
7290;11;1
7291;7;1
7292;11;1
7293;4;1
7294;3;1
7295;1;2
7296;2;2
7297;0;1
7298;8;1
7299;7;1
7300;2;1
7301;3;1
7302;15;1
7303;0;1
7304;9;1
7305;3;1
7306;0;1
7307;5;1
7308;2;1
7309;0;1
7310;2;2
7311;8;1
7312;3;2
7313;2;2
7314;3;1
7315;3;1
7316;5;1
7317;0;1
7318;4;1
7319;2;1
7320;2;1
7321;3;2
7322;0;2
7323;3;2
7324;0;1
7325;2;1
7326;4;1
7327;0;1
7328;7;1
7329;8;2
7330;0;1
7331;0;1
7332;1;1
7333;3;1
7334;1;1
7335;5;1
7336;4;1
7337;1;2
7338;3;1
7339;1;1
7340;5;1
7341;6;2
7342;3;2
7343;6;1
7344;1;1
7345;2;1
7346;2;2
7347;4;1
7348;9;1
7349;1;2
7350;6;1
7351;0;1
7352;1;1
7353;6;1
7354;3;1
7355;11;1
7356;1;1
7357;0;1
7358;1;1
7359;10;1
7360;3;1
7361;2;1
7362;3;1
7363;2;1
7364;0;1
7365;4;1
7366;1;2
7367;2;1
7368;3;2
7369;13;1
7370;4;1
7371;0;1
7372;5;2
7373;4;1
7374;2;1
7375;3;1
7376;0;1
7377;2;1
7378;10;1
7379;2;1
7380;0;1
7381;17;1
7382;0;1
7383;1;1
7384;0;1
7385;5;1
7386;0;1
7387;5;1
7388;0;1
7389;0;1
7390;2;1
7391;17;1
7392;7;1
7393;3;1
7394;9;1
7395;5;1
7396;10;1
7397;13;1
7398;3;1
7399;12;1
7400;0;1
7401;1;1
7402;8;1
7403;0;1
7404;0;1
7405;0;1
7406;0;1
7407;3;1
7408;12;1
7409;0;1
7410;3;1
7411;4;2
7412;6;1
7413;4;1
7414;0;1
7415;3;1
7416;0;1
7417;3;1
7418;1;1
7419;0;1
7420;3;1
7421;8;1
7422;1;1
7423;0;1
7424;2;1
7425;1;1
7426;5;1
7427;3;1
7428;4;2
7429;0;1
7430;0;1
7431;1;2
7432;8;1
7433;7;1
7434;5;1
7435;1;1
7436;5;1
7437;1;1
7438;3;1
7439;0;1
7440;0;1
7441;1;1
7442;6;1
7443;4;1
7444;7;1
7445;0;1
7446;6;1
7447;4;2
7448;0;1
7449;0;1
7450;2;1
7451;3;1
7452;1;1
7453;6;1
7454;0;1
7455;3;1
7456;0;1
7457;0;1
7458;3;1
7459;0;1
7460;3;1
7461;0;1
7462;3;2
7463;0;1
7464;6;1
7465;0;1
7466;0;1
7467;2;2
7468;0;1
7469;1;1
7470;0;2
7471;8;1
7472;1;1
7473;0;1
7474;1;2
7475;5;1
7476;0;1
7477;3;1
7478;5;1
7479;0;1
7480;8;2
7481;0;1
7482;2;2
7483;0;1
7484;7;1
7485;3;1
7486;0;1
7487;0;1
7488;0;1
7489;0;1
7490;0;1
7491;3;1
7492;3;1
7493;1;2
7494;0;1
7495;5;1
7496;3;1
7497;2;1
7498;3;1
7499;0;1
7500;3;2
7501;0;1
7502;1;1
7503;0;2
7504;0;1
7505;2;2
7506;8;1
7507;9;1
7508;4;1
7509;2;2
7510;0;1
7511;1;1
7512;2;1
7513;2;2
7514;1;1
7515;1;1
7516;8;1
7517;3;2
7518;1;2
7519;0;1
7520;0;1
7521;2;1
7522;3;1
7523;1;1
7524;0;1
7525;2;2
7526;3;1
7527;1;1
7528;3;2
7529;4;2
7530;2;1
7531;4;2
7532;0;2
7533;2;1
7534;4;1
7535;1;2
7536;3;2
7537;2;1
7538;1;1
7539;7;1
7540;3;1
7541;3;2
7542;2;2
7543;0;1
7544;0;1
7545;5;2
7546;3;2
7547;10;1
7548;5;1
7549;5;1
7550;0;1
7551;0;1
7552;7;1
7553;0;1
7554;3;2
7555;1;2
7556;4;2
7557;1;2
7558;4;2
7559;5;2
7560;0;1
7561;6;2
7562;5;2
7563;5;1
7564;6;1
7565;8;1
7566;2;2
7567;7;1
7568;6;1
7569;2;2
7570;4;2
7571;3;1
7572;5;1
7573;7;1
7574;2;1
7575;7;1
7576;7;1
7577;4;1
7578;2;2
7579;1;1
7580;0;1
7581;2;2
7582;0;1
7583;2;2
7584;0;1
7585;14;1
7586;4;1
7587;2;1
7588;0;1
7589;12;1
7590;2;1
7591;2;1
7592;5;1
7593;5;1
7594;10;1
7595;1;1
7596;8;1
7597;2;1
7598;5;1
7599;0;1
7600;4;1
7601;0;1
7602;0;1
7603;1;2
7604;4;1
7605;1;1
7606;0;1
7607;1;1
7608;2;1
7609;0;1
7610;0;1
7611;1;1
7612;0;1
7613;0;1
7614;4;1
7615;0;1
7616;2;1
7617;3;1
7618;5;1
7619;2;1
7620;9;1
7621;11;1
7622;0;1
7623;2;1
7624;3;1
7625;4;1
7626;1;1
7627;5;1
7628;2;1
7629;3;1
7630;0;1
7631;3;1
7632;0;1
7633;2;1
7634;0;1
7635;5;1
7636;0;1
7637;1;1
7638;2;1
7639;1;1
7640;1;1
7641;3;1
7642;0;1
7643;0;1
7644;4;1
7645;2;2
7646;1;2
7647;3;1
7648;2;1
7649;5;2
7650;0;1
7651;1;1
7652;4;2
7653;2;1
7654;2;1
7655;0;1
7656;0;1
7657;2;1
7658;0;1
7659;2;1
7660;0;1
7661;4;2
7662;1;2
7663;4;1
7664;5;1
7665;4;2
7666;5;2
7667;7;1
7668;2;1
7669;7;1
7670;5;1
7671;7;1
7672;3;1
7673;6;1
7674;3;1
7675;7;1
7676;1;1
7677;0;1
7678;1;1
7679;4;1
7680;4;1
7681;3;1
7682;12;1
7683;3;1
7684;2;1
7685;2;2
7686;1;2
7687;0;1
7688;6;2
7689;2;1
7690;3;1
7691;3;1
7692;1;1
7693;4;2
7694;0;1
7695;0;2
7696;1;1
7697;4;2
7698;4;2
7699;5;1
7700;3;2
7701;7;1
7702;2;1
7703;3;1
7704;4;1
7705;0;2
7706;2;1
7707;2;1
7708;3;1
7709;3;1
7710;2;1
7711;2;1
7712;6;2
7713;10;1
7714;1;1
7715;5;1
7716;1;2
7717;0;1
7718;3;1
7719;1;1
7720;8;1
7721;5;1
7722;3;1
7723;1;1
7724;0;1
7725;0;1
7726;2;2
7727;4;1
7728;0;1
7729;2;2
7730;4;1
7731;5;1
7732;3;1
7733;3;2
7734;2;2
7735;5;2
7736;3;1
7737;1;1
7738;3;1
7739;4;2
7740;2;1
7741;1;1
7742;5;1
7743;7;1
7744;10;1
7745;7;2
7746;6;1
7747;0;2
7748;4;1
7749;6;1
7750;3;1
7751;0;1
7752;2;1
7753;3;2
7754;1;1
7755;1;2
7756;6;2
7757;1;1
7758;4;1
7759;6;1
7760;0;1
7761;3;1
7762;0;1
7763;4;2
7764;1;1
7765;1;1
7766;3;1
7767;3;1
7768;4;2
7769;3;2
7770;3;1
7771;1;2
7772;2;2
7773;4;2
7774;5;2
7775;6;2
7776;3;2
7777;1;2
7778;4;2
7779;3;2
7780;5;2
7781;1;2
7782;4;2
7783;2;2
7784;3;2
7785;3;2
7786;2;2
7787;3;2
7788;0;2
7789;3;2
7790;3;1
7791;2;2
7792;2;2
7793;1;2
7794;4;2
7795;2;2
7796;3;2
7797;4;1
7798;2;2
7799;1;2
7800;4;2
7801;4;2
7802;2;2
7803;4;2
7804;0;2
7805;2;1
7806;3;2
7807;4;2
7808;3;2
7809;5;2
7810;2;2
7811;3;1
7812;5;1
7813;1;1
7814;1;2
7815;3;1
7816;4;1
7817;4;1
7818;4;1
7819;3;2
7820;5;2
7821;5;2
7822;2;2
7823;2;2
7824;2;1
7825;2;2
7826;2;1
7827;3;2
7828;5;2
7829;2;1
7830;0;1
7831;0;2
7832;0;1
7833;1;2
7834;3;2
7835;6;2
7836;6;2
7837;6;2
7838;2;2
7839;2;1
7840;2;1
7841;2;1
7842;3;1
7843;3;1
7844;3;2
7845;3;2
7846;4;2
7847;4;1
7848;5;2
7849;1;1
7850;5;2
7851;1;2
7852;1;2
7853;3;2
7854;2;2
7855;5;1
7856;4;2
7857;4;2
7858;3;2
7859;2;1
7860;2;1
7861;2;1
7862;0;1
7863;1;1
7864;1;1
7865;6;1
7866;4;2
7867;3;1
7868;6;2
7869;2;1
7870;4;1
7871;1;1
7872;4;1
7873;4;1
7874;1;1
7875;4;1
7876;4;2
7877;2;1
7878;4;2
7879;7;1
7880;2;1
7881;6;1
7882;0;1
7883;4;1
7884;2;1
7885;2;1
7886;4;2
7887;0;1
7888;0;1
7889;6;1
7890;5;1
7891;4;1
7892;1;1
7893;4;1
7894;0;1
7895;2;1
7896;2;1
7897;3;1
7898;5;2
7899;1;2
7900;3;2
7901;4;1
7902;5;1
7903;2;1
7904;2;1
7905;8;2
7906;4;1
7907;5;1
7908;0;1
7909;6;2
7910;0;1
7911;0;2
7912;1;1
7913;1;1
7914;6;2
7915;5;2
7916;3;1
7917;5;1
7918;2;1
7919;1;1
7920;2;1
7921;3;1
7922;3;1
7923;2;1
7924;4;1
7925;3;1
7926;4;1
7927;4;2
7928;3;1
7929;5;1
7930;1;1
7931;2;2
7932;1;1
7933;3;2
7934;3;2
7935;7;2
7936;6;2
7937;5;2
7938;2;1
7939;3;2
7940;3;2
7941;2;1
7942;0;2
7943;6;2
7944;3;1
7945;3;1
7946;3;1
7947;2;2
7948;2;2
7949;3;1
7950;3;1
7951;0;1
7952;5;1
7953;7;2
7954;2;1
7955;2;2
7956;4;1
7957;5;2
7958;1;2
7959;1;1
7960;3;2
7961;5;2
7962;4;2
7963;5;2
7964;1;1
7965;3;1
7966;1;2
7967;1;2
7968;4;1
7969;4;1
7970;4;1
7971;4;1
7972;1;1
7973;5;1
7974;5;1
7975;1;1
7976;4;1
7977;3;1
7978;1;1
7979;2;2
7980;1;1
7981;3;1
7982;2;1
7983;2;1
7984;4;1
7985;3;1
7986;6;2
7987;2;1
7988;6;2
7989;2;1
7990;3;1
7991;4;1
7992;3;1
7993;4;2
7994;2;1
7995;3;1
7996;4;1
7997;3;1
7998;3;2
7999;4;1
8000;0;2
8001;0;1
8002;3;2
8003;3;2
8004;4;1
8005;3;2
8006;4;2
8007;4;1
8008;6;2
8009;1;1
8010;3;1
8011;6;2
8012;2;1
8013;1;1
8014;1;1
8015;4;1
8016;4;2
8017;0;2
8018;2;1
8019;0;1
8020;3;2
8021;3;1
8022;10;1
8023;5;1
8024;0;2
8025;4;2
8026;2;1
8027;0;2
8028;1;2
8029;3;1
8030;8;1
8031;6;1
8032;0;1
8033;3;2
8034;3;2
8035;4;2
8036;4;2
8037;4;2
8038;3;1
8039;5;1
8040;0;2
8041;7;1
8042;2;1
8043;8;1
8044;2;2
8045;3;1
8046;4;1
8047;3;1
8048;4;2
8049;2;2
8050;4;2
8051;4;2
8052;1;1
8053;2;2
8054;4;2
8055;2;2
8056;4;2
8057;0;1
8058;2;2
8059;2;2
8060;2;1
8061;3;2
8062;3;2
8063;3;1
8064;3;1
8065;4;2
8066;7;2
8067;3;1
8068;6;1
8069;2;2
8070;1;1
8071;1;1
8072;4;1
8073;3;2
8074;1;2
8075;3;2
8076;0;1
8077;2;2
8078;1;1
8079;5;1
8080;5;1
8081;5;2
8082;2;2
8083;2;2
8084;1;2
8085;4;2
8086;3;2
8087;4;2
8088;2;2
8089;1;1
8090;0;2
8091;1;1
8092;2;1
8093;9;2
8094;3;1
8095;1;1
8096;3;1
8097;8;2
8098;2;2
8099;1;2
8100;2;2
8101;4;2
8102;4;2
8103;5;2
8104;5;2
8105;6;2
8106;1;2
8107;2;2
8108;2;2
8109;4;2
8110;1;2
8111;3;1
8112;3;1
8113;3;2
8114;3;2
8115;3;2
8116;4;2
8117;0;2
8118;4;2
8119;4;2
8120;6;2
8121;0;2
8122;4;2
8123;4;2
8124;1;2
8125;5;2
8126;4;2
8127;2;2
8128;2;2
8129;2;2
8130;3;1
8131;4;1
8132;4;2
8133;4;2
8134;1;1
8135;0;1
8136;5;2
8137;1;2
8138;3;1
8139;3;1
8140;4;2
8141;4;2
8142;3;2
8143;3;2
8144;0;2
8145;4;2
8146;4;2
8147;4;1
8148;4;2
8149;3;2
8150;3;1
8151;2;1
8152;1;1
8153;3;2
8154;3;1
8155;3;2
8156;3;2
8157;3;2
8158;1;2
8159;4;2
8160;5;2
8161;3;2
8162;6;1
8163;7;1
8164;0;1
8165;2;1
8166;5;2
8167;6;2
8168;0;2
8169;1;2
8170;1;2
8171;2;1
8172;3;1
8173;3;2
8174;2;1
8175;2;2
8176;4;2
8177;3;2
8178;2;1
8179;4;2
8180;4;2
8181;7;2
8182;4;2
8183;1;1
8184;2;1
8185;0;1
8186;3;2
8187;2;2
8188;5;2
8189;3;1
8190;5;2
8191;4;2
8192;1;2
8193;2;2
8194;4;2
8195;2;2
8196;5;1
8197;2;1
8198;2;1
8199;3;2
8200;4;1
8201;3;1
8202;3;1
8203;3;2
8204;4;2
8205;3;2
8206;6;2
8207;1;2
8208;3;2
8209;1;2
8210;2;1
8211;2;1
8212;3;1
8213;5;2
8214;3;2
8215;4;2
8216;3;2
8217;4;1
8218;1;1
8219;1;1
8220;1;2
8221;4;2
8222;5;2
8223;4;1
8224;3;2
8225;2;2
8226;2;2
8227;4;2
8228;2;2
8229;4;2
8230;1;2
8231;7;2
8232;2;2
8233;2;2
8234;4;2
8235;5;2
8236;5;1
8237;2;2
8238;0;2
8239;1;1
8240;3;1
8241;3;2
8242;3;2
8243;2;2
8244;4;2
8245;3;2
8246;3;2
8247;4;2
8248;2;2
8249;4;2
8250;4;2
8251;3;2
8252;3;2
8253;1;1
8254;2;2
8255;1;2
8256;2;2
8257;5;2
8258;6;2
8259;3;2
8260;3;2
8261;2;1
8262;7;2
8263;2;2
8264;3;2
8265;0;2
8266;4;2
8267;4;2
8268;0;2
8269;2;1
8270;3;2
8271;2;1
8272;4;1
8273;2;1
8274;2;1
8275;2;2
8276;4;1
8277;5;1
8278;2;1
8279;5;2
8280;3;2
8281;5;2
8282;5;2
8283;3;2
8284;2;2
8285;0;2
8286;2;2
8287;1;1
8288;2;2
8289;1;1
8290;2;2
8291;1;2
8292;3;2
8293;7;2
8294;6;2
8295;1;2
8296;6;2
8297;2;2
8298;4;2
8299;1;2
8300;1;2
8301;6;2
8302;4;2
8303;4;2
8304;7;2
8305;7;2
8306;5;2
8307;6;2
8308;4;2
8309;5;2
8310;5;2
8311;0;2
8312;2;2
8313;1;2
8314;3;2
8315;1;2
8316;1;2
8317;1;2
8318;1;2
8319;1;2
8320;1;2
8321;2;2
8322;1;2
8323;4;2
8324;4;2
8325;0;2
8326;6;2
8327;6;2
8328;5;2
8329;2;2
8330;5;2
8331;3;2
8332;5;1
8333;5;2
8334;2;2
8335;3;2
8336;4;2
8337;0;2
8338;3;2
8339;3;2
8340;3;2
8341;1;2
8342;1;1
8343;1;1
8344;3;2
8345;0;2
8346;3;2
8347;6;2
8348;1;2
8349;1;2
8350;6;2
8351;4;2
8352;2;2
8353;3;2
8354;3;2
8355;4;2
8356;4;1
8357;5;1
8358;5;2
8359;2;2
8360;4;2
8361;1;2
8362;5;2
8363;5;2
8364;4;2
8365;3;2
8366;4;2
8367;4;2
8368;4;2
8369;1;2
8370;0;2
8371;3;2
8372;4;2
8373;4;2
8374;3;2
8375;3;2
8376;4;2
8377;0;2
8378;0;1
8379;5;2
8380;3;1
8381;2;1
8382;3;1
8383;3;1
8384;5;1
8385;2;1
8386;2;1
8387;1;1
8388;2;1
8389;2;1
8390;3;1
8391;5;1
8392;6;1
8393;4;1
8394;2;2
8395;1;1
8396;2;1
8397;2;1
8398;3;1
8399;4;2
8400;4;1
8401;3;2
8402;5;1
8403;4;1
8404;2;2
8405;2;1
8406;3;1
8407;3;2
8408;1;1
8409;4;1
8410;4;2
8411;3;1
8412;5;2
8413;3;2
8414;3;2
8415;1;2
8416;1;2
8417;3;1
8418;3;2
8419;3;2
8420;1;1
8421;4;1
8422;5;1
8423;2;1
8424;4;1
8425;5;1
8426;5;1
8427;4;2
8428;3;2
8429;3;1
8430;4;1
8431;4;2
8432;3;2
8433;2;2
8434;3;2
8435;4;2
8436;2;2
8437;4;2
8438;3;1
8439;3;1
8440;2;1
8441;0;1
8442;1;2
8443;4;2
8444;4;2
8445;4;2
8446;2;2
8447;1;2
8448;0;2
8449;2;1
8450;1;2
8451;2;2
8452;4;2
8453;6;2
8454;5;2
8455;4;2
8456;0;1
8457;1;2
8458;1;1
8459;1;1
8460;1;1
8461;2;2
8462;2;2
8463;3;2
8464;3;1
8465;1;1
8466;5;2
8467;3;1
8468;2;1
8469;5;1
8470;2;1
8471;2;1
8472;3;1
8473;4;1
8474;4;1
8475;0;1
8476;4;1
8477;3;1
8478;1;1
8479;1;1
8480;3;1
8481;2;2
8482;3;1
8483;1;2
8484;2;2
8485;4;2
8486;3;2
8487;0;2
8488;1;2
8489;1;1
8490;3;1
8491;3;1
8492;3;2
8493;5;2
8494;3;1
8495;0;2
8496;4;2
8497;1;2
8498;3;2
8499;4;2
8500;5;2
8501;4;1
8502;4;2
8503;4;2
8504;1;1
8505;0;2
8506;2;2
8507;2;1
8508;4;2
8509;1;1
8510;6;2
8511;6;2
8512;5;2
8513;2;2
8514;1;1
8515;1;1
8516;1;1
8517;2;1
8518;1;1
8519;4;1
8520;4;1
8521;2;1
8522;2;1
8523;3;1
8524;3;2
8525;3;2
8526;6;1
8527;5;2
8528;4;1
8529;3;1
8530;4;2
8531;3;2
8532;3;2
8533;2;2
8534;1;2
8535;4;1
8536;3;1
8537;3;2
8538;1;2
8539;3;2
8540;2;2
8541;4;2
8542;3;2
8543;0;2
8544;2;2
8545;3;2
8546;3;2
8547;4;1
8548;4;2
8549;2;2
8550;2;1
8551;2;1
8552;2;1
8553;2;2
8554;3;1
8555;4;2
8556;4;2
8557;2;1
8558;1;1
8559;2;1
8560;3;2
8561;4;2
8562;4;1
8563;3;1
8564;1;2
8565;0;1
8566;2;2
8567;2;2
8568;4;2
8569;6;2
8570;3;2
8571;5;2
8572;1;2
8573;1;2
8574;4;2
8575;3;2
8576;3;2
8577;1;1
8578;4;2
8579;2;2
8580;1;2
8581;3;1
8582;4;1
8583;4;2
8584;4;1
8585;0;2
8586;5;2
8587;4;2
8588;0;2
8589;1;2
8590;4;2
8591;4;2
8592;1;1
8593;4;2
8594;2;2
8595;1;1
8596;0;2
8597;0;2
8598;1;1
8599;4;1
8600;3;2
8601;1;1
8602;1;1
8603;4;2
8604;6;2
8605;4;2
8606;6;2
8607;4;2
8608;0;1
8609;0;2
8610;3;2
8611;3;2
8612;3;2
8613;3;2
8614;3;1
8615;3;1
8616;0;1
8617;3;2
8618;3;2
8619;2;2
8620;3;1
8621;5;2
8622;3;1
8623;4;2
8624;3;2
8625;1;2
8626;2;2
8627;5;2
8628;2;2
8629;2;2
8630;2;1
8631;2;1
8632;1;2
8633;0;2
8634;1;2
8635;1;2
8636;5;1
8637;5;2
8638;5;2
8639;3;2
8640;2;2
8641;4;2
8642;1;1
8643;2;2
8644;5;1
8645;2;2
8646;3;2
8647;2;2
8648;7;1
8649;7;2
8650;1;2
8651;1;2
8652;3;2
8653;2;2
8654;2;1
8655;3;1
8656;2;1
8657;1;2
8658;4;2
8659;5;1
8660;2;2
8661;3;2
8662;3;2
8663;3;1
8664;4;2
8665;3;2
8666;5;1
8667;3;1
8668;2;1
8669;5;2
8670;1;2
8671;2;2
8672;3;2
8673;1;2
8674;4;2
8675;4;2
8676;5;2
8677;5;2
8678;3;2
8679;3;2
8680;4;1
8681;3;1
8682;4;1
8683;2;1
8684;2;1
8685;1;1
8686;6;1
8687;5;1
8688;1;1
8689;1;1
8690;5;1
8691;0;1
8692;5;1
8693;4;2
8694;4;2
8695;2;1
8696;4;2
8697;3;1
8698;2;2
8699;5;1
8700;3;2
8701;4;2
8702;4;2
8703;4;1
8704;1;2
8705;2;2
8706;2;1
8707;2;2
8708;3;1
8709;3;2
8710;2;2
8711;5;2
8712;3;2
8713;4;1
8714;5;2
8715;3;1
8716;2;2
8717;0;2
8718;2;1
8719;4;2
8720;6;2
8721;4;1
8722;1;2
8723;4;2
8724;2;1
8725;1;1
8726;4;1
8727;4;2
8728;3;2
8729;3;2
8730;3;2
8731;6;2
8732;5;2
8733;8;2
8734;1;2
8735;1;2
8736;1;2
8737;7;2
8738;0;2
8739;5;2
8740;3;1
8741;5;2
8742;0;2
8743;4;2
8744;4;2
8745;2;2
8746;3;1
8747;3;1
8748;2;2
8749;4;2
8750;7;2
8751;3;2
8752;4;2
8753;3;2
8754;0;2
8755;0;2
8756;7;2
8757;4;2
8758;4;2
8759;3;2
8760;3;2
8761;3;2
8762;1;2
8763;3;1
8764;0;2
8765;4;2
8766;4;2
8767;4;2
8768;3;2
8769;3;2
8770;3;2
8771;0;2
8772;2;2
8773;5;1
8774;3;1
8775;2;2
8776;4;1
8777;4;2
8778;3;2
8779;4;1
8780;3;1
8781;3;2
8782;2;1
8783;0;1
8784;2;2
8785;4;2
8786;5;2
8787;3;2
8788;2;2
8789;1;2
8790;2;2
8791;5;1
8792;4;1
8793;5;1
8794;4;1
8795;1;1
8796;0;2
8797;2;1
8798;2;1
8799;0;2
8800;6;2
8801;3;1
8802;5;2
8803;6;2
8804;1;2
8805;6;2
8806;2;1
8807;1;1
8808;0;2
8809;3;2
8810;3;2
8811;4;2
8812;2;2
8813;2;2
8814;3;1
8815;0;1
8816;3;2
8817;5;1
8818;5;2
8819;5;2
8820;2;1
8821;3;1
8822;1;2
8823;2;1
8824;5;1
8825;5;1
8826;5;2
8827;0;2
8828;7;2
8829;5;2
8830;4;2
8831;0;2
8832;0;2
8833;1;2
8834;1;1
8835;5;1
8836;4;1
8837;2;1
8838;3;1
8839;3;2
8840;5;2
8841;5;1
8842;3;1
8843;3;1
8844;5;1
8845;3;2
8846;1;1
8847;4;2
8848;4;2
8849;3;1
8850;4;2
8851;4;1
8852;5;1
8853;2;2
8854;1;2
8855;0;2
8856;4;1
8857;0;2
8858;4;1
8859;4;2
8860;1;2
8861;3;2
8862;4;2
8863;3;2
8864;3;2
8865;3;2
8866;4;2
8867;2;2
8868;6;2
8869;1;2
8870;4;1
8871;3;1
8872;6;2
8873;3;1
8874;3;2
8875;3;1
8876;0;2
8877;4;2
8878;1;2
8879;4;2
8880;3;1
8881;3;2
8882;2;2
8883;3;2
8884;4;2
8885;4;2
8886;6;1
8887;6;1
8888;1;1
8889;6;1
8890;5;1
8891;3;1
8892;5;1
8893;5;1
8894;3;1
8895;1;1
8896;1;2
8897;3;2
8898;2;1
8899;1;1
8900;4;2
8901;3;2
8902;1;2
8903;3;2
8904;1;1
8905;0;1
8906;1;2
8907;2;2
8908;2;2
8909;5;2
8910;0;2
8911;1;2
8912;1;2
8913;1;2
8914;4;1
8915;4;2
8916;3;2
8917;0;1
8918;5;2
8919;3;2
8920;4;2
8921;3;2
8922;5;2
8923;4;1
8924;1;1
8925;1;2
8926;2;2
8927;4;2
8928;6;2
8929;3;2
8930;1;2
8931;5;1
8932;4;1
8933;2;2
8934;2;2
8935;6;1
8936;2;1
8937;6;2
8938;3;1
8939;3;2
8940;1;2
8941;6;1
8942;2;2
8943;4;2
8944;2;1
8945;2;2
8946;4;2
8947;1;2
8948;5;1
8949;2;1
8950;7;2
8951;1;2
8952;3;2
8953;3;1
8954;1;2
8955;4;2
8956;4;2
8957;5;2
8958;3;2
8959;3;1
8960;2;2
8961;2;2
8962;2;2
8963;4;2
8964;5;2
8965;4;2
8966;0;2
8967;4;2
8968;4;2
8969;1;2
8970;2;2
8971;0;1
8972;5;2
8973;6;2
8974;4;2
8975;4;1
8976;1;2
8977;1;1
8978;3;1
8979;3;2
8980;7;1
8981;2;2
8982;3;2
8983;3;1
8984;7;2
8985;4;2
8986;0;1
8987;2;2
8988;2;2
8989;4;2
8990;6;2
8991;3;2
8992;4;2
8993;4;2
8994;4;2
8995;2;1
8996;6;0
8997;4;2
8998;6;1
8999;5;2
9000;2;1
9001;3;1
9002;4;2
9003;3;1
9004;3;1
9005;3;2
9006;0;2
9007;2;1
9008;3;1
9009;0;1
9010;8;1
9011;2;1
9012;6;0
9013;2;1
9014;4;2
9015;5;1
9016;9;1
9017;4;2
9018;2;2
9019;4;1
9020;0;1
9021;3;1
9022;5;2
9023;5;2
9024;3;2
9025;4;2
9026;4;1
9027;3;2
9028;1;1
9029;3;1
9030;6;1
9031;2;1
9032;2;1
9033;4;1
9034;4;1
9035;3;0
9036;5;1
9037;4;1
9038;3;2
9039;0;1
9040;0;1
9041;1;2
9042;0;1
9043;2;1
9044;3;1
9045;4;1
9046;3;0
9047;4;1
9048;0;1
9049;4;1
9050;0;1
9051;0;1
9052;5;2
9053;4;2
9054;4;1
9055;1;1
9056;3;1
9057;7;1
9058;0;1
9059;0;1
9060;5;2
9061;7;1
9062;3;1
9063;5;1
9064;1;1
9065;7;1
9066;3;1
9067;6;1
9068;6;1
9069;1;1
9070;3;1
9071;0;1
9072;3;1
9073;1;2
9074;3;1
9075;0;1
9076;0;2
9077;2;1
9078;2;1
9079;0;1
9080;4;1
9081;6;2
9082;2;2
9083;3;2
9084;3;1
9085;3;2
9086;4;2
9087;6;1
9088;4;2
9089;4;2
9090;2;2
9091;2;2
9092;2;1
9093;4;2
9094;3;1
9095;3;2
9096;5;2
9097;3;1
9098;0;1
9099;3;2
9100;3;1
9101;4;2
9102;0;2
9103;6;2
9104;0;1
9105;1;2
9106;1;2
9107;3;2
9108;5;1
9109;3;2
9110;8;1
9111;3;1
9112;3;2
9113;3;2
9114;0;1
9115;5;1
9116;4;2
9117;2;2
9118;2;1
9119;5;2
9120;3;2
9121;8;1
9122;1;2
9123;0;1
9124;4;2
9125;4;2
9126;2;2
9127;2;2
9128;4;2
9129;3;1
9130;5;1
9131;2;1
9132;2;1
9133;3;1
9134;0;1
9135;4;1
9136;4;1
9137;2;2
9138;2;1
9139;4;2
9140;2;2
9141;5;0
9142;1;1
9143;3;1
9144;3;2
9145;2;1
9146;1;1
9147;5;1
9148;3;1
9149;3;1
9150;6;1
9151;4;1
9152;6;1
9153;3;2
9154;3;2
9155;3;2
9156;3;1
9157;1;1
9158;5;1
9159;0;2
9160;0;1
9161;0;1
9162;11;0
9163;0;1
9164;2;1
9165;2;1
9166;2;1
9167;3;1
9168;3;1
9169;4;2
9170;0;1
9171;3;1
9172;3;1
9173;3;1
9174;4;1
9175;2;1
9176;1;2
9177;3;1
9178;4;1
9179;6;1
9180;4;1
9181;4;1
9182;4;1
9183;3;1
9184;8;0
9185;3;1
9186;3;1
9187;2;2
9188;5;1
9189;7;1
9190;5;1
9191;2;1
9192;3;1
9193;4;0
9194;5;2
9195;7;1
9196;4;1
9197;0;1
9198;5;1
9199;5;1
9200;3;2
9201;0;0
9202;5;1
9203;1;1
9204;5;1
9205;5;1
9206;2;2
9207;2;1
9208;2;2
9209;10;1
9210;5;1
9211;2;2
9212;1;1
9213;5;2
9214;1;1
9215;0;1
9216;3;1
9217;2;1
9218;3;2
9219;2;1
9220;0;0
9221;1;0
9222;1;2
9223;4;2
9224;3;1
9225;0;2
9226;0;1
9227;3;1
9228;11;1
9229;1;1
9230;0;1
9231;0;1
9232;4;2
9233;4;1
9234;4;1
9235;0;1
9236;6;2
9237;2;1
9238;0;1
9239;1;2
9240;3;2
9241;0;1
9242;4;1
9243;3;1
9244;0;1
9245;4;1
9246;2;1
9247;2;2
9248;3;1
9249;7;1
9250;3;1
9251;3;1
9252;3;1
9253;4;2
9254;4;1
9255;2;1
9256;2;2
9257;12;1
9258;5;1
9259;3;1
9260;5;0
9261;3;1
9262;3;1
9263;12;1
9264;3;2
9265;6;1
9266;10;1
9267;5;1
9268;9;0
9269;0;0
9270;10;1
9271;7;1
9272;4;1
9273;1;1
9274;1;2
9275;2;1
9276;7;2
9277;3;2
9278;3;1
9279;1;1
9280;3;2
9281;0;1
9282;2;2
9283;2;1
9284;0;0
9285;1;2
9286;5;0
9287;8;1
9288;4;1
9289;6;1
9290;3;1
9291;3;1
9292;0;1
9293;0;1
9294;1;1
9295;4;2
9296;0;1
9297;2;2
9298;5;2
9299;2;1
9300;4;1
9301;5;0
9302;8;1
9303;3;1
9304;3;2
9305;3;1
9306;4;0
9307;3;1
9308;0;1
9309;0;0
9310;3;1
9311;0;1
9312;4;2
9313;7;1
9314;0;1
9315;1;1
9316;0;1
9317;1;1
9318;5;1
9319;5;1
9320;0;1
9321;1;1
9322;2;1
9323;2;1
9324;0;1
9325;2;1
9326;2;2
9327;4;1
9328;1;1
9329;0;1
9330;2;2
9331;3;1
9332;1;1
9333;4;2
9334;9;0
9335;7;1
9336;0;2
9337;1;1
9338;5;1
9339;0;1
9340;3;1
9341;5;1
9342;5;1
9343;6;1
9344;0;1
9345;3;0
9346;8;0
9347;2;1
9348;5;1
9349;4;1
9350;0;0
9351;2;1
9352;4;1
9353;1;1
9354;10;1
9355;0;1
9356;2;1
9357;2;1
9358;0;1
9359;5;1
9360;0;1
9361;3;1
9362;4;1
9363;0;1
9364;2;1
9365;1;2
9366;0;0
9367;0;1
9368;2;1
9369;3;2
9370;0;1
9371;7;1
9372;4;1
9373;0;0
9374;7;1
9375;6;1
9376;1;1
9377;0;1
9378;1;2
9379;7;1
9380;3;1
9381;5;1
9382;7;0
9383;3;1
9384;2;1
9385;4;1
9386;4;1
9387;5;1
9388;3;2
9389;5;1
9390;9;1
9391;3;2
9392;0;1
9393;5;2
9394;0;1
9395;0;1
9396;9;1
9397;2;1
9398;6;1
9399;6;1
9400;4;2
9401;1;1
9402;3;2
9403;12;1
9404;5;1
9405;4;0
9406;8;1
9407;0;1
9408;0;1
9409;5;1
9410;5;1
9411;3;1
9412;0;0
9413;4;1
9414;6;1
9415;0;1
9416;3;1
9417;2;1
9418;1;2
9419;3;1
9420;3;2
9421;5;1
9422;2;1
9423;2;1
9424;0;1
9425;6;1
9426;5;1
9427;9;1
9428;3;0
9429;5;1
9430;3;2
9431;6;1
9432;0;0
9433;1;1
9434;6;1
9435;4;1
9436;0;0
9437;1;2
9438;0;1
9439;3;1
9440;1;0
9441;0;1
9442;7;1
9443;1;2
9444;0;1
9445;0;1
9446;4;1
9447;4;1
9448;6;1
9449;0;1
9450;3;1
9451;0;1
9452;0;2
9453;0;1
9454;1;1
9455;0;1
9456;0;1
9457;1;0
9458;1;1
9459;6;1
9460;0;1
9461;3;2
9462;2;2
9463;2;1
9464;7;1
9465;4;1
9466;5;1
9467;3;1
9468;6;1
9469;1;1
9470;2;1
9471;4;0
9472;0;1
9473;3;1
9474;2;1
9475;0;1
9476;5;1
9477;2;1
9478;2;1
9479;0;1
9480;4;1
9481;3;1
9482;0;1
9483;4;1
9484;0;1
9485;1;1
9486;0;1
9487;5;2
9488;4;1
9489;7;0
9490;0;1
9491;1;2
9492;0;0
9493;3;1
9494;8;1
9495;4;0
9496;1;1
9497;5;1
9498;3;2
9499;6;1
9500;3;1
9501;1;1
9502;4;0
9503;4;1
9504;4;0
9505;0;1
9506;2;1
9507;2;1
9508;6;1
9509;4;1
9510;2;1
9511;4;1
9512;2;1
9513;2;2
9514;2;2
9515;3;1
9516;0;0
9517;5;2
9518;4;1
9519;2;1
9520;3;1
9521;5;2
9522;1;2
9523;6;2
9524;3;1
9525;2;1
9526;3;1
9527;2;1
9528;3;0
9529;2;2
9530;3;1
9531;5;1
9532;3;1
9533;2;1
9534;4;1
9535;3;2
9536;4;1
9537;0;1
9538;4;2
9539;0;1
9540;3;2
9541;8;1
9542;4;2
9543;0;1
9544;4;2
9545;3;1
9546;1;1
9547;4;1
9548;2;2
9549;4;1
9550;1;2
9551;5;2
9552;6;2
9553;2;2
9554;5;1
9555;3;1
9556;4;1
9557;0;1
9558;2;1
9559;0;1
9560;4;1
9561;1;1
9562;3;1
9563;0;1
9564;0;1
9565;4;1
9566;1;1
9567;4;1
9568;0;1
9569;3;1
9570;0;1
9571;4;1
9572;7;1
9573;2;1
9574;2;1
9575;2;2
9576;3;1
9577;2;1
9578;3;1
9579;1;1
9580;3;2
9581;0;1
9582;4;2
9583;0;2
9584;2;2
9585;6;1
9586;0;1
9587;3;2
9588;1;1
9589;5;1
9590;2;2
9591;1;1
9592;4;2
9593;2;1
9594;5;2
9595;5;1
9596;2;1
9597;13;1
9598;1;2
9599;0;1
9600;6;1
9601;4;1
9602;4;1
9603;2;2
9604;2;2
9605;5;1
9606;3;2
9607;1;1
9608;3;1
9609;4;1
9610;2;1
9611;1;2
9612;7;1
9613;5;1
9614;10;1
9615;10;1
9616;4;0
9617;1;1
9618;5;1
9619;11;1
9620;4;1
9621;6;1
9622;12;1
9623;10;1
9624;3;1
9625;7;1
9626;1;1
9627;9;1
9628;0;1
9629;3;1
9630;7;1
9631;9;1
9632;3;1
9633;0;1
9634;1;1
9635;4;1
9636;2;1
9637;5;1
9638;7;0
9639;3;1
9640;9;1
9641;8;0
9642;0;0
9643;3;1
9644;1;1
9645;6;1
9646;2;2
9647;4;0
9648;0;1
9649;9;1
9650;2;1
9651;3;2
9652;6;1
9653;4;1
9654;0;1
9655;0;1
9656;3;1
9657;0;1
9658;0;1
9659;6;1
9660;0;1
9661;2;1
9662;3;1
9663;0;1
9664;0;1
9665;6;1
9666;0;1
9667;2;1
9668;0;1
9669;4;1
9670;2;1
9671;3;1
9672;0;1
9673;7;0
9674;6;1
9675;8;0
9676;4;0
9677;5;1
9678;0;1
9679;2;1
9680;7;0
9681;0;1
9682;0;0
9683;0;1
9684;1;1
9685;4;2
9686;5;0
9687;1;1
9688;0;1
9689;2;1
9690;0;0
9691;0;1
9692;0;1
9693;1;1
9694;0;1
9695;3;1
9696;6;1
9697;0;1
9698;2;1
9699;0;0
9700;1;1
9701;0;1
9702;0;1
9703;6;0
9704;6;1
9705;0;1
9706;5;0
9707;0;1
9708;1;2
9709;2;1
9710;1;2
9711;6;1
9712;0;1
9713;0;1
9714;6;1
9715;0;1
9716;5;2
9717;2;1
9718;3;1
9719;2;2
9720;1;1
9721;0;1
9722;3;0
9723;0;1
9724;5;1
9725;3;1
9726;0;0
9727;0;1
9728;0;1
9729;0;0
9730;0;0
9731;0;0
9732;3;1
9733;5;1
9734;3;1
9735;6;1
9736;1;1
9737;0;1
9738;3;1
9739;6;1
9740;2;1
9741;0;1
9742;1;1
9743;1;1
9744;0;1
9745;3;1
9746;2;1
9747;5;1
9748;5;2
9749;1;1
9750;3;0
9751;6;0
9752;4;1
9753;7;1
9754;3;1
9755;7;1
9756;7;1
9757;6;1
9758;10;1
9759;1;1
9760;10;1
9761;4;2
9762;5;2
9763;5;1
9764;2;1
9765;0;1
9766;3;1
9767;2;1
9768;1;1
9769;3;0
9770;1;2
9771;0;2
9772;1;1
9773;4;1
9774;4;1
9775;3;1
9776;6;1
9777;1;2
9778;0;1
9779;6;1
9780;2;1
9781;8;1
9782;5;1
9783;9;1
9784;9;1
9785;0;1
9786;3;0
9787;5;1
9788;2;1
9789;6;1
9790;9;1
9791;0;1
9792;2;1
9793;7;1
9794;0;1
9795;0;1
9796;5;1
9797;7;1
9798;0;1
9799;0;1
9800;0;1
9801;0;1
9802;0;1
9803;4;1
9804;2;1
9805;1;1
9806;1;1
9807;4;1
9808;1;1
9809;0;1
9810;1;1
9811;6;1
9812;4;1
9813;0;1
9814;4;1
9815;5;1
9816;4;2
9817;4;1
9818;4;1
9819;4;1
9820;1;1
9821;1;1
9822;3;1
9823;5;1
9824;0;1
9825;1;1
9826;0;1
9827;3;1
9828;0;1
9829;1;2
9830;2;1
9831;4;1
9832;2;1
9833;3;0
9834;0;1
9835;0;1
9836;6;1
9837;1;1
9838;3;1
9839;2;1
9840;6;1
9841;1;1
9842;1;2
9843;1;1
9844;3;1
9845;8;1
9846;1;1
9847;0;1
9848;8;1
9849;0;2
9850;3;1
9851;0;1
9852;2;2
9853;6;1
9854;3;1
9855;7;1
9856;2;1
9857;0;1
9858;5;1
9859;3;1
9860;0;1
9861;7;1
9862;3;1
9863;1;1
9864;0;2
9865;3;1
9866;0;1
9867;4;1
9868;4;1
9869;4;1
9870;2;1
9871;4;1
9872;2;1
9873;3;1
9874;0;1
9875;2;1
9876;3;1
9877;1;1
9878;3;1
9879;2;1
9880;0;1
9881;4;1
9882;0;1
9883;4;1
9884;2;2
9885;0;2
9886;3;1
9887;2;1
9888;2;1
9889;2;1
9890;0;1
9891;3;1
9892;4;1
9893;5;1
9894;2;1
9895;4;1
9896;2;1
9897;3;1
9898;0;1
9899;0;2
9900;5;2
9901;6;1
9902;5;2
9903;0;1
9904;6;1
9905;6;2
9906;0;1
9907;0;2
9908;2;2
9909;5;2
9910;5;1
9911;4;1
9912;1;1
9913;4;2
9914;2;1
9915;5;2
9916;1;2
9917;1;1
9918;2;2
9919;7;1
9920;2;1
9921;5;1
9922;5;2
9923;3;2
9924;1;2
9925;2;1
9926;3;2
9927;3;2
9928;3;2
9929;3;1
9930;4;2
9931;3;1
9932;3;1
9933;3;2
9934;0;1
9935;5;2
9936;4;2
9937;4;2
9938;4;2
9939;0;2
9940;0;2
9941;5;1
9942;0;2
9943;5;2
9944;3;2
9945;5;1
9946;4;2
9947;1;2
9948;3;2
9949;2;1
9950;3;1
9951;6;1
9952;5;2
9953;2;1
9954;2;1
9955;2;1
9956;2;1
9957;4;1
9958;5;2
9959;3;1
9960;5;2
9961;1;1
9962;1;2
9963;1;1
9964;4;1
9965;3;1
9966;4;2
9967;3;1
9968;2;2
9969;4;2
9970;4;1
9971;4;2
9972;1;2
9973;3;2
9974;5;1
9975;3;2
9976;4;2
9977;3;2
9978;2;1
9979;3;1
9980;2;1
9981;0;1
9982;4;1
9983;2;1
9984;4;1
9985;4;1
9986;1;1
9987;3;2
9988;4;2
9989;3;2
9990;5;2
9991;2;2
9992;2;2
9993;4;1
9994;4;2
9995;2;2
9996;2;2
9997;2;1
9998;3;1
9999;3;1
10000;4;1
10001;3;1
10002;4;2
10003;5;1
10004;2;1
10005;4;2
10006;1;1
10007;3;1
10008;3;1
10009;4;2
10010;3;2
10011;3;1
10012;3;1
10013;3;1
10014;2;1
10015;3;2
10016;5;1
10017;4;1
10018;4;1
10019;1;1
10020;1;1
10021;3;1
10022;4;1
10023;4;1
10024;3;2
10025;3;1
10026;1;1
10027;2;2
10028;2;2
10029;5;1
10030;2;1
10031;3;1
10032;3;1
10033;2;1
10034;2;1
10035;3;1
10036;4;2
10037;6;2
10038;4;1
10039;4;1
10040;0;2
10041;0;2
10042;4;1
10043;4;2
10044;3;2
10045;5;2
10046;5;1
10047;4;2
10048;3;2
10049;2;1
10050;2;2
10051;4;1
10052;1;2
10053;1;1
10054;4;2
10055;3;2
10056;3;2
10057;3;2
10058;3;2
10059;3;2
10060;3;2
10061;3;2
10062;3;2
10063;4;2
10064;3;2
10065;3;1
10066;1;2
10067;4;2
10068;5;1
10069;5;2
10070;3;1
10071;4;2
10072;3;1
10073;4;2
10074;1;1
10075;3;2
10076;2;1
10077;3;2
10078;2;1
10079;4;1
10080;3;2
10081;2;1
10082;3;2
10083;4;2
10084;5;1
10085;4;1
10086;3;2
10087;3;1
10088;5;1
10089;1;1
10090;1;1
10091;4;1
10092;1;1
10093;3;1
10094;2;1
10095;2;1
10096;3;2
10097;3;1
10098;3;1
10099;2;1
10100;2;1
10101;0;1
10102;4;2
10103;5;1
10104;2;2
10105;4;1
10106;4;1
10107;1;1
10108;4;2
10109;3;1
10110;4;1
10111;3;1
10112;7;1
10113;3;1
10114;6;1
10115;3;2
10116;4;1
10117;3;1
10118;1;2
10119;2;1
10120;0;1
10121;1;2
10122;1;1
10123;4;1
10124;2;1
10125;4;2
10126;4;2
10127;2;2
10128;4;2
