0.001324382081740473
node;in_degree;local_intrinsic_dimensionality
0;6;3
1;8;4
2;7;2
3;5;5
4;5;5
5;1;4
6;7;4
7;8;4
8;8;3
9;10;4
10;4;5
11;6;3
12;8;5
13;9;4
14;1;4
15;6;4
16;13;3
17;6;3
18;6;4
19;11;4
20;9;4
21;7;3
22;6;4
23;10;1
24;10;4
25;7;3
26;4;4
27;9;4
28;8;4
29;7;5
30;6;3
31;11;4
32;5;4
33;5;4
34;10;4
35;6;5
36;8;3
37;8;4
38;6;4
39;10;3
40;8;4
41;8;3
42;11;4
43;7;4
44;7;4
45;15;4
46;8;3
47;12;4
48;10;3
49;7;5
50;12;4
51;10;3
52;4;4
53;6;4
54;13;3
55;10;4
56;6;4
57;4;4
58;6;3
59;10;4
60;8;4
61;8;4
62;6;3
63;7;3
64;6;3
65;7;3
66;4;3
67;7;4
68;3;4
69;10;4
70;2;4
71;8;3
72;5;3
73;7;2
74;10;4
75;6;2
76;6;4
77;6;4
78;5;3
79;5;3
80;6;4
81;4;2
82;8;4
83;15;4
84;9;1
85;10;4
86;3;4
87;16;4
88;6;4
89;8;5
90;4;3
91;9;3
92;11;3
93;6;4
94;7;4
95;9;4
96;8;4
97;6;3
98;7;3
99;5;2
100;6;3
101;6;4
102;9;5
103;9;1
104;11;3
105;5;4
106;4;4
107;8;4
108;7;4
109;8;3
110;9;4
111;8;3
112;6;3
113;7;3
114;5;4
115;8;4
116;6;4
117;3;1
118;5;2
119;10;4
120;7;3
121;7;3
122;7;4
123;5;3
124;4;3
125;6;4
126;6;3
127;12;4
128;10;4
129;7;3
130;8;3
131;8;3
132;14;3
133;2;5
134;8;5
135;10;4
136;6;3
137;3;2
138;1;3
139;8;4
140;4;4
141;13;4
142;10;4
143;11;4
144;6;3
145;5;4
146;10;4
147;5;4
148;13;3
149;4;3
150;4;3
151;5;3
152;6;3
153;15;4
154;9;4
155;6;4
156;5;3
157;2;3
158;2;4
159;9;5
160;6;4
161;13;4
162;9;4
163;8;5
164;9;3
165;4;3
166;9;4
167;8;4
168;5;3
169;6;4
170;4;3
171;7;3
172;9;4
173;10;4
174;6;4
175;5;2
176;8;4
177;8;4
178;5;4
179;15;4
180;10;4
181;2;3
182;6;3
183;10;4
184;3;2
185;8;4
186;11;3
187;5;3
188;9;4
189;4;2
190;2;4
191;5;3
192;7;4
193;1;2
194;2;3
195;3;3
196;4;4
197;7;4
198;5;3
199;2;3
200;3;5
201;4;5
202;5;4
203;5;3
204;5;5
205;2;3
206;5;3
207;6;4
208;5;3
209;6;3
210;6;4
211;0;3
212;4;2
213;9;4
214;2;3
215;3;3
216;5;4
217;6;3
218;4;2
219;5;3
220;6;4
221;1;4
222;11;4
223;6;3
224;11;4
225;8;4
226;2;4
227;1;3
228;2;4
229;7;4
230;5;4
231;8;4
232;6;3
233;1;3
234;4;4
235;9;4
236;6;4
237;6;2
238;2;4
239;6;3
240;8;3
241;5;4
242;3;3
243;7;3
244;6;3
245;3;2
246;5;3
247;8;3
248;18;4
249;5;4
250;1;3
251;9;4
252;7;3
253;5;4
254;4;4
255;9;5
256;5;4
257;5;4
258;8;4
259;11;5
260;3;4
261;7;3
262;3;3
263;5;5
264;4;4
265;3;2
266;7;4
267;2;3
268;9;3
269;7;3
270;1;3
271;3;4
272;6;4
273;4;3
274;6;4
275;4;4
276;7;3
277;9;3
278;6;3
279;3;3
280;6;4
281;5;4
282;8;4
283;4;4
284;2;4
285;3;4
286;9;4
287;4;3
288;8;4
289;10;3
290;7;3
291;11;3
292;6;4
293;2;2
294;5;5
295;6;4
296;7;5
297;1;3
298;5;3
299;12;5
300;6;3
301;5;4
302;11;4
303;11;4
304;5;4
305;6;4
306;10;4
307;6;4
308;10;4
309;3;3
310;7;5
311;7;3
312;2;4
313;6;4
314;4;3
315;7;4
316;5;5
317;13;4
318;8;4
319;8;3
320;6;4
321;4;4
322;6;4
323;3;4
324;9;4
325;11;4
326;10;4
327;7;3
328;8;4
329;7;4
330;11;3
331;9;3
332;6;4
333;5;3
334;5;4
335;7;4
336;7;4
337;7;4
338;10;4
339;9;4
340;3;4
341;6;4
342;7;4
343;7;4
344;9;5
345;2;3
346;11;4
347;8;3
348;8;4
349;13;5
350;5;4
351;10;4
352;1;3
353;2;4
354;6;3
355;7;3
356;1;3
357;6;4
358;7;3
359;4;5
360;7;3
361;12;5
362;5;4
363;7;4
364;9;3
365;8;5
366;7;4
367;7;4
368;1;3
369;2;3
370;4;4
371;10;4
372;8;4
373;5;3
374;11;2
375;9;4
376;7;3
377;10;4
378;4;4
379;1;1
380;8;4
381;6;5
382;7;2
383;5;4
384;9;3
385;6;4
386;5;3
387;10;4
388;10;3
389;3;3
390;5;4
391;11;4
392;4;4
393;2;4
394;2;3
395;4;4
396;3;4
397;6;5
398;6;4
399;7;4
400;3;3
401;3;4
402;1;4
403;3;4
404;2;3
405;0;3
406;7;3
407;1;3
408;14;3
409;8;4
410;2;3
411;7;3
412;9;4
413;10;3
414;9;4
415;6;3
416;10;4
417;2;4
418;6;4
419;9;3
420;9;4
421;8;2
422;12;4
423;5;4
424;2;3
425;10;3
426;7;3
427;7;4
428;6;4
429;7;4
430;3;3
431;8;4
432;10;4
433;8;4
434;5;4
435;3;3
436;3;3
437;5;3
438;4;3
439;4;4
440;5;3
441;5;4
442;5;4
443;7;3
444;5;5
445;11;4
446;7;3
447;11;3
448;6;2
449;10;4
450;9;4
451;1;4
452;4;3
453;4;3
454;8;2
455;9;3
456;10;4
457;3;4
458;3;3
459;5;2
460;6;3
461;19;4
462;10;4
463;8;3
464;12;3
465;9;4
466;6;4
467;5;4
468;6;3
469;8;2
470;9;4
471;6;4
472;6;4
473;2;4
474;5;4
475;7;3
476;2;4
477;7;4
478;7;4
479;3;4
480;10;4
481;11;4
482;5;3
483;3;4
484;9;3
485;7;3
486;8;4
487;4;4
488;9;2
489;10;4
490;10;2
491;5;4
492;7;5
493;4;3
494;4;3
495;5;5
496;5;4
497;4;3
498;14;5
499;6;2
500;5;3
501;2;2
502;9;4
503;6;3
504;6;4
505;8;4
506;7;4
507;5;4
508;4;5
509;4;3
510;7;3
511;6;4
512;8;3
513;3;3
514;9;4
515;3;5
516;5;4
517;5;4
518;7;2
519;7;3
520;4;4
521;4;2
522;9;2
523;6;5
524;9;4
525;2;3
526;8;4
527;1;4
528;5;4
529;2;3
530;6;2
531;4;4
532;7;2
533;6;3
534;8;4
535;4;4
536;11;3
537;5;2
538;5;3
539;7;4
540;4;4
541;0;3
542;6;3
543;4;4
544;4;5
545;9;4
546;3;5
547;4;3
548;2;3
549;4;5
550;7;4
551;7;3
552;4;3
553;8;3
554;3;3
555;1;3
556;7;4
557;9;4
558;9;4
559;4;3
560;1;4
561;6;4
562;5;4
563;7;3
564;3;2
565;7;5
566;5;4
567;5;3
568;5;4
569;8;1
570;7;4
571;7;4
572;10;3
573;9;4
574;6;4
575;6;3
576;8;3
577;8;4
578;7;3
579;4;4
580;5;3
581;4;3
582;13;4
583;6;3
584;6;3
585;5;3
586;4;3
587;9;4
588;9;3
589;7;3
590;1;4
591;12;5
592;4;4
593;6;4
594;10;3
595;3;3
596;8;3
597;2;2
598;4;2
599;0;3
600;8;3
601;9;3
602;11;3
603;4;5
604;1;3
605;2;4
606;4;4
607;12;3
608;8;4
609;1;4
610;9;2
611;4;4
612;8;2
613;5;3
614;4;4
615;4;3
616;6;2
617;3;4
618;10;4
619;2;3
620;2;3
621;11;4
622;4;4
623;3;3
624;5;3
625;3;4
626;7;3
627;9;4
628;3;3
629;5;5
630;3;4
631;3;3
632;5;4
633;10;3
634;10;3
635;10;4
636;0;3
637;4;2
638;6;2
639;5;4
640;9;4
641;10;2
642;0;3
643;8;3
644;3;5
645;6;4
646;7;4
647;5;3
648;5;4
649;6;2
650;7;2
651;6;5
652;4;4
653;7;4
654;7;2
655;2;3
656;8;2
657;5;2
658;9;4
659;7;3
660;4;5
661;8;3
662;5;2
663;2;4
664;10;3
665;9;3
666;9;3
667;2;4
668;8;3
669;7;3
670;6;2
671;8;2
672;11;2
673;3;2
674;10;3
675;3;3
676;9;3
677;7;4
678;5;3
679;12;1
680;10;3
681;5;3
682;8;3
683;11;3
684;8;3
685;2;3
686;7;4
687;4;3
688;11;4
689;3;4
690;3;3
691;11;3
692;5;4
693;6;2
694;9;2
695;6;3
696;5;2
697;6;4
698;6;3
699;11;1
700;4;3
701;7;3
702;12;4
703;10;3
704;10;3
705;6;4
706;5;4
707;7;2
708;9;4
709;4;3
710;9;2
711;7;3
712;2;3
713;6;3
714;8;4
715;5;4
716;9;3
717;8;3
718;10;4
719;9;3
720;3;3
721;6;4
722;7;4
723;8;2
724;7;2
725;0;3
726;5;3
727;8;3
728;7;3
729;10;4
730;4;3
731;9;2
732;8;5
733;6;4
734;7;3
735;2;3
736;7;3
737;3;3
738;5;4
739;11;4
740;10;3
741;6;4
742;3;2
743;6;3
744;6;3
745;6;2
746;4;3
747;4;3
748;4;3
749;3;3
750;7;4
751;7;4
752;6;3
753;3;4
754;9;3
755;9;4
756;7;5
757;6;3
758;7;4
759;5;2
760;2;4
761;13;4
762;9;1
763;7;3
764;6;3
765;6;3
766;10;4
767;8;3
768;5;3
769;7;3
770;1;3
771;1;1
772;6;3
773;7;2
774;5;4
775;7;3
776;2;4
777;4;2
778;10;4
779;5;4
780;5;3
781;3;3
782;6;3
783;9;4
784;7;3
785;6;3
786;5;3
787;5;5
788;5;2
789;6;3
790;4;3
791;1;4
792;3;1
793;7;2
794;10;4
795;8;4
796;6;3
797;6;3
798;9;3
799;2;2
800;3;3
801;6;3
802;10;2
803;9;4
804;10;5
805;4;3
806;11;4
807;15;4
808;0;2
809;4;3
810;2;2
811;9;3
812;2;4
813;7;4
814;7;3
815;6;1
816;5;3
817;5;4
818;5;4
819;7;4
820;6;4
821;2;2
822;13;4
823;2;2
824;3;3
825;8;4
826;6;3
827;2;4
828;11;4
829;4;3
830;8;4
831;7;1
832;3;4
833;1;3
834;3;3
835;7;4
836;5;4
837;7;3
838;4;2
839;5;4
840;7;1
841;5;3
842;3;3
843;10;4
844;3;3
845;10;4
846;8;4
847;11;3
848;2;4
849;7;2
850;5;3
851;5;2
852;8;3
853;9;4
854;3;3
855;7;5
856;8;3
857;6;3
858;10;2
859;1;3
860;6;4
861;10;3
862;5;3
863;7;4
864;3;4
865;9;4
866;4;4
867;9;3
868;9;3
869;4;3
870;3;3
871;5;4
872;8;4
873;9;4
874;8;3
875;7;4
876;8;3
877;7;2
878;6;2
879;2;1
880;9;2
881;4;4
882;7;4
883;3;3
884;6;3
885;5;5
886;2;4
887;3;5
888;4;3
889;6;4
890;6;4
891;11;2
892;9;3
893;2;3
894;1;3
895;1;3
896;6;3
897;11;4
898;3;4
899;4;2
900;5;5
901;7;4
902;5;4
903;3;4
904;8;4
905;4;3
906;5;3
907;5;4
908;11;4
909;9;4
910;8;3
911;4;4
912;3;3
913;4;3
914;11;4
915;7;2
916;4;3
917;9;3
918;2;2
919;9;3
920;4;4
921;5;3
922;3;3
923;1;4
924;6;3
925;1;2
926;3;3
927;3;2
928;9;3
929;7;3
930;7;4
931;11;4
932;5;3
933;3;4
934;4;3
935;3;3
936;6;3
937;5;4
938;3;3
939;9;3
940;5;3
941;4;2
942;5;5
943;8;3
944;6;3
945;8;4
946;6;3
947;2;4
948;7;2
949;11;4
950;5;3
951;7;3
952;5;3
953;5;4
954;6;4
955;6;3
956;6;3
957;3;2
958;3;3
959;6;3
960;14;4
961;6;3
962;10;4
963;7;4
964;3;2
965;5;4
966;2;2
967;6;3
968;8;4
969;7;3
970;9;3
971;13;3
972;6;4
973;6;1
974;8;4
975;5;4
976;1;4
977;12;3
978;5;4
979;5;3
980;1;4
981;3;3
982;8;4
983;8;4
984;12;4
985;4;2
986;4;2
987;4;3
988;0;3
989;9;4
990;4;3
991;6;2
992;8;4
993;6;3
994;5;4
995;6;3
996;0;3
997;10;3
998;5;3
999;5;4
1000;5;4
1001;7;3
1002;7;3
1003;10;4
1004;3;4
1005;11;3
1006;7;3
1007;7;2
1008;8;3
1009;9;4
1010;4;3
1011;0;2
1012;6;3
1013;2;3
1014;7;4
1015;9;4
1016;7;3
1017;3;4
1018;5;3
1019;6;2
1020;5;3
1021;5;4
1022;4;3
1023;4;3
1024;5;4
1025;5;5
1026;0;4
1027;5;4
1028;7;4
1029;6;4
1030;7;3
1031;1;3
1032;7;4
1033;10;3
1034;3;3
1035;2;2
1036;8;3
1037;8;4
1038;5;3
1039;4;2
1040;8;3
1041;7;5
1042;9;5
1043;4;5
1044;3;2
1045;7;3
1046;8;3
1047;5;3
1048;2;2
1049;3;4
1050;7;3
1051;9;4
1052;5;2
1053;8;5
1054;1;3
1055;3;4
1056;6;4
1057;7;4
1058;1;4
1059;2;4
1060;7;2
1061;6;4
1062;4;4
1063;9;4
1064;9;2
1065;3;4
1066;4;4
1067;6;4
1068;8;4
1069;3;4
1070;11;4
1071;4;2
1072;4;3
1073;8;3
1074;9;3
1075;11;3
1076;1;1
1077;5;3
1078;5;3
1079;13;4
1080;6;4
1081;8;3
1082;9;3
1083;7;3
1084;6;4
1085;1;1
1086;6;2
1087;2;4
1088;5;3
1089;4;3
1090;10;3
1091;8;4
1092;8;4
1093;5;4
1094;3;4
1095;1;4
1096;8;3
1097;6;3
1098;10;3
1099;7;3
1100;6;4
1101;6;4
1102;4;4
1103;8;3
1104;8;3
1105;5;4
1106;4;4
1107;10;4
1108;3;3
1109;6;4
1110;6;3
1111;12;3
1112;7;4
1113;10;5
1114;8;3
1115;4;4
1116;4;3
1117;9;5
1118;9;3
1119;7;3
1120;8;3
1121;7;3
1122;3;4
1123;7;3
1124;8;3
1125;1;4
1126;5;2
1127;7;4
1128;10;3
1129;9;5
1130;5;4
1131;5;4
1132;2;4
1133;9;4
1134;3;3
1135;9;4
1136;2;4
1137;8;4
1138;10;3
1139;3;4
1140;6;3
1141;3;4
1142;2;3
1143;2;4
1144;3;3
1145;1;3
1146;4;4
1147;10;3
1148;10;5
1149;3;3
1150;6;4
1151;5;4
1152;3;4
1153;8;3
1154;4;4
1155;7;3
1156;9;4
1157;5;4
1158;5;4
1159;4;3
1160;3;3
1161;4;4
1162;8;2
1163;1;3
1164;3;4
1165;9;3
1166;5;3
1167;10;3
1168;5;4
1169;9;4
1170;5;3
1171;2;2
1172;8;3
1173;8;4
1174;6;4
1175;4;3
1176;9;4
1177;5;3
1178;5;3
1179;9;4
1180;11;3
1181;5;5
1182;2;4
1183;0;3
1184;1;3
1185;11;3
1186;1;4
1187;3;4
1188;8;4
1189;5;3
1190;13;3
1191;10;3
1192;2;3
1193;12;4
1194;8;4
1195;10;4
1196;4;3
1197;3;3
1198;8;4
1199;3;3
1200;7;4
1201;5;4
1202;4;4
1203;3;3
1204;4;4
1205;3;3
1206;2;4
1207;10;4
1208;5;4
1209;0;3
1210;4;3
1211;4;3
1212;6;4
1213;2;4
1214;3;3
1215;5;4
1216;7;4
1217;8;5
1218;7;4
1219;3;4
1220;5;3
1221;1;2
1222;6;5
1223;10;4
1224;5;4
1225;3;1
1226;6;4
1227;8;4
1228;6;4
1229;5;4
1230;12;3
1231;1;4
1232;8;5
1233;3;4
1234;15;4
1235;9;4
1236;12;3
1237;5;4
1238;6;4
1239;7;3
1240;3;4
1241;6;4
1242;4;3
1243;13;3
1244;7;3
1245;4;3
1246;5;3
1247;9;4
1248;12;4
1249;6;3
1250;5;4
1251;4;4
1252;5;3
1253;7;3
1254;10;3
1255;2;3
1256;11;4
1257;8;3
1258;11;4
1259;8;4
1260;9;4
1261;7;3
1262;4;4
1263;7;5
1264;6;2
1265;13;4
1266;12;4
1267;10;3
1268;3;2
1269;5;3
1270;6;4
1271;9;4
1272;12;4
1273;8;3
1274;6;3
1275;7;3
1276;8;3
1277;2;4
1278;7;4
1279;14;4
1280;4;3
1281;3;2
1282;7;3
1283;4;4
1284;9;4
1285;5;3
1286;7;4
1287;1;4
1288;7;4
1289;6;3
1290;5;3
1291;3;4
1292;10;4
1293;8;4
1294;1;3
1295;5;4
1296;3;2
1297;8;3
1298;5;3
1299;5;3
1300;7;3
1301;8;4
1302;11;4
1303;12;4
1304;7;3
1305;1;4
1306;9;4
1307;12;3
1308;2;4
1309;6;3
1310;7;4
1311;9;5
1312;6;4
1313;4;5
1314;6;4
1315;4;3
1316;12;5
1317;5;3
1318;8;4
1319;6;4
1320;5;4
1321;6;4
1322;7;4
1323;6;4
1324;1;4
1325;3;3
1326;3;4
1327;7;4
1328;8;4
1329;3;3
1330;4;4
1331;11;3
1332;5;3
1333;5;4
1334;4;3
1335;6;4
1336;14;4
1337;7;4
1338;8;4
1339;2;3
1340;6;4
1341;10;5
1342;1;4
1343;8;4
1344;5;3
1345;5;4
1346;5;4
1347;11;3
1348;4;4
1349;8;3
1350;9;4
1351;4;5
1352;9;3
1353;3;4
1354;0;4
1355;8;4
1356;7;4
1357;3;4
1358;4;2
1359;6;4
1360;1;4
1361;2;3
1362;7;4
1363;3;3
1364;0;3
1365;3;3
1366;8;3
1367;5;3
1368;12;2
1369;3;3
1370;4;3
1371;9;3
1372;4;4
1373;7;5
1374;4;4
1375;3;1
1376;3;4
1377;11;4
1378;4;2
1379;7;1
1380;3;2
1381;3;5
1382;2;4
1383;8;3
1384;5;3
1385;2;4
1386;3;3
1387;4;3
1388;6;2
1389;1;3
1390;4;2
1391;6;3
1392;8;4
1393;4;3
1394;2;3
1395;6;4
1396;7;4
1397;1;3
1398;5;1
1399;10;4
1400;8;4
1401;2;2
1402;5;5
1403;8;5
1404;11;4
1405;9;4
1406;4;4
1407;6;2
1408;10;4
1409;6;3
1410;4;2
1411;10;4
1412;7;2
1413;6;3
1414;5;3
1415;2;2
1416;4;3
1417;9;1
1418;2;3
1419;7;3
1420;10;4
1421;6;4
1422;5;3
1423;7;3
1424;6;4
1425;10;1
1426;5;2
1427;3;2
1428;6;3
1429;3;2
1430;3;4
1431;6;3
1432;3;4
1433;12;4
1434;9;3
1435;2;2
1436;2;3
1437;9;2
1438;6;2
1439;6;4
1440;4;2
1441;5;3
1442;4;3
1443;0;3
1444;2;2
1445;8;4
1446;11;3
1447;4;3
1448;4;4
1449;8;4
1450;7;4
1451;7;4
1452;2;3
1453;3;4
1454;8;4
1455;3;2
1456;6;3
1457;4;4
1458;3;3
1459;4;3
1460;10;3
1461;4;4
1462;9;1
1463;2;1
1464;5;2
1465;3;3
1466;0;1
1467;5;3
1468;6;4
1469;3;4
1470;4;4
1471;8;4
1472;8;4
1473;3;4
1474;4;4
1475;10;4
1476;5;3
1477;5;3
1478;3;3
1479;7;2
1480;7;3
1481;1;3
1482;6;1
1483;6;4
1484;11;5
1485;9;2
1486;1;4
1487;3;2
1488;9;3
1489;11;5
1490;9;1
1491;12;3
1492;7;2
1493;3;2
1494;6;3
1495;8;4
1496;0;3
1497;4;4
1498;10;3
1499;6;3
1500;4;3
1501;4;4
1502;6;1
1503;2;4
1504;8;1
1505;3;3
1506;6;3
1507;8;5
1508;6;2
1509;6;1
1510;12;3
1511;9;3
1512;6;3
1513;6;3
1514;7;3
1515;7;3
1516;6;2
1517;10;1
1518;4;4
1519;7;4
1520;2;3
1521;4;4
1522;4;2
1523;1;3
1524;0;4
1525;5;3
1526;5;4
1527;8;3
1528;9;3
1529;10;2
1530;1;2
1531;6;4
1532;2;3
1533;7;3
1534;3;2
1535;8;3
1536;8;3
1537;1;4
1538;9;2
1539;3;3
1540;11;4
1541;6;3
1542;11;4
1543;7;2
1544;6;4
1545;9;4
1546;7;3
1547;12;2
1548;1;3
1549;5;2
1550;1;3
1551;11;3
1552;10;2
1553;4;3
1554;9;3
1555;6;2
1556;8;3
1557;2;2
1558;1;4
1559;7;3
1560;6;2
1561;9;4
1562;5;3
1563;10;4
1564;9;2
1565;5;2
1566;4;3
1567;14;3
1568;4;4
1569;1;3
1570;4;4
1571;2;3
1572;8;3
1573;4;4
1574;0;2
1575;6;4
1576;2;3
1577;8;1
1578;7;1
1579;9;4
1580;7;2
1581;3;2
1582;8;2
1583;6;4
1584;1;3
1585;10;1
1586;1;3
1587;7;4
1588;7;4
1589;3;5
1590;3;4
1591;6;5
1592;7;4
1593;3;3
1594;6;4
1595;8;5
1596;9;3
1597;10;3
1598;6;4
1599;4;4
1600;8;3
1601;5;4
1602;8;4
1603;9;4
1604;10;4
1605;5;1
1606;11;4
1607;3;4
1608;2;3
1609;9;3
1610;9;1
1611;7;2
1612;5;3
1613;8;3
1614;10;3
1615;4;3
1616;4;4
1617;9;4
1618;2;3
1619;5;2
1620;7;3
1621;3;2
1622;5;1
1623;2;1
1624;6;2
1625;5;3
1626;3;4
1627;7;3
1628;1;2
1629;9;4
1630;10;2
1631;1;2
1632;7;3
1633;12;3
1634;2;3
1635;4;4
1636;7;4
1637;10;3
1638;5;3
1639;2;3
1640;3;3
1641;2;4
1642;8;3
1643;2;4
1644;11;4
1645;8;2
1646;8;3
1647;3;4
1648;5;3
1649;6;3
1650;8;4
1651;7;2
1652;2;4
1653;6;4
1654;0;3
1655;4;3
1656;7;2
1657;3;3
1658;2;4
1659;3;4
1660;3;2
1661;11;3
1662;8;4
1663;7;3
1664;5;3
1665;6;2
1666;4;3
1667;9;1
1668;9;2
1669;0;3
1670;10;4
1671;7;4
1672;7;3
1673;5;4
1674;5;2
1675;3;4
1676;8;3
1677;7;1
1678;3;2
1679;5;4
1680;5;2
1681;3;4
1682;1;3
1683;4;3
1684;4;4
1685;9;2
1686;7;1
1687;3;3
1688;7;2
1689;8;3
1690;10;4
1691;3;5
1692;5;2
1693;9;3
1694;0;1
1695;6;3
1696;0;2
1697;7;3
1698;4;3
1699;8;3
1700;10;3
1701;3;4
1702;12;3
1703;4;2
1704;6;4
1705;0;4
1706;8;4
1707;10;3
1708;5;3
1709;10;4
1710;7;5
1711;9;3
1712;6;3
1713;3;2
1714;6;3
1715;3;3
1716;4;2
1717;5;1
1718;7;4
1719;7;4
1720;11;2
1721;1;3
1722;9;2
1723;9;3
1724;3;3
1725;5;1
1726;5;2
1727;6;1
1728;0;4
1729;6;4
1730;3;2
1731;11;4
1732;5;3
1733;0;2
1734;5;4
1735;4;4
1736;10;3
1737;7;4
1738;2;1
1739;9;2
1740;5;3
1741;5;2
1742;8;3
1743;5;3
1744;6;3
1745;4;5
1746;4;3
1747;6;3
1748;9;3
1749;10;3
1750;2;3
1751;3;2
1752;5;4
1753;6;2
1754;8;2
1755;1;4
1756;6;3
1757;5;3
1758;8;4
1759;10;3
1760;9;4
1761;7;3
1762;6;4
1763;7;4
1764;5;2
1765;4;4
1766;4;4
1767;1;2
1768;11;3
1769;12;3
1770;0;3
1771;4;3
1772;5;4
1773;3;3
1774;2;3
1775;5;3
1776;5;4
1777;6;4
1778;5;3
1779;12;3
1780;7;4
1781;8;4
1782;8;1
1783;10;4
1784;9;4
1785;12;3
1786;2;3
1787;3;4
1788;5;4
1789;2;4
1790;4;3
1791;4;4
1792;7;4
1793;8;3
1794;8;4
1795;5;4
1796;6;4
1797;4;3
1798;1;2
1799;3;3
1800;5;5
1801;5;2
1802;6;3
1803;9;1
1804;3;2
1805;4;1
1806;3;4
1807;2;1
1808;4;1
1809;1;1
1810;5;4
1811;6;3
1812;8;4
1813;9;1
1814;3;3
1815;5;3
1816;8;4
1817;7;2
1818;5;3
1819;2;4
1820;11;3
1821;4;3
1822;2;3
1823;6;3
1824;6;4
1825;5;3
1826;15;4
1827;5;1
1828;5;3
1829;1;3
1830;3;5
1831;9;2
1832;5;3
1833;5;3
1834;9;4
1835;10;2
1836;6;3
1837;8;4
1838;6;3
1839;8;3
1840;8;4
1841;4;2
1842;7;3
1843;9;2
1844;2;3
1845;9;3
1846;4;4
1847;4;1
1848;0;3
1849;5;2
1850;8;3
1851;3;3
1852;5;3
1853;9;3
1854;5;4
1855;2;2
1856;7;3
1857;5;3
1858;8;4
1859;3;4
1860;6;3
1861;3;2
1862;4;4
1863;9;3
1864;4;3
1865;6;3
1866;6;3
1867;8;3
1868;6;4
1869;3;4
1870;9;4
1871;3;3
1872;2;4
1873;3;4
1874;6;4
1875;7;4
1876;9;4
1877;2;2
1878;6;4
1879;8;5
1880;11;3
1881;6;3
1882;4;2
1883;5;3
1884;10;2
1885;12;2
1886;12;3
1887;3;4
1888;6;3
1889;1;3
1890;6;4
1891;5;4
1892;5;3
1893;7;3
1894;3;3
1895;6;4
1896;0;3
1897;8;4
1898;8;5
1899;3;4
1900;4;3
1901;5;4
1902;6;1
1903;6;3
1904;4;2
1905;5;2
1906;5;3
1907;6;3
1908;9;2
1909;3;3
1910;9;2
1911;5;5
1912;4;3
1913;10;3
1914;8;3
1915;4;4
1916;3;4
1917;7;4
1918;6;4
1919;7;1
1920;6;4
1921;7;3
1922;2;3
1923;5;4
1924;8;3
1925;4;2
1926;1;4
1927;8;5
1928;14;1
1929;10;5
1930;6;3
1931;5;4
1932;5;4
1933;8;4
1934;0;2
1935;5;4
1936;7;2
1937;5;3
1938;3;2
1939;10;3
1940;2;4
1941;10;4
1942;8;3
1943;2;3
1944;9;3
1945;5;3
1946;7;4
1947;3;3
1948;5;3
1949;1;3
1950;0;3
1951;6;2
1952;6;4
1953;3;4
1954;7;3
1955;3;3
1956;6;3
1957;5;4
1958;3;3
1959;10;4
1960;8;2
1961;0;2
1962;2;3
1963;3;4
1964;6;3
1965;4;3
1966;8;2
1967;5;4
1968;4;3
1969;7;2
1970;4;3
1971;4;1
1972;12;4
1973;6;4
1974;7;4
1975;1;2
1976;7;2
1977;6;3
1978;0;4
1979;8;1
1980;6;4
1981;2;4
1982;6;2
1983;10;5
1984;5;4
1985;10;3
1986;8;4
1987;2;4
1988;5;3
1989;5;3
1990;4;3
1991;4;2
1992;4;3
1993;7;3
1994;4;4
1995;2;4
1996;5;3
1997;3;3
1998;8;2
1999;6;4
2000;5;3
2001;8;2
2002;3;3
2003;11;4
2004;5;3
2005;9;4
2006;9;3
2007;3;2
2008;6;3
2009;3;4
2010;4;4
2011;2;4
2012;6;4
2013;14;3
2014;8;4
2015;5;3
2016;10;4
2017;3;1
2018;8;3
2019;4;3
2020;5;2
2021;7;3
2022;13;3
2023;5;4
2024;5;4
2025;9;4
2026;5;4
2027;3;2
2028;2;4
2029;3;3
2030;9;2
2031;14;3
2032;7;3
2033;7;4
2034;9;3
2035;5;3
2036;7;1
2037;8;4
2038;3;2
2039;10;3
2040;9;3
2041;2;4
2042;12;3
2043;3;3
2044;4;4
2045;9;3
2046;4;4
2047;3;3
2048;7;4
2049;4;3
2050;9;2
2051;11;4
2052;0;2
2053;8;3
2054;7;2
2055;6;5
2056;5;4
2057;5;2
2058;6;5
2059;9;3
2060;3;4
2061;5;3
2062;6;4
2063;2;2
2064;6;4
2065;9;4
2066;7;4
2067;2;2
2068;9;4
2069;2;1
2070;6;3
2071;3;3
2072;7;3
2073;2;3
2074;9;3
2075;4;4
2076;10;4
2077;11;4
2078;12;4
2079;1;4
2080;12;3
2081;9;4
2082;3;2
2083;7;3
2084;2;3
2085;9;4
2086;5;4
2087;6;2
2088;1;2
2089;9;3
2090;6;3
2091;8;4
2092;11;1
2093;1;2
2094;8;2
2095;5;3
2096;3;3
2097;1;3
2098;7;4
2099;6;3
2100;6;3
2101;7;3
2102;8;4
2103;6;2
2104;9;3
2105;8;3
2106;4;2
2107;9;3
2108;8;3
2109;6;3
2110;1;4
2111;7;2
2112;2;4
2113;6;4
2114;8;4
2115;3;2
2116;8;4
2117;4;3
2118;7;4
2119;5;4
2120;8;3
2121;2;4
2122;5;4
2123;10;5
2124;5;2
2125;2;4
2126;4;4
2127;3;4
2128;5;4
2129;1;4
2130;6;3
2131;4;4
2132;6;3
2133;5;4
2134;4;3
2135;5;4
2136;7;4
2137;1;3
2138;3;3
2139;3;3
2140;4;3
2141;5;3
2142;8;3
2143;5;2
2144;4;4
2145;14;4
2146;12;2
2147;1;2
2148;4;3
2149;4;4
2150;7;3
2151;13;3
2152;5;3
2153;9;3
2154;10;3
2155;4;3
2156;7;4
2157;5;3
2158;7;3
2159;0;4
2160;6;2
2161;5;1
2162;3;4
2163;6;3
2164;8;3
2165;3;3
2166;7;3
2167;5;4
2168;1;2
2169;4;4
2170;2;4
2171;7;3
2172;10;2
2173;10;4
2174;11;4
2175;2;3
2176;7;3
2177;5;3
2178;1;2
2179;4;4
2180;8;3
2181;3;3
2182;8;3
2183;6;4
2184;5;2
2185;4;3
2186;4;2
2187;4;3
2188;6;3
2189;4;4
2190;8;3
2191;8;4
2192;7;4
2193;9;1
2194;4;4
2195;4;4
2196;5;2
2197;5;2
2198;4;3
2199;6;3
2200;0;3
2201;6;3
2202;6;4
2203;2;3
2204;7;4
2205;2;4
2206;6;2
2207;7;4
2208;9;3
2209;8;2
2210;12;3
2211;8;3
2212;3;1
2213;4;2
2214;6;4
2215;1;4
2216;5;3
2217;1;2
2218;9;4
2219;3;1
2220;8;4
2221;4;1
2222;5;1
2223;12;5
2224;6;3
2225;5;3
2226;0;4
2227;5;3
2228;7;3
2229;0;3
2230;2;4
2231;8;4
2232;5;4
2233;8;4
2234;1;2
2235;3;3
2236;9;1
2237;10;4
2238;4;4
2239;7;3
2240;7;3
2241;8;5
2242;8;1
2243;9;3
2244;6;4
2245;7;3
2246;10;2
2247;1;2
2248;10;2
2249;8;4
2250;6;3
2251;2;3
2252;4;3
2253;1;3
2254;5;2
2255;0;3
2256;7;3
2257;3;3
2258;7;2
2259;13;3
2260;8;4
2261;3;2
2262;4;3
2263;1;5
2264;9;4
2265;3;2
2266;2;3
2267;1;3
2268;3;2
2269;4;4
2270;8;4
2271;6;2
2272;5;3
2273;3;3
2274;5;2
2275;2;3
2276;10;2
2277;8;4
2278;0;2
2279;4;3
2280;6;3
2281;8;4
2282;6;3
2283;1;3
2284;8;1
2285;1;2
2286;3;4
2287;1;3
2288;4;3
2289;2;4
2290;4;3
2291;11;3
2292;11;3
2293;4;2
2294;4;3
2295;5;3
2296;2;2
2297;10;3
2298;6;3
2299;9;3
2300;6;3
2301;2;2
2302;8;4
2303;5;2
2304;5;4
2305;5;2
2306;2;4
2307;5;3
2308;10;3
2309;10;5
2310;7;1
2311;3;1
2312;5;3
2313;0;4
2314;8;3
2315;5;4
2316;7;3
2317;6;4
2318;8;3
2319;5;4
2320;9;2
2321;0;2
2322;5;3
2323;3;4
2324;9;3
2325;9;3
2326;6;4
2327;8;4
2328;4;3
2329;6;3
2330;4;2
2331;7;4
2332;4;2
2333;5;4
2334;7;1
2335;3;3
2336;0;4
2337;6;4
2338;2;4
2339;2;3
2340;3;4
2341;2;4
2342;5;3
2343;6;3
2344;0;3
2345;5;2
2346;3;3
2347;8;3
2348;5;4
2349;4;3
2350;1;4
2351;4;3
2352;8;4
2353;5;3
2354;6;2
2355;2;4
2356;1;4
2357;4;4
2358;8;4
2359;1;3
2360;5;4
2361;3;3
2362;10;3
2363;3;3
2364;2;3
2365;6;3
2366;2;4
2367;7;3
2368;7;3
2369;3;2
2370;12;1
2371;2;4
2372;10;4
2373;7;4
2374;2;4
2375;10;3
2376;10;4
2377;3;2
2378;5;3
2379;4;3
2380;7;4
2381;7;4
2382;3;3
2383;9;3
2384;1;4
2385;10;3
2386;5;4
2387;7;1
2388;3;4
2389;12;5
2390;6;3
2391;7;4
2392;5;3
2393;1;2
2394;9;4
2395;8;4
2396;10;3
2397;4;5
2398;3;4
2399;7;4
2400;8;2
2401;8;3
2402;3;4
2403;7;4
2404;2;2
2405;4;3
2406;3;3
2407;5;4
2408;10;4
2409;5;4
2410;9;3
2411;6;3
2412;6;5
2413;14;4
2414;3;4
2415;7;4
2416;9;3
2417;9;1
2418;2;1
2419;2;3
2420;7;3
2421;2;3
2422;6;3
2423;8;3
2424;8;3
2425;9;3
2426;2;3
2427;5;4
2428;5;3
2429;2;4
2430;0;3
2431;9;3
2432;4;4
2433;5;3
2434;2;3
2435;5;3
2436;6;2
2437;4;3
2438;0;1
2439;10;1
2440;6;4
2441;5;2
2442;5;2
2443;8;3
2444;2;4
2445;3;5
2446;1;3
2447;10;4
2448;7;3
2449;0;4
2450;4;5
2451;10;3
2452;4;4
2453;4;5
2454;5;3
2455;10;2
2456;4;3
2457;11;4
2458;5;1
2459;4;1
2460;8;4
2461;7;3
2462;5;4
2463;5;3
2464;9;4
2465;10;2
2466;3;5
2467;3;3
2468;0;4
2469;2;3
2470;0;3
2471;6;2
2472;6;3
2473;2;4
2474;4;4
2475;2;3
2476;7;3
2477;11;3
2478;7;2
2479;5;3
2480;7;4
2481;10;2
2482;8;4
2483;2;3
2484;11;4
2485;4;5
2486;4;3
2487;6;1
2488;8;4
2489;9;3
2490;5;2
2491;0;2
2492;4;3
2493;5;3
2494;2;4
2495;4;3
2496;0;3
2497;6;2
2498;6;4
2499;0;4
2500;6;1
2501;1;3
2502;7;3
2503;0;4
2504;5;3
2505;4;3
2506;7;2
2507;1;3
2508;2;4
2509;9;1
2510;6;4
2511;4;3
2512;10;4
2513;9;4
2514;4;2
2515;7;3
2516;6;3
2517;12;4
2518;5;1
2519;5;3
2520;7;3
2521;7;3
2522;2;4
2523;1;4
2524;1;2
2525;3;3
2526;8;4
2527;1;2
2528;8;4
2529;0;1
2530;3;4
2531;10;2
2532;9;4
2533;3;1
2534;11;2
2535;3;2
2536;7;3
2537;6;3
2538;2;3
2539;8;4
2540;8;5
2541;7;2
2542;4;2
2543;2;2
2544;7;4
2545;7;3
2546;6;5
2547;3;2
2548;4;3
2549;6;3
2550;5;3
2551;7;3
2552;6;2
2553;2;5
2554;0;3
2555;5;2
2556;7;3
2557;7;4
2558;13;4
2559;7;5
2560;9;3
2561;4;3
2562;2;4
2563;11;3
2564;5;3
2565;6;4
2566;6;4
2567;6;2
2568;8;3
2569;7;3
2570;1;4
2571;6;5
2572;3;3
2573;3;4
2574;3;3
2575;8;4
2576;5;4
2577;2;3
2578;5;4
2579;5;3
2580;1;3
2581;6;3
2582;6;3
2583;0;3
2584;9;5
2585;1;2
2586;8;1
2587;7;4
2588;3;2
2589;4;3
2590;10;3
2591;5;4
2592;4;3
2593;6;3
2594;6;3
2595;0;2
2596;14;3
2597;1;4
2598;8;3
2599;9;4
2600;4;3
2601;9;3
2602;5;3
2603;3;3
2604;5;3
2605;10;2
2606;1;2
2607;8;3
2608;4;3
2609;6;4
2610;5;4
2611;6;4
2612;7;4
2613;6;4
2614;2;4
2615;8;3
2616;8;2
2617;12;3
2618;11;3
2619;5;4
2620;4;3
2621;7;3
2622;6;3
2623;6;4
2624;5;5
2625;1;4
2626;8;4
2627;0;5
2628;0;2
2629;7;3
2630;0;3
2631;5;3
2632;8;3
2633;10;4
2634;4;3
2635;2;3
2636;1;5
2637;10;3
2638;8;3
2639;9;3
2640;2;4
2641;6;3
2642;10;2
2643;6;3
2644;8;2
2645;5;2
2646;4;3
2647;7;3
2648;12;3
2649;5;4
2650;9;3
2651;5;3
2652;8;1
2653;1;3
2654;10;2
2655;4;2
2656;5;4
2657;7;3
2658;10;4
2659;7;3
2660;8;3
2661;6;4
2662;3;3
2663;12;4
2664;2;4
2665;5;3
2666;2;3
2667;7;4
2668;8;4
2669;3;3
2670;4;2
2671;9;3
2672;5;4
2673;6;4
2674;7;3
2675;11;4
2676;4;4
2677;3;3
2678;7;3
2679;8;4
2680;2;4
2681;7;3
2682;6;3
2683;11;4
2684;4;4
2685;5;2
2686;8;4
2687;8;3
2688;4;4
2689;5;3
2690;2;3
2691;8;4
2692;7;3
2693;2;2
2694;10;3
2695;4;3
2696;2;2
2697;6;4
2698;4;3
2699;2;4
2700;2;4
2701;5;3
2702;11;3
2703;6;4
2704;5;3
2705;6;5
2706;5;3
2707;11;3
2708;5;3
2709;11;5
2710;5;3
2711;1;3
2712;4;3
2713;9;1
2714;5;3
2715;8;4
2716;5;4
2717;4;2
2718;1;5
2719;10;3
2720;6;5
2721;6;2
2722;1;3
2723;8;4
2724;7;3
2725;8;3
2726;5;4
2727;8;3
2728;8;4
2729;9;3
2730;2;3
2731;7;2
2732;7;4
2733;3;2
2734;3;3
2735;1;3
2736;0;2
2737;7;3
2738;0;3
2739;6;4
2740;7;4
2741;8;4
2742;3;3
2743;8;4
2744;8;2
2745;9;3
2746;11;5
2747;9;3
2748;2;3
2749;12;3
2750;8;4
2751;0;3
2752;11;5
2753;3;3
2754;1;4
2755;7;4
2756;9;2
2757;8;4
2758;1;3
2759;6;3
2760;5;3
2761;8;3
2762;4;3
2763;6;4
2764;9;4
2765;3;3
2766;0;3
2767;2;3
2768;5;2
2769;5;3
2770;1;4
2771;3;3
2772;4;2
2773;3;3
2774;9;3
2775;5;3
2776;11;2
2777;6;3
2778;4;4
2779;6;3
2780;9;2
2781;6;3
2782;10;4
2783;8;3
2784;5;3
2785;9;4
2786;3;4
2787;8;4
2788;11;3
2789;4;3
2790;11;4
2791;9;3
2792;3;2
2793;4;4
2794;8;3
2795;2;4
2796;6;2
2797;3;3
2798;3;3
2799;8;3
2800;8;4
2801;10;3
2802;7;3
2803;10;2
2804;11;3
2805;0;3
2806;5;4
2807;5;4
2808;8;4
2809;4;4
2810;4;2
2811;6;3
2812;11;2
2813;10;4
2814;4;3
2815;1;3
2816;5;3
2817;7;3
2818;3;3
2819;10;4
2820;6;2
2821;4;4
2822;3;3
2823;5;3
2824;2;4
2825;1;4
2826;8;4
2827;9;3
2828;7;3
2829;2;3
2830;5;3
2831;7;4
2832;1;3
2833;1;3
2834;7;3
2835;5;4
2836;7;4
2837;6;3
2838;5;2
2839;5;4
2840;12;4
2841;8;3
2842;6;3
2843;7;3
2844;9;3
2845;8;3
2846;5;3
2847;9;1
2848;1;1
2849;7;3
2850;7;4
2851;6;3
2852;4;4
2853;3;3
2854;2;3
2855;4;3
2856;3;3
2857;8;3
2858;2;3
2859;8;4
2860;4;4
2861;7;4
2862;8;3
2863;4;3
2864;6;4
2865;3;3
2866;1;2
2867;2;2
2868;4;4
2869;2;4
2870;1;4
2871;3;3
2872;5;3
2873;4;3
2874;3;3
2875;7;5
2876;3;4
2877;7;4
2878;5;4
2879;5;3
2880;5;4
2881;7;4
2882;7;3
2883;4;3
2884;8;3
2885;4;4
2886;4;3
2887;8;4
2888;1;3
2889;7;3
2890;11;3
2891;7;1
2892;1;2
2893;5;2
2894;0;2
2895;15;4
2896;7;4
2897;7;4
2898;9;4
2899;7;3
2900;10;3
2901;5;2
2902;9;3
2903;5;2
2904;7;4
2905;10;3
2906;6;1
2907;4;4
2908;6;4
2909;2;4
2910;7;3
2911;4;3
2912;5;3
2913;9;3
2914;7;4
2915;5;3
2916;7;4
2917;8;3
2918;1;4
2919;6;3
2920;4;5
2921;5;3
2922;5;4
2923;10;4
2924;3;3
2925;7;4
2926;3;2
2927;3;3
2928;10;3
2929;6;3
2930;4;3
2931;7;3
2932;7;3
2933;5;3
2934;3;4
2935;7;1
2936;5;4
2937;6;3
2938;3;2
2939;3;3
2940;5;3
2941;7;3
2942;0;4
2943;1;3
2944;8;2
2945;1;3
2946;3;2
2947;8;3
2948;4;4
2949;6;5
2950;4;3
2951;0;3
2952;8;4
2953;5;4
2954;2;3
2955;5;4
2956;7;4
2957;6;3
2958;7;3
2959;6;3
2960;10;3
2961;5;4
2962;5;3
2963;8;2
2964;7;3
2965;6;4
2966;0;1
2967;2;3
2968;11;3
2969;10;3
2970;5;3
2971;7;2
2972;7;2
2973;7;4
2974;8;3
2975;3;3
2976;4;4
2977;9;3
2978;10;4
2979;11;4
2980;10;3
2981;9;3
2982;8;4
2983;8;5
2984;5;3
2985;7;2
2986;1;4
2987;6;3
2988;10;2
2989;8;1
2990;6;3
2991;3;4
2992;5;4
2993;7;2
2994;8;2
2995;2;4
2996;8;4
2997;6;4
2998;7;3
2999;4;5
3000;5;3
3001;7;1
3002;6;4
3003;5;4
3004;7;4
3005;10;4
3006;13;3
3007;8;4
3008;4;4
3009;11;5
3010;7;4
3011;5;3
3012;8;4
3013;8;3
3014;6;3
3015;1;3
3016;5;3
3017;1;3
3018;6;4
3019;4;3
3020;9;4
3021;7;4
3022;7;4
3023;3;3
3024;3;2
3025;9;3
3026;6;4
3027;1;3
3028;9;4
3029;4;4
3030;4;3
3031;4;3
3032;2;3
3033;9;3
3034;6;2
3035;6;3
3036;6;4
3037;6;3
3038;5;4
3039;3;3
3040;8;4
3041;6;4
3042;6;3
3043;11;4
3044;3;3
3045;0;3
3046;10;3
3047;9;3
3048;9;4
3049;8;4
3050;4;4
3051;6;2
3052;3;2
3053;3;4
3054;10;3
3055;6;3
3056;8;3
3057;7;3
3058;12;3
3059;6;4
3060;3;4
3061;4;4
3062;9;3
3063;6;3
3064;3;3
3065;6;2
3066;6;3
3067;8;2
3068;9;2
3069;7;3
3070;3;4
3071;3;4
3072;2;2
3073;8;3
3074;6;3
3075;8;2
3076;4;1
3077;3;3
3078;3;4
3079;2;3
3080;9;2
3081;3;3
3082;7;3
3083;7;2
3084;8;3
3085;7;3
3086;7;2
3087;10;3
3088;9;2
3089;10;2
3090;8;4
3091;5;2
3092;0;2
3093;8;1
3094;5;5
3095;8;4
3096;0;2
3097;7;4
3098;8;3
3099;8;4
3100;7;3
3101;3;4
3102;11;3
3103;7;3
3104;5;3
3105;3;3
3106;10;3
3107;8;3
3108;7;4
3109;5;2
3110;12;3
3111;8;3
3112;3;2
3113;5;2
3114;6;3
3115;4;4
3116;10;4
3117;9;4
3118;3;3
3119;8;3
3120;5;3
3121;7;4
3122;6;3
3123;3;3
3124;2;2
3125;6;3
3126;6;3
3127;4;3
3128;4;3
3129;6;4
3130;5;3
3131;11;4
3132;6;3
3133;4;2
3134;0;4
3135;3;2
3136;4;2
3137;8;2
3138;8;2
3139;5;2
3140;4;2
3141;6;3
3142;8;2
3143;9;3
3144;6;3
3145;1;3
3146;10;1
3147;9;4
3148;8;4
3149;8;4
3150;10;3
3151;7;4
3152;9;3
3153;5;3
3154;8;1
3155;5;3
3156;9;3
3157;7;3
3158;6;3
3159;6;3
3160;7;3
3161;2;2
3162;3;4
3163;7;2
3164;5;1
3165;5;2
3166;9;4
3167;9;3
3168;4;2
3169;11;3
3170;7;3
3171;3;3
3172;1;2
3173;9;2
3174;5;4
3175;9;3
3176;1;2
3177;7;3
3178;3;1
3179;13;4
3180;1;2
3181;9;2
3182;8;3
3183;6;4
3184;5;4
3185;4;3
3186;10;2
3187;4;3
3188;8;4
3189;8;2
3190;4;3
3191;6;3
3192;2;3
3193;9;4
3194;7;3
3195;3;4
3196;3;4
3197;12;2
3198;1;2
3199;2;2
3200;3;4
3201;1;3
3202;7;1
3203;7;3
3204;4;3
3205;6;3
3206;1;4
3207;0;3
3208;8;2
3209;8;3
3210;7;4
3211;1;3
3212;11;1
3213;4;4
3214;10;2
3215;6;2
3216;6;4
3217;6;2
3218;3;4
3219;4;4
3220;7;2
3221;8;3
3222;7;1
3223;5;3
3224;10;2
3225;6;4
3226;5;3
3227;4;4
3228;3;4
3229;6;2
3230;10;1
3231;5;2
3232;9;2
3233;7;5
3234;1;3
3235;0;3
3236;1;1
3237;9;4
3238;7;3
3239;4;4
3240;13;5
3241;8;3
3242;5;1
3243;7;4
3244;2;2
3245;8;3
3246;8;1
3247;7;2
3248;4;2
3249;6;4
3250;2;2
3251;9;3
3252;7;3
3253;2;3
3254;2;3
3255;2;2
3256;10;4
3257;11;3
3258;13;2
3259;1;4
3260;12;3
3261;8;3
3262;5;1
3263;7;4
3264;8;3
3265;5;3
3266;7;2
3267;6;3
3268;4;1
3269;3;3
3270;7;2
3271;6;3
3272;8;1
3273;7;2
3274;6;3
3275;9;1
3276;5;4
3277;9;3
3278;7;4
3279;10;2
3280;7;2
3281;7;4
3282;11;3
3283;8;4
3284;9;3
3285;4;2
3286;13;2
3287;1;2
3288;8;2
3289;1;3
3290;6;1
3291;6;3
3292;5;4
3293;1;4
3294;5;4
3295;5;3
3296;2;3
3297;6;2
3298;7;3
3299;2;4
3300;7;2
3301;6;4
3302;1;3
3303;7;3
3304;3;4
3305;3;4
3306;10;2
3307;2;4
3308;10;2
3309;1;4
3310;2;3
3311;10;4
3312;4;3
3313;11;4
3314;14;1
3315;8;4
3316;9;2
3317;11;2
3318;7;2
3319;4;2
3320;5;4
3321;3;3
3322;12;2
3323;7;3
3324;2;3
3325;10;3
3326;6;3
3327;8;2
3328;8;3
3329;5;2
3330;9;4
3331;6;3
3332;10;1
3333;6;4
3334;4;3
3335;9;2
3336;8;3
3337;4;3
3338;8;4
3339;7;3
3340;9;1
3341;7;2
3342;10;2
3343;8;2
3344;12;3
3345;6;3
3346;7;2
3347;1;3
3348;5;2
3349;9;2
3350;5;2
3351;8;4
3352;4;3
3353;4;3
3354;6;3
3355;5;3
3356;7;3
3357;11;5
3358;7;3
3359;4;3
3360;8;2
3361;11;3
3362;1;3
3363;5;4
3364;7;3
3365;5;3
3366;10;1
3367;0;3
3368;6;2
3369;5;1
3370;3;5
3371;7;4
3372;8;1
3373;9;1
3374;6;3
3375;4;4
3376;4;1
3377;9;4
3378;6;1
3379;8;1
3380;7;1
3381;11;1
3382;11;3
3383;9;2
3384;9;2
3385;8;3
3386;0;2
3387;2;3
3388;0;1
3389;6;1
3390;15;5
3391;7;2
3392;3;2
3393;9;2
3394;9;1
3395;3;2
3396;3;4
3397;2;2
3398;1;3
3399;2;2
3400;5;3
3401;9;3
3402;2;3
3403;2;4
3404;5;2
3405;2;1
3406;7;1
3407;2;2
3408;10;2
3409;3;2
3410;11;4
3411;8;4
3412;11;3
3413;8;2
3414;4;3
3415;10;2
3416;5;3
3417;11;1
3418;9;2
3419;5;4
3420;8;2
3421;4;5
3422;7;4
3423;7;3
3424;6;2
3425;12;2
3426;5;4
3427;11;2
3428;7;5
3429;7;1
3430;4;1
3431;6;2
3432;4;3
3433;6;2
3434;8;4
3435;3;3
3436;4;4
3437;8;4
3438;9;4
3439;1;3
3440;3;1
3441;12;3
3442;10;2
3443;10;2
3444;7;2
3445;5;4
3446;11;4
3447;8;4
3448;2;4
3449;3;2
3450;3;4
3451;10;2
3452;14;4
3453;12;3
3454;4;3
3455;6;3
3456;11;4
3457;5;3
3458;5;5
3459;7;1
3460;11;2
3461;9;2
3462;6;1
3463;11;2
3464;4;2
3465;2;4
3466;8;4
3467;5;2
3468;6;3
3469;4;4
3470;13;3
3471;6;4
3472;5;1
3473;8;2
3474;8;1
3475;5;3
3476;2;4
3477;7;1
3478;3;2
3479;9;3
3480;10;2
3481;4;1
3482;9;1
3483;2;3
3484;4;3
3485;4;2
3486;6;1
3487;7;2
3488;6;2
3489;5;3
3490;4;4
3491;6;2
3492;5;2
3493;8;1
3494;11;1
3495;11;2
3496;10;5
3497;3;4
3498;8;3
3499;7;4
3500;7;3
3501;10;2
3502;5;2
3503;2;4
3504;7;2
3505;3;4
3506;4;3
3507;4;3
3508;3;3
3509;3;4
3510;1;4
3511;12;5
3512;0;1
3513;7;3
3514;8;2
3515;6;3
3516;9;3
3517;10;1
3518;8;1
3519;12;3
3520;2;3
3521;7;2
3522;11;1
3523;6;3
3524;7;2
3525;7;1
3526;6;1
3527;4;3
3528;4;2
3529;9;3
3530;7;1
3531;1;4
3532;5;3
3533;16;4
3534;7;1
3535;4;2
3536;8;1
3537;7;5
3538;6;2
3539;12;4
3540;0;3
3541;2;2
3542;10;4
3543;10;2
3544;5;3
3545;1;3
3546;8;3
3547;3;2
3548;6;3
3549;11;3
3550;4;2
3551;6;2
3552;9;3
3553;6;2
3554;11;2
3555;5;3
3556;3;3
3557;5;4
3558;11;3
3559;11;4
3560;9;2
3561;3;3
3562;7;3
3563;6;1
3564;7;2
3565;4;5
3566;7;5
3567;3;3
3568;9;1
3569;9;3
3570;6;2
3571;7;1
3572;4;3
3573;10;2
3574;11;1
3575;5;2
3576;5;1
3577;5;3
3578;4;3
3579;8;2
3580;8;3
3581;11;3
3582;9;5
3583;6;3
3584;10;4
3585;3;3
3586;7;4
3587;3;3
3588;14;2
3589;9;4
3590;3;4
3591;10;4
3592;12;3
3593;12;3
3594;5;3
3595;11;4
3596;11;4
3597;1;2
3598;6;3
3599;10;2
3600;3;2
3601;3;3
3602;9;4
3603;7;3
3604;2;3
3605;6;3
3606;12;3
3607;7;2
3608;4;2
3609;7;1
3610;6;3
3611;10;1
3612;7;2
3613;6;3
3614;11;3
3615;4;4
3616;7;3
3617;2;2
3618;8;2
3619;3;4
3620;6;3
3621;2;3
3622;6;2
3623;5;1
3624;4;1
3625;1;3
3626;3;4
3627;9;1
3628;7;2
3629;7;3
3630;6;1
3631;9;2
3632;7;2
3633;2;4
3634;11;3
3635;8;2
3636;4;3
3637;7;1
3638;9;3
3639;6;2
3640;2;4
3641;4;4
3642;8;2
3643;7;3
3644;10;2
3645;5;1
3646;6;2
3647;10;3
3648;4;3
3649;6;3
3650;10;2
3651;8;3
3652;6;3
3653;3;1
3654;1;3
3655;5;4
3656;7;4
3657;7;4
3658;8;2
3659;2;5
3660;9;3
3661;10;2
3662;1;2
3663;4;3
3664;6;3
3665;10;1
3666;7;4
3667;4;1
3668;5;1
3669;5;3
3670;4;3
3671;10;1
3672;4;1
3673;4;2
3674;4;3
3675;3;3
3676;8;2
3677;8;4
3678;11;3
3679;7;1
3680;7;2
3681;6;4
3682;12;2
3683;9;2
3684;9;1
3685;12;5
3686;4;3
3687;6;1
3688;5;4
3689;15;1
3690;3;3
3691;9;3
3692;6;4
3693;7;2
3694;9;3
3695;8;2
3696;8;1
3697;9;3
3698;10;4
3699;7;3
3700;8;4
3701;7;2
3702;0;4
3703;4;4
3704;5;3
3705;11;4
3706;11;1
3707;8;1
3708;3;4
3709;8;1
3710;10;1
3711;8;2
3712;0;4
3713;8;3
3714;8;3
3715;10;2
3716;5;2
3717;4;3
3718;8;3
3719;8;2
3720;7;1
3721;5;4
3722;10;1
3723;5;4
3724;4;3
3725;8;3
3726;9;1
3727;5;3
3728;6;2
3729;7;2
3730;7;1
3731;9;5
3732;4;2
3733;8;4
3734;2;3
3735;6;4
3736;12;3
3737;10;3
3738;9;4
3739;7;4
3740;11;3
3741;3;2
3742;10;3
3743;9;2
3744;9;4
3745;2;3
3746;4;3
3747;5;4
3748;6;5
3749;0;3
3750;4;4
3751;5;3
3752;2;3
3753;0;3
3754;3;3
3755;8;1
3756;8;3
3757;0;2
3758;8;2
3759;7;5
3760;6;2
3761;5;3
3762;11;1
3763;7;3
3764;6;3
3765;3;3
3766;2;3
3767;7;3
3768;8;1
3769;4;3
3770;7;3
3771;8;3
3772;2;4
3773;10;2
3774;5;2
3775;12;1
3776;6;3
3777;6;2
3778;8;1
3779;11;2
3780;9;2
3781;7;1
3782;12;1
3783;10;3
3784;5;3
3785;7;3
3786;5;2
3787;2;3
3788;7;2
3789;12;2
3790;3;3
3791;8;2
3792;2;4
3793;7;4
3794;5;3
3795;5;2
3796;9;1
3797;5;2
3798;10;2
3799;9;2
3800;5;4
3801;6;3
3802;11;3
3803;8;1
3804;10;2
3805;11;2
3806;7;2
3807;2;4
3808;0;4
3809;7;2
3810;8;4
3811;1;4
3812;3;1
3813;7;3
3814;1;2
3815;6;3
3816;10;1
3817;6;3
3818;8;2
3819;5;1
3820;9;2
3821;5;4
3822;9;2
3823;8;2
3824;11;3
3825;2;5
3826;1;3
3827;8;1
3828;0;4
3829;10;2
3830;2;3
3831;8;2
3832;2;4
3833;9;3
3834;5;1
3835;4;2
3836;5;4
3837;7;2
3838;6;3
3839;9;1
3840;8;5
3841;12;1
3842;2;1
3843;12;4
3844;8;2
3845;1;2
3846;6;2
3847;2;2
3848;2;4
3849;8;1
3850;9;2
3851;6;1
3852;2;3
3853;1;3
3854;5;4
3855;4;3
3856;1;5
3857;6;4
3858;5;2
3859;4;4
3860;7;2
3861;6;3
3862;2;3
3863;5;2
3864;5;2
3865;8;3
3866;5;1
3867;6;4
3868;10;2
3869;4;1
3870;4;3
3871;5;3
3872;4;2
3873;2;2
3874;10;1
3875;8;2
3876;9;2
3877;5;2
3878;9;2
3879;7;2
3880;2;4
3881;10;1
3882;6;3
3883;11;4
3884;3;4
3885;7;2
3886;5;2
3887;6;2
3888;4;4
3889;6;1
3890;4;1
3891;9;2
3892;8;4
3893;11;1
3894;4;4
3895;8;2
3896;3;4
3897;5;3
3898;3;4
3899;4;3
3900;6;2
3901;1;3
3902;5;2
3903;8;1
3904;6;4
3905;4;3
3906;7;3
3907;6;4
3908;1;3
3909;8;2
3910;3;3
3911;4;3
3912;7;3
3913;12;3
3914;9;2
3915;5;3
3916;10;2
3917;8;3
3918;9;4
3919;9;2
3920;9;3
3921;7;2
3922;10;2
3923;10;2
3924;4;2
3925;7;4
3926;6;4
3927;10;1
3928;6;2
3929;9;3
3930;6;4
3931;10;2
3932;4;1
3933;9;2
3934;3;3
3935;8;2
3936;7;1
3937;3;2
3938;6;1
3939;15;1
3940;3;2
3941;6;2
3942;10;3
3943;8;3
3944;7;2
3945;1;3
3946;6;1
3947;7;2
3948;9;2
3949;5;2
3950;2;3
3951;4;4
3952;2;2
3953;2;3
3954;4;2
3955;7;3
3956;9;2
3957;10;2
3958;8;4
3959;3;3
3960;12;3
3961;6;3
3962;5;2
3963;12;2
3964;5;1
3965;7;3
3966;4;3
3967;9;2
3968;5;5
3969;6;2
3970;8;1
3971;7;4
3972;0;3
3973;10;5
3974;7;1
3975;8;4
3976;12;2
3977;10;2
3978;3;2
3979;5;4
3980;2;1
3981;8;1
3982;6;3
3983;7;4
3984;12;1
3985;9;2
3986;9;2
3987;4;3
3988;5;2
3989;5;2
3990;5;3
3991;6;2
3992;6;5
3993;5;2
3994;2;1
3995;10;4
3996;4;1
3997;0;2
3998;9;4
3999;4;3
4000;8;3
4001;2;2
4002;5;3
4003;9;3
4004;7;3
4005;2;5
4006;1;4
4007;7;2
4008;8;2
4009;10;2
4010;6;4
4011;10;3
4012;9;2
4013;1;3
4014;4;2
4015;6;2
4016;5;3
4017;6;3
4018;2;3
4019;7;4
4020;2;4
4021;4;2
4022;0;4
4023;9;2
4024;7;3
4025;7;4
4026;5;3
4027;4;3
4028;6;2
4029;8;1
4030;0;3
4031;7;2
4032;7;2
4033;4;1
4034;5;2
4035;12;3
4036;4;3
4037;5;3
4038;5;2
4039;6;4
4040;8;2
4041;5;2
4042;6;3
4043;1;4
4044;9;2
4045;11;4
4046;3;3
4047;6;2
4048;7;2
4049;7;3
4050;8;3
4051;7;1
4052;6;2
4053;5;2
4054;7;2
4055;8;3
4056;4;2
4057;4;2
4058;4;3
4059;5;4
4060;2;4
4061;5;3
4062;2;3
4063;7;1
4064;14;3
4065;6;2
4066;7;1
4067;5;4
4068;1;4
4069;6;4
4070;11;3
4071;4;4
4072;3;4
4073;10;2
4074;7;4
4075;3;3
4076;3;3
4077;9;2
4078;6;3
4079;8;4
4080;8;3
4081;7;4
4082;4;4
4083;11;4
4084;5;3
4085;9;3
4086;9;2
4087;9;4
4088;5;4
4089;6;5
4090;5;3
4091;8;5
4092;12;3
4093;6;3
4094;9;3
4095;5;3
4096;9;2
4097;8;5
4098;3;5
4099;5;3
4100;2;4
4101;6;2
4102;8;2
4103;11;4
4104;10;3
4105;5;4
4106;9;2
4107;5;4
4108;3;1
4109;8;1
4110;1;4
4111;11;4
4112;5;3
4113;7;3
4114;4;3
4115;10;1
4116;11;4
4117;6;3
4118;5;3
4119;4;3
4120;7;4
4121;0;4
4122;4;3
4123;4;4
4124;4;3
4125;5;4
4126;7;4
4127;9;3
4128;4;3
4129;12;4
4130;6;3
4131;5;3
4132;4;4
4133;9;4
4134;10;3
4135;6;4
4136;7;3
4137;7;4
4138;9;3
4139;5;1
4140;1;3
4141;2;5
4142;8;3
4143;3;2
4144;6;4
4145;9;4
4146;9;2
4147;5;1
4148;9;3
4149;5;2
4150;5;4
4151;8;2
4152;7;4
4153;9;2
4154;6;3
4155;6;3
4156;5;4
4157;6;3
4158;12;4
4159;6;4
4160;7;2
4161;3;4
4162;0;4
4163;2;4
4164;8;3
4165;8;3
4166;1;2
4167;1;3
4168;2;4
4169;7;2
4170;6;5
4171;3;4
4172;6;1
4173;6;3
4174;4;5
4175;6;3
4176;8;1
4177;3;3
4178;9;4
4179;1;3
4180;5;1
4181;1;3
4182;0;4
4183;4;2
4184;5;4
4185;3;1
4186;7;2
4187;7;4
4188;9;2
4189;5;3
4190;9;3
4191;1;3
4192;6;2
4193;12;4
4194;8;2
4195;10;4
4196;5;2
4197;6;2
4198;2;2
4199;6;2
4200;4;4
4201;2;3
4202;9;4
4203;4;3
4204;9;3
4205;3;3
4206;10;3
4207;5;4
4208;9;2
4209;0;3
4210;3;2
4211;7;3
4212;5;4
4213;10;3
4214;8;3
4215;2;1
4216;4;4
4217;2;4
4218;8;1
4219;5;2
4220;9;2
4221;12;2
4222;8;3
4223;3;1
4224;12;3
4225;7;3
4226;5;4
4227;7;3
4228;5;4
4229;7;3
4230;3;4
4231;11;3
4232;7;3
4233;8;2
4234;4;2
4235;7;2
4236;4;3
4237;8;4
4238;6;2
4239;4;4
4240;5;2
4241;4;4
4242;4;3
4243;3;2
4244;5;3
4245;9;1
4246;9;2
4247;5;4
4248;4;3
4249;7;3
4250;5;4
4251;8;3
4252;8;4
4253;4;3
4254;8;2
4255;0;2
4256;10;3
4257;8;4
4258;10;4
4259;5;3
4260;4;3
4261;13;4
4262;1;3
4263;6;4
4264;10;2
4265;7;3
4266;7;3
4267;15;4
4268;12;3
4269;6;5
4270;9;5
4271;5;3
4272;6;3
4273;6;3
4274;6;4
4275;9;3
4276;1;1
4277;2;2
4278;1;4
4279;8;2
4280;1;4
4281;3;4
4282;2;3
4283;7;4
4284;9;3
4285;6;3
4286;14;2
4287;9;3
4288;2;3
4289;0;2
4290;7;1
4291;3;4
4292;1;4
4293;9;4
4294;5;3
4295;4;4
4296;5;3
4297;2;4
4298;2;3
4299;10;3
4300;7;1
4301;2;2
4302;1;3
4303;9;3
4304;10;3
4305;5;4
4306;5;3
4307;7;1
4308;9;2
4309;9;3
4310;1;3
4311;4;3
4312;7;3
4313;5;4
4314;10;4
4315;3;2
4316;9;3
4317;8;3
4318;7;4
4319;0;3
4320;5;3
4321;4;4
4322;10;4
4323;4;1
4324;6;3
4325;1;1
4326;3;3
4327;7;3
4328;7;4
4329;9;4
4330;9;1
4331;3;4
4332;4;3
4333;4;2
4334;6;3
4335;4;4
4336;10;4
4337;6;4
4338;1;4
4339;0;3
4340;6;3
4341;1;2
4342;9;3
4343;9;1
4344;4;3
4345;5;3
4346;7;4
4347;2;3
4348;6;3
4349;6;4
4350;6;4
4351;12;2
4352;9;4
4353;6;3
4354;4;3
4355;7;3
4356;4;1
4357;10;3
4358;8;3
4359;10;2
4360;6;3
4361;1;4
4362;7;1
4363;6;4
4364;10;3
4365;9;4
4366;5;3
4367;6;3
4368;2;3
4369;4;4
4370;3;3
4371;12;4
4372;8;3
4373;7;4
4374;9;5
4375;9;3
4376;4;3
4377;9;2
4378;6;3
4379;6;4
4380;3;3
4381;6;4
4382;7;4
4383;6;3
4384;6;3
4385;6;4
4386;3;5
4387;5;2
4388;7;3
4389;7;2
4390;6;3
4391;7;4
4392;2;4
4393;11;3
4394;3;4
4395;5;4
4396;11;3
4397;11;3
4398;9;4
4399;10;4
4400;8;1
4401;14;1
4402;4;3
4403;6;4
4404;6;4
4405;3;2
4406;9;3
4407;4;2
4408;3;2
4409;4;3
4410;1;4
4411;12;2
4412;1;3
4413;6;3
4414;7;4
4415;3;3
4416;6;3
4417;5;4
4418;2;3
4419;1;3
4420;11;2
4421;1;3
4422;4;4
4423;7;3
4424;1;3
4425;1;2
4426;4;2
4427;2;3
4428;0;3
4429;4;3
4430;7;2
4431;5;5
4432;3;4
4433;6;1
4434;1;4
4435;5;1
4436;4;4
4437;6;2
4438;7;4
4439;3;3
4440;5;2
4441;6;3
4442;2;4
4443;8;4
4444;8;2
4445;5;3
4446;2;2
4447;2;2
4448;10;5
4449;2;3
4450;6;3
4451;5;3
4452;11;4
4453;8;4
4454;10;3
4455;8;2
4456;8;3
4457;2;3
4458;8;2
4459;7;3
4460;1;3
4461;4;4
4462;8;3
4463;6;4
4464;13;4
4465;10;4
4466;6;3
4467;5;4
4468;2;4
4469;3;3
4470;3;3
4471;2;3
4472;7;2
4473;4;2
4474;3;4
4475;4;3
4476;4;4
4477;0;3
4478;10;3
4479;5;3
4480;4;3
4481;8;1
4482;8;2
4483;9;1
4484;5;4
4485;1;3
4486;1;2
4487;7;4
4488;2;4
4489;7;3
4490;8;4
4491;6;3
4492;2;4
4493;9;3
4494;5;4
4495;7;3
4496;8;4
4497;12;3
4498;8;3
4499;7;3
4500;4;3
4501;5;3
4502;4;4
4503;0;3
4504;3;3
4505;6;4
4506;6;4
4507;2;1
4508;6;3
4509;9;2
4510;7;2
4511;6;4
4512;6;4
4513;15;3
4514;1;3
4515;2;3
4516;4;3
4517;8;3
4518;7;4
4519;3;3
4520;5;4
4521;5;3
4522;8;2
4523;7;4
4524;4;3
4525;7;3
4526;1;3
4527;1;1
4528;9;4
4529;7;3
4530;8;3
4531;7;1
4532;7;2
4533;1;1
4534;3;3
4535;0;4
4536;9;2
4537;4;3
4538;1;3
4539;9;5
4540;7;3
4541;3;4
4542;11;4
4543;6;3
4544;10;5
4545;6;3
4546;5;3
4547;4;4
4548;7;3
4549;9;3
4550;6;3
4551;1;2
4552;3;3
4553;8;3
4554;2;3
4555;5;2
4556;5;3
4557;11;3
4558;4;2
4559;5;3
4560;5;3
4561;7;3
4562;3;4
4563;9;3
4564;9;3
4565;10;3
4566;6;2
4567;8;3
4568;3;3
4569;1;4
4570;0;2
4571;1;4
4572;0;3
4573;8;3
4574;4;4
4575;9;3
4576;8;3
4577;5;4
4578;9;4
4579;6;3
4580;5;3
4581;3;5
4582;5;2
4583;9;2
4584;4;3
4585;5;4
4586;0;4
4587;5;3
4588;2;4
4589;3;3
4590;7;3
4591;4;4
4592;4;4
4593;10;4
4594;7;3
4595;2;4
4596;3;3
4597;6;2
4598;1;3
4599;7;3
4600;8;5
4601;5;4
4602;11;3
4603;13;4
4604;6;3
4605;0;2
4606;6;4
4607;1;3
4608;10;2
4609;6;4
4610;5;2
4611;10;4
4612;7;3
4613;7;3
4614;3;3
4615;11;2
4616;7;3
4617;4;4
4618;4;2
4619;9;1
4620;2;3
4621;3;2
4622;12;2
4623;7;3
4624;5;3
4625;9;4
4626;4;3
4627;4;3
4628;6;3
4629;6;3
4630;8;1
4631;5;3
4632;2;3
4633;8;3
4634;5;4
4635;10;3
4636;5;2
4637;8;3
4638;8;1
4639;7;3
4640;10;3
4641;7;1
4642;1;5
4643;1;3
4644;8;4
4645;12;3
4646;3;3
4647;10;3
4648;4;3
4649;6;4
4650;4;2
4651;6;2
4652;5;2
4653;3;2
4654;3;4
4655;3;3
4656;8;2
4657;2;3
4658;6;3
4659;8;3
4660;2;3
4661;2;3
4662;8;3
4663;3;3
4664;4;4
4665;8;4
4666;0;1
4667;4;2
4668;0;3
4669;5;3
4670;7;4
4671;4;3
4672;8;4
4673;2;3
4674;9;2
4675;5;2
4676;4;3
4677;5;4
4678;7;3
4679;1;3
4680;3;3
4681;6;3
4682;7;3
4683;9;3
4684;4;4
4685;8;4
4686;5;2
4687;4;3
4688;1;3
4689;6;3
4690;3;4
4691;4;3
4692;5;4
4693;7;2
4694;13;3
4695;7;3
4696;3;3
4697;6;4
4698;4;3
4699;5;5
4700;11;3
4701;8;3
4702;2;4
4703;10;3
4704;2;4
4705;7;2
4706;9;3
4707;7;1
4708;5;4
4709;2;3
4710;1;3
4711;7;2
4712;7;1
4713;7;2
4714;5;3
4715;9;4
4716;10;3
4717;3;2
4718;3;2
4719;8;3
4720;9;4
4721;5;2
4722;3;3
4723;3;4
4724;11;2
4725;4;3
4726;4;1
4727;7;3
4728;7;2
4729;5;3
4730;9;4
4731;7;3
4732;9;5
4733;9;2
4734;7;2
4735;8;2
4736;4;2
4737;4;3
4738;8;5
4739;5;1
4740;7;5
4741;2;3
4742;2;3
4743;8;3
4744;6;2
4745;9;2
4746;5;2
4747;4;1
4748;8;3
4749;10;3
4750;4;4
4751;2;2
4752;10;3
4753;12;3
4754;2;3
4755;6;3
4756;8;3
4757;9;3
4758;4;4
4759;7;3
4760;10;3
4761;6;2
4762;8;2
4763;3;3
4764;1;3
4765;2;4
4766;5;3
4767;5;3
4768;5;3
4769;5;3
4770;7;4
4771;11;2
4772;6;4
4773;4;4
4774;2;3
4775;1;4
4776;5;3
4777;4;2
4778;0;4
4779;8;2
4780;8;3
4781;4;4
4782;7;2
4783;4;3
4784;3;2
4785;5;4
4786;6;3
4787;8;4
4788;2;3
4789;3;3
4790;10;3
4791;6;4
4792;1;5
4793;2;3
4794;5;3
4795;9;2
4796;10;4
4797;6;3
4798;3;4
4799;12;4
4800;8;3
4801;8;4
4802;9;4
4803;5;3
4804;2;3
4805;10;4
4806;7;1
4807;6;5
4808;6;4
4809;5;3
4810;7;4
4811;11;4
4812;0;3
4813;5;2
4814;6;4
4815;5;3
4816;10;4
4817;9;2
4818;4;3
4819;2;4
4820;9;2
4821;8;4
4822;4;3
4823;9;3
4824;6;1
4825;8;2
4826;3;3
4827;5;2
4828;9;1
4829;6;4
4830;6;4
4831;12;5
4832;1;2
4833;6;2
4834;4;3
4835;7;3
4836;3;4
4837;3;3
4838;5;3
4839;9;3
4840;5;3
4841;11;2
4842;7;4
4843;6;3
4844;3;2
4845;8;2
4846;4;2
4847;8;2
4848;2;4
4849;10;3
4850;2;2
4851;0;2
4852;11;3
4853;3;2
4854;5;3
4855;0;3
4856;3;4
4857;4;3
4858;12;1
4859;3;3
4860;8;3
4861;1;3
4862;4;1
4863;11;3
4864;9;3
4865;1;3
4866;8;2
4867;2;2
4868;1;3
4869;9;3
4870;5;1
4871;10;3
4872;2;3
4873;6;1
4874;7;2
4875;5;4
4876;8;3
4877;9;2
4878;6;3
4879;3;3
4880;7;1
4881;3;3
4882;3;3
4883;7;4
4884;6;3
4885;2;2
4886;3;4
4887;7;3
4888;10;3
4889;7;3
4890;2;3
4891;5;2
4892;3;3
4893;13;4
4894;7;4
4895;3;2
4896;7;4
4897;0;3
4898;5;3
4899;5;4
4900;1;1
4901;8;3
4902;8;3
4903;7;4
4904;7;3
4905;8;3
4906;6;3
4907;4;2
4908;2;4
4909;8;3
4910;5;2
4911;7;3
4912;8;3
4913;8;1
4914;1;4
4915;1;4
4916;1;3
4917;2;4
4918;4;4
4919;5;4
4920;7;3
4921;5;3
4922;5;3
4923;2;3
4924;9;3
4925;11;2
4926;7;2
4927;3;4
4928;5;4
4929;1;3
4930;5;4
4931;11;3
4932;8;2
4933;8;4
4934;10;3
4935;9;1
4936;3;4
4937;4;4
4938;2;3
4939;7;4
4940;8;3
4941;0;3
4942;4;3
4943;11;3
4944;6;2
4945;4;4
4946;7;2
4947;5;4
4948;3;2
4949;3;4
4950;3;5
4951;3;2
4952;5;3
4953;6;3
4954;3;2
4955;12;2
4956;9;2
4957;7;4
4958;7;2
4959;6;2
4960;5;3
4961;7;4
4962;9;4
4963;1;3
4964;9;4
4965;4;4
4966;1;3
4967;4;2
4968;4;3
4969;0;4
4970;7;2
4971;6;2
4972;6;4
4973;2;3
4974;5;3
4975;9;3
4976;11;1
4977;8;2
4978;8;2
4979;8;1
4980;10;3
4981;4;4
4982;10;3
4983;5;3
4984;2;2
4985;9;3
4986;9;3
4987;0;2
4988;8;2
4989;4;3
4990;8;4
4991;3;3
4992;10;3
4993;2;3
4994;8;2
4995;5;4
4996;4;4
4997;6;5
4998;5;2
4999;3;2
5000;5;3
5001;3;2
5002;6;2
5003;9;2
5004;7;4
5005;3;4
5006;3;1
5007;2;3
5008;6;4
5009;7;3
5010;8;2
5011;8;1
5012;7;1
5013;3;1
5014;8;2
5015;3;1
5016;8;4
5017;4;3
5018;1;4
5019;2;3
5020;5;2
5021;5;2
5022;1;2
5023;9;2
5024;3;4
5025;0;2
5026;6;3
5027;8;5
5028;4;3
5029;8;1
5030;7;2
5031;3;3
5032;4;2
5033;10;3
5034;8;4
5035;3;3
5036;7;4
5037;4;2
5038;5;4
5039;6;3
5040;5;3
5041;4;2
5042;10;3
5043;4;3
5044;4;3
5045;8;4
5046;6;3
5047;0;2
5048;2;3
5049;5;5
5050;2;3
5051;7;1
5052;3;3
5053;1;3
5054;6;2
5055;8;4
5056;4;4
5057;6;2
5058;4;3
5059;4;5
5060;2;3
5061;4;4
5062;9;3
5063;4;4
5064;8;3
5065;8;2
5066;10;3
5067;4;4
5068;8;3
5069;6;3
5070;13;3
5071;1;3
5072;4;3
5073;0;4
5074;6;4
5075;6;3
5076;7;1
5077;2;3
5078;5;3
5079;8;3
5080;9;3
5081;6;4
5082;9;4
5083;4;3
5084;5;2
5085;3;2
5086;3;2
5087;12;3
5088;8;3
5089;3;3
5090;2;3
5091;4;3
5092;10;1
5093;3;1
5094;9;2
5095;1;3
5096;5;3
5097;10;4
5098;7;2
5099;9;2
5100;3;4
5101;9;2
5102;12;4
5103;3;3
5104;8;2
5105;13;2
5106;8;3
5107;9;2
5108;6;3
5109;5;3
5110;5;5
5111;4;1
5112;14;4
5113;3;3
5114;11;4
5115;5;2
5116;6;4
5117;8;3
5118;5;3
5119;12;2
5120;2;4
5121;1;2
5122;12;2
5123;5;3
5124;7;2
5125;5;3
5126;11;3
5127;3;3
5128;8;4
5129;7;4
5130;5;4
5131;11;2
5132;3;2
5133;2;4
5134;2;2
5135;5;3
5136;3;3
5137;6;3
5138;3;3
5139;10;2
5140;10;4
5141;4;2
5142;4;3
5143;2;3
5144;6;3
5145;2;4
5146;7;3
5147;6;2
5148;4;3
5149;9;4
5150;2;4
5151;3;3
5152;8;4
5153;11;3
5154;4;3
5155;9;4
5156;2;3
5157;2;3
5158;11;3
5159;5;4
5160;5;4
5161;6;1
5162;5;2
5163;10;4
5164;8;2
5165;9;3
5166;1;1
5167;4;3
5168;4;3
5169;4;3
5170;5;1
5171;5;2
5172;0;2
5173;6;3
5174;2;3
5175;8;2
5176;7;1
5177;10;3
5178;4;3
5179;1;3
5180;10;1
5181;7;2
5182;7;3
5183;12;1
5184;4;2
5185;6;1
5186;5;4
5187;8;3
5188;7;3
5189;4;2
5190;7;4
5191;10;4
5192;4;3
5193;4;1
5194;1;2
5195;8;3
5196;3;3
5197;4;3
5198;6;3
5199;11;3
5200;9;3
5201;0;3
5202;7;2
5203;5;4
5204;11;3
5205;10;2
5206;1;4
5207;9;4
5208;11;4
5209;9;3
5210;5;4
5211;1;3
5212;9;2
5213;8;4
5214;2;3
5215;7;2
5216;8;3
5217;7;3
5218;10;4
5219;10;4
5220;10;3
5221;7;2
5222;8;3
5223;2;3
5224;4;3
5225;1;4
5226;8;3
5227;8;2
5228;1;2
5229;7;1
5230;10;3
5231;9;2
5232;1;1
5233;10;2
5234;7;3
5235;6;3
5236;5;3
5237;6;3
5238;7;3
5239;7;5
5240;9;3
5241;9;2
5242;6;2
5243;10;2
5244;3;1
5245;6;3
5246;7;1
5247;3;3
5248;3;4
5249;3;3
5250;6;1
5251;2;3
5252;15;4
5253;5;3
5254;11;2
5255;6;2
5256;2;1
5257;5;2
5258;2;1
5259;7;1
5260;9;3
5261;6;2
5262;9;1
5263;2;3
5264;9;2
5265;3;3
5266;10;2
5267;9;2
5268;6;2
5269;12;1
5270;5;4
5271;4;5
5272;5;2
5273;3;2
5274;1;3
5275;5;2
5276;8;3
5277;7;3
5278;10;4
5279;7;1
5280;6;3
5281;11;2
5282;1;3
5283;10;3
5284;8;2
5285;10;3
5286;3;4
5287;6;2
5288;1;4
5289;8;3
5290;3;3
5291;4;4
5292;7;1
5293;4;4
5294;5;4
5295;3;2
5296;4;3
5297;13;2
5298;10;3
5299;1;3
5300;8;1
5301;1;2
5302;8;1
5303;2;3
5304;8;1
5305;10;2
5306;10;1
5307;11;2
5308;6;4
5309;4;3
5310;3;4
5311;9;1
5312;7;4
5313;4;3
5314;8;4
5315;9;1
5316;4;4
5317;10;3
5318;4;3
5319;6;2
5320;1;4
5321;6;3
5322;2;3
5323;4;3
5324;9;3
5325;8;3
5326;3;4
5327;9;2
5328;13;3
5329;8;4
5330;12;4
5331;5;3
5332;6;2
5333;9;3
5334;10;4
5335;4;2
5336;10;4
5337;7;2
5338;6;3
5339;3;3
5340;5;4
5341;5;3
5342;9;4
5343;11;3
5344;3;3
5345;6;3
5346;4;3
5347;8;2
5348;1;2
5349;3;3
5350;6;4
5351;6;3
5352;4;2
5353;5;3
5354;6;1
5355;7;3
5356;11;3
5357;10;3
5358;6;4
5359;5;3
5360;9;3
5361;4;3
5362;2;3
5363;5;3
5364;1;3
5365;10;4
5366;4;3
5367;9;4
5368;13;3
5369;6;3
5370;7;3
5371;6;3
5372;7;3
5373;5;3
5374;4;3
5375;7;3
5376;4;3
5377;8;1
5378;8;4
5379;6;3
5380;6;5
5381;2;3
5382;7;3
5383;7;3
5384;1;4
5385;5;3
5386;7;3
5387;7;2
5388;11;2
5389;12;3
5390;6;4
5391;9;3
5392;5;3
5393;6;3
5394;4;2
5395;10;1
5396;5;4
5397;7;2
5398;3;1
5399;7;4
5400;3;2
5401;4;3
5402;6;3
5403;9;4
5404;9;4
5405;8;2
5406;7;2
5407;2;1
5408;5;3
5409;6;3
5410;8;1
5411;2;2
5412;4;3
5413;7;3
5414;5;3
5415;8;2
5416;5;2
5417;4;4
5418;1;3
5419;5;2
5420;2;4
5421;7;4
5422;5;3
5423;9;4
5424;8;3
5425;7;4
5426;1;2
5427;10;2
5428;9;2
5429;9;3
5430;7;2
5431;9;4
5432;9;3
5433;9;3
5434;9;2
5435;5;3
5436;7;4
5437;8;3
5438;9;4
5439;4;2
5440;11;3
5441;5;2
5442;6;3
5443;4;3
5444;7;3
5445;1;2
5446;8;3
5447;7;3
5448;7;4
5449;6;3
5450;10;3
5451;6;3
5452;8;3
5453;2;4
5454;7;3
5455;10;2
5456;7;2
5457;6;3
5458;6;4
5459;9;1
5460;5;3
5461;3;4
5462;4;2
5463;9;2
5464;9;2
5465;9;2
5466;10;2
5467;6;4
5468;9;2
5469;10;3
5470;10;3
5471;5;2
5472;4;3
5473;8;3
5474;2;3
5475;8;4
5476;8;4
5477;2;3
5478;8;1
5479;8;2
5480;3;3
5481;8;4
5482;8;2
5483;8;2
5484;4;3
5485;2;3
5486;9;2
5487;6;2
5488;8;3
5489;6;3
5490;6;4
5491;12;3
5492;11;3
5493;6;3
5494;8;3
5495;11;4
5496;4;5
5497;4;3
5498;6;3
5499;2;3
5500;10;2
5501;4;3
5502;4;4
5503;5;2
5504;1;2
5505;6;2
5506;7;2
5507;3;1
5508;2;3
5509;7;3
5510;5;4
5511;12;4
5512;3;3
5513;6;3
5514;12;3
5515;10;2
5516;5;2
5517;4;3
5518;4;4
5519;2;3
5520;6;2
5521;10;3
5522;2;3
5523;5;2
5524;6;3
5525;6;4
5526;5;3
5527;4;2
5528;6;3
5529;7;3
5530;4;4
5531;9;3
5532;5;2
5533;7;3
5534;0;2
5535;5;3
5536;12;3
5537;2;3
5538;11;3
5539;7;3
5540;7;2
5541;6;3
5542;9;2
5543;4;3
5544;9;3
5545;7;3
5546;7;3
5547;7;4
5548;7;4
5549;5;4
5550;7;4
5551;3;3
5552;5;2
5553;2;3
5554;4;4
5555;5;4
5556;4;3
5557;3;3
5558;8;4
5559;5;3
5560;4;4
5561;2;4
5562;10;3
5563;4;3
5564;6;3
5565;5;1
5566;2;4
5567;7;2
5568;4;2
5569;6;2
5570;1;2
5571;2;2
5572;5;4
5573;9;3
5574;8;3
5575;11;3
5576;8;3
5577;5;3
5578;6;2
5579;4;4
5580;6;4
5581;0;3
5582;7;1
5583;5;3
5584;5;3
5585;7;1
5586;6;3
5587;4;3
5588;9;2
5589;6;1
5590;6;3
5591;5;3
5592;6;2
5593;7;3
5594;5;3
5595;3;2
5596;8;3
5597;6;4
5598;7;2
5599;3;2
5600;13;3
5601;11;5
5602;8;1
5603;0;4
5604;10;3
5605;6;4
5606;1;2
5607;4;3
5608;6;3
5609;6;3
5610;9;3
5611;13;4
5612;4;3
5613;5;3
5614;8;4
5615;3;4
5616;4;5
5617;13;4
5618;5;3
5619;11;2
5620;7;3
5621;1;4
5622;7;3
5623;8;3
5624;7;3
5625;7;2
5626;6;2
5627;7;4
5628;8;3
5629;8;4
5630;7;4
5631;3;2
5632;12;3
5633;9;3
5634;6;2
5635;4;4
5636;9;2
5637;9;3
5638;2;3
5639;8;4
5640;9;3
5641;5;2
5642;10;2
5643;3;2
5644;8;3
5645;6;2
5646;4;3
5647;9;3
5648;10;2
5649;9;3
5650;9;4
5651;9;4
5652;7;3
5653;5;2
5654;11;2
5655;5;3
5656;6;4
5657;8;4
5658;5;4
5659;7;3
5660;5;3
5661;5;3
5662;2;3
5663;9;3
5664;7;4
5665;7;3
5666;5;1
5667;4;3
5668;7;3
5669;4;3
5670;0;3
5671;9;4
5672;4;2
5673;5;3
5674;5;4
5675;6;3
5676;4;3
5677;10;3
5678;9;4
5679;8;1
5680;9;4
5681;10;4
5682;4;4
5683;5;2
5684;3;3
5685;8;3
5686;7;3
5687;8;4
5688;11;4
5689;3;3
5690;10;3
5691;3;4
5692;6;3
5693;3;5
5694;7;2
5695;4;4
5696;2;4
5697;9;3
5698;11;3
5699;4;4
5700;10;3
5701;7;3
5702;9;3
5703;10;3
5704;2;3
5705;6;4
5706;6;3
5707;6;3
5708;4;3
5709;3;3
5710;12;4
5711;8;3
5712;5;2
5713;7;3
5714;5;3
5715;12;4
5716;8;2
5717;1;1
5718;6;3
5719;10;3
5720;2;3
5721;6;3
5722;9;3
5723;9;3
5724;5;2
5725;10;4
5726;3;3
5727;8;3
5728;6;4
5729;8;2
5730;7;3
5731;6;2
5732;10;3
5733;11;3
5734;5;4
5735;7;3
5736;9;2
5737;5;2
5738;11;2
5739;0;2
5740;12;3
5741;6;2
5742;9;3
5743;6;3
5744;3;2
5745;13;3
5746;5;4
5747;4;4
5748;4;3
5749;2;4
5750;5;2
5751;3;4
5752;12;3
5753;5;3
5754;8;4
5755;3;3
5756;10;3
5757;8;2
5758;4;3
5759;9;3
5760;8;3
5761;6;4
5762;11;2
5763;8;4
5764;6;3
5765;10;2
5766;3;2
5767;5;3
5768;8;4
5769;2;3
5770;7;3
5771;4;3
5772;4;3
5773;8;3
5774;6;2
5775;4;3
5776;10;3
5777;6;3
5778;8;4
5779;0;3
5780;7;1
5781;10;4
5782;7;3
5783;4;3
5784;3;3
5785;5;3
5786;8;3
5787;10;3
5788;2;4
5789;11;2
5790;11;1
5791;7;3
5792;2;2
5793;8;2
5794;3;2
5795;5;3
5796;8;3
5797;7;1
5798;7;2
5799;0;2
5800;4;4
5801;7;2
5802;11;3
5803;8;3
5804;6;4
5805;4;4
5806;9;4
5807;6;1
5808;4;2
5809;6;3
5810;7;4
5811;1;3
5812;5;3
5813;4;3
5814;8;4
5815;7;3
5816;5;5
5817;7;4
5818;6;4
5819;10;4
5820;10;3
5821;6;2
5822;4;2
5823;7;2
5824;8;3
5825;4;2
5826;6;3
5827;7;3
5828;9;2
5829;7;3
5830;7;3
5831;3;2
5832;7;3
5833;10;3
5834;9;2
5835;4;4
5836;10;2
5837;2;2
5838;6;4
5839;5;4
5840;10;4
5841;6;3
5842;7;2
5843;6;4
5844;10;3
5845;8;2
5846;8;2
5847;6;4
5848;10;3
5849;7;4
5850;14;2
5851;11;3
5852;5;3
5853;8;2
5854;6;2
5855;3;3
5856;8;4
5857;5;2
5858;4;4
5859;1;4
5860;8;2
5861;6;2
5862;3;3
5863;8;4
5864;10;4
5865;11;3
5866;8;4
5867;12;3
5868;8;3
5869;5;4
5870;4;2
5871;10;3
5872;7;3
5873;3;3
5874;1;2
5875;2;2
5876;8;4
5877;12;4
5878;11;3
5879;7;3
5880;5;2
5881;10;4
5882;5;4
5883;4;2
5884;4;3
5885;5;3
5886;11;4
5887;7;4
5888;1;3
5889;8;4
5890;9;3
5891;8;3
5892;7;3
5893;13;4
5894;7;2
5895;9;4
5896;7;4
5897;9;3
5898;3;3
5899;5;2
5900;7;4
5901;9;1
5902;10;4
5903;3;3
5904;8;3
5905;0;3
5906;7;3
5907;4;3
5908;6;3
5909;2;5
5910;2;1
5911;1;1
5912;11;4
5913;6;4
5914;7;4
5915;9;2
5916;12;4
5917;2;4
5918;8;4
5919;11;2
5920;6;4
5921;13;3
5922;11;2
5923;4;3
5924;9;2
5925;4;4
5926;7;3
5927;2;2
5928;9;4
5929;7;3
5930;2;3
5931;10;3
5932;6;3
5933;10;3
5934;7;3
5935;3;4
5936;7;3
5937;5;3
5938;5;2
5939;9;2
5940;8;3
5941;4;3
5942;8;2
5943;7;4
5944;1;2
5945;10;3
5946;1;2
5947;4;4
5948;6;4
5949;9;3
5950;9;3
5951;7;3
5952;10;3
5953;10;3
5954;3;2
5955;7;3
5956;1;2
5957;7;4
5958;2;3
5959;4;4
5960;6;2
5961;10;4
5962;6;3
5963;7;3
5964;6;3
5965;8;3
5966;8;2
5967;4;4
5968;7;3
5969;5;3
5970;9;2
5971;4;4
5972;6;3
5973;10;3
5974;7;1
5975;10;5
5976;6;2
5977;7;4
5978;6;1
5979;8;3
5980;8;3
5981;8;3
5982;7;2
5983;7;3
5984;8;4
5985;4;3
5986;7;2
5987;8;3
5988;3;3
5989;6;3
5990;5;4
5991;8;2
5992;8;2
5993;9;3
5994;5;3
5995;1;2
5996;7;1
5997;5;3
5998;11;4
5999;4;2
6000;8;2
6001;2;3
6002;4;3
6003;6;1
6004;5;3
6005;4;2
6006;5;3
6007;8;2
6008;11;3
6009;8;1
6010;10;4
6011;7;3
6012;0;3
6013;7;3
6014;3;3
6015;4;3
6016;7;1
6017;3;3
6018;1;2
6019;0;2
6020;7;3
6021;9;1
6022;7;2
6023;6;3
6024;4;3
6025;10;3
6026;2;4
6027;9;4
6028;6;3
6029;9;3
6030;5;3
6031;9;3
6032;6;2
6033;11;3
6034;2;4
6035;1;3
6036;4;4
6037;9;4
6038;8;3
6039;12;4
6040;7;2
6041;5;4
6042;6;3
6043;4;3
6044;6;3
6045;10;3
6046;7;4
6047;9;4
6048;3;4
6049;4;2
6050;5;3
6051;2;3
6052;1;2
6053;8;3
6054;9;3
6055;6;3
6056;4;3
6057;9;2
6058;8;4
6059;7;2
6060;6;3
6061;8;2
6062;11;2
6063;3;1
6064;9;4
6065;8;1
6066;9;3
6067;11;5
6068;8;3
6069;6;4
6070;8;2
6071;5;3
6072;4;4
6073;11;4
6074;0;2
6075;3;3
6076;6;3
6077;9;2
6078;5;4
6079;9;5
6080;7;4
6081;10;3
6082;2;4
6083;6;2
6084;11;2
6085;9;3
6086;7;3
6087;8;3
6088;8;2
6089;4;4
6090;10;3
6091;3;3
6092;4;2
6093;7;2
6094;9;3
6095;5;4
6096;9;2
6097;2;3
6098;11;4
6099;6;3
6100;2;3
6101;3;5
6102;4;4
6103;9;4
6104;9;3
6105;3;3
6106;10;3
6107;2;2
6108;6;3
6109;5;3
6110;6;3
6111;4;2
6112;8;3
6113;3;4
6114;2;3
6115;5;3
6116;4;3
6117;1;2
6118;8;2
6119;5;3
6120;7;4
6121;2;1
6122;9;3
6123;4;4
6124;5;4
6125;4;2
6126;5;2
6127;3;2
6128;10;3
6129;7;2
6130;7;3
6131;1;4
6132;4;3
6133;4;3
6134;9;3
6135;6;3
6136;8;3
6137;5;4
6138;11;3
6139;13;1
6140;7;2
6141;7;2
6142;5;3
6143;6;4
6144;3;3
6145;10;2
6146;6;2
6147;4;3
6148;10;2
6149;11;3
6150;0;4
6151;5;4
6152;8;3
6153;5;2
6154;4;4
6155;8;4
6156;11;2
6157;4;2
6158;7;4
6159;3;3
6160;3;2
6161;4;3
6162;9;2
6163;11;3
6164;5;3
6165;6;2
6166;9;2
6167;8;3
6168;2;3
6169;4;3
6170;3;3
6171;9;3
6172;6;3
6173;3;2
6174;5;3
6175;9;3
6176;6;4
6177;4;4
6178;6;3
6179;8;2
6180;5;1
6181;7;4
6182;8;1
6183;3;2
6184;6;4
6185;1;3
6186;4;3
6187;8;4
6188;10;2
6189;7;1
6190;9;4
6191;0;2
6192;9;3
6193;9;3
6194;8;3
6195;6;3
6196;3;3
6197;6;3
6198;5;2
6199;6;1
6200;10;3
6201;0;2
6202;6;2
6203;5;3
6204;2;4
6205;7;1
6206;8;3
6207;5;3
6208;8;2
6209;8;3
6210;10;3
6211;3;2
6212;7;4
6213;8;3
6214;12;3
6215;2;3
6216;11;4
6217;8;3
6218;8;3
6219;5;3
6220;7;4
6221;5;3
6222;6;3
6223;9;3
6224;6;2
6225;9;1
6226;5;4
6227;5;4
6228;1;2
6229;6;3
6230;1;3
6231;12;3
6232;6;3
6233;2;3
6234;6;4
6235;2;5
6236;7;3
6237;5;2
6238;5;3
6239;1;1
6240;2;3
6241;9;3
6242;5;4
6243;3;3
6244;8;4
6245;0;2
6246;6;3
6247;2;4
6248;6;3
6249;3;3
6250;6;4
6251;6;3
6252;7;4
6253;8;5
6254;2;2
6255;5;2
6256;9;2
6257;2;4
6258;13;4
6259;10;3
6260;9;3
6261;7;3
6262;7;2
6263;6;4
6264;7;3
6265;2;3
6266;5;4
6267;1;3
6268;8;3
6269;3;4
6270;7;2
6271;6;3
6272;4;1
6273;8;3
6274;6;1
6275;12;2
6276;7;4
6277;5;3
6278;10;3
6279;1;2
6280;7;3
6281;4;4
6282;6;4
6283;7;2
6284;10;4
6285;2;4
6286;8;3
6287;6;3
6288;10;2
6289;6;4
6290;4;4
6291;2;3
6292;0;2
6293;1;2
6294;2;3
6295;9;2
6296;9;2
6297;5;3
6298;1;3
6299;9;3
6300;2;3
6301;4;3
6302;9;2
6303;10;4
6304;2;2
6305;10;4
6306;6;4
6307;4;4
6308;3;4
6309;5;3
6310;5;2
6311;3;3
6312;4;4
6313;3;4
6314;10;4
6315;6;4
6316;7;4
6317;6;4
6318;2;4
6319;8;4
6320;7;3
6321;12;4
6322;6;4
6323;5;3
6324;1;3
6325;2;2
6326;4;4
6327;7;3
6328;2;3
6329;3;3
6330;4;3
6331;8;3
6332;7;5
6333;10;3
6334;5;3
6335;4;3
6336;13;4
6337;4;4
6338;8;4
6339;4;3
6340;9;4
6341;7;4
6342;6;3
6343;12;3
6344;10;4
6345;4;4
6346;14;4
6347;2;3
6348;9;3
6349;7;3
6350;6;4
6351;6;4
6352;1;3
6353;9;4
6354;6;4
6355;8;4
6356;4;4
6357;2;3
6358;7;4
6359;5;3
6360;7;4
6361;5;3
6362;4;4
6363;6;4
6364;3;3
6365;6;3
6366;4;3
6367;2;4
6368;10;4
6369;6;4
6370;4;4
6371;12;4
6372;4;4
6373;3;3
6374;5;4
6375;4;3
6376;5;3
6377;12;4
6378;8;3
6379;6;3
6380;6;4
6381;6;3
6382;9;5
6383;10;4
6384;10;3
6385;4;4
6386;10;4
6387;6;4
6388;7;4
6389;8;4
6390;9;2
6391;1;4
6392;6;4
6393;1;2
6394;7;5
6395;9;5
6396;5;4
6397;2;3
6398;1;4
6399;8;5
6400;5;4
6401;4;2
6402;5;3
6403;3;3
6404;2;3
6405;7;4
6406;2;3
6407;0;4
6408;5;4
6409;14;4
6410;5;3
6411;6;4
6412;8;3
6413;6;4
6414;6;3
6415;7;3
6416;5;3
6417;11;2
6418;6;4
6419;8;4
6420;4;3
6421;12;2
6422;8;2
6423;5;4
6424;8;3
6425;3;1
6426;4;3
6427;5;3
6428;0;4
6429;3;2
6430;11;2
6431;4;1
6432;2;3
6433;7;3
6434;6;3
6435;7;1
6436;4;4
6437;7;3
6438;8;3
6439;3;4
6440;13;4
6441;4;3
6442;4;2
6443;6;2
6444;8;2
6445;9;2
6446;5;3
6447;12;1
6448;8;2
6449;2;3
6450;7;2
6451;7;3
6452;9;3
6453;7;2
6454;0;2
6455;5;3
6456;8;3
6457;12;4
6458;8;2
6459;6;3
6460;3;3
6461;11;3
6462;9;2
6463;5;1
6464;11;2
6465;4;5
6466;7;2
6467;7;3
6468;5;2
6469;11;3
6470;7;2
6471;6;4
6472;7;2
6473;5;3
6474;11;4
6475;8;3
6476;2;3
6477;7;2
6478;4;1
6479;5;2
6480;12;4
6481;2;3
6482;6;3
6483;5;4
6484;8;2
6485;1;4
6486;9;4
6487;11;2
6488;1;2
6489;5;2
6490;7;4
6491;6;1
6492;9;2
6493;7;3
6494;1;1
6495;6;3
6496;4;3
6497;10;1
6498;7;4
6499;2;4
6500;4;3
6501;6;3
6502;11;3
6503;9;4
6504;6;4
6505;6;1
6506;7;3
6507;4;4
6508;7;3
6509;3;1
6510;6;3
6511;2;4
6512;1;3
6513;11;1
6514;9;1
6515;5;4
6516;5;2
6517;10;5
6518;7;2
6519;5;2
6520;8;1
6521;10;2
6522;8;2
6523;0;3
6524;7;2
6525;4;2
6526;10;1
6527;2;2
6528;1;3
6529;8;2
6530;6;3
6531;1;3
6532;6;3
6533;3;3
6534;10;3
6535;7;2
6536;3;3
6537;6;3
6538;10;1
6539;8;4
6540;7;2
6541;1;2
6542;5;3
6543;5;4
6544;7;1
6545;8;3
6546;9;2
6547;4;2
6548;9;4
6549;6;1
6550;11;2
6551;6;3
6552;7;3
6553;5;1
6554;7;3
6555;4;2
6556;3;1
6557;9;2
6558;14;1
6559;11;2
6560;7;2
6561;9;1
6562;9;4
6563;12;2
6564;1;2
6565;4;4
6566;6;2
6567;13;3
6568;8;2
6569;5;3
6570;8;1
6571;9;2
6572;10;2
6573;7;4
6574;8;4
6575;4;2
6576;9;4
6577;2;3
6578;5;3
6579;10;3
6580;6;2
6581;3;2
6582;6;2
6583;5;4
6584;5;4
6585;6;2
6586;2;3
6587;1;2
6588;5;3
6589;2;3
6590;6;1
6591;8;4
6592;6;2
6593;4;3
6594;8;3
6595;11;1
6596;3;3
6597;7;3
6598;10;4
6599;5;1
6600;7;1
6601;11;2
6602;7;1
6603;8;2
6604;8;2
6605;7;2
6606;5;2
6607;8;3
6608;6;2
6609;8;3
6610;5;3
6611;3;4
6612;6;5
6613;2;4
6614;3;2
6615;9;3
6616;6;3
6617;5;3
6618;7;1
6619;7;1
6620;7;1
6621;3;3
6622;5;3
6623;6;3
6624;5;4
6625;2;3
6626;6;2
6627;1;3
6628;9;2
6629;1;3
6630;4;2
6631;11;2
6632;5;4
6633;10;2
6634;5;3
6635;1;4
6636;10;3
6637;5;4
6638;10;2
6639;6;1
6640;1;3
6641;7;3
6642;4;4
6643;6;4
6644;1;3
6645;2;4
6646;12;5
6647;3;2
6648;6;4
6649;5;4
6650;5;3
6651;8;3
6652;7;3
6653;4;4
6654;10;3
6655;9;2
6656;2;3
6657;8;5
6658;8;3
6659;8;3
6660;6;1
6661;0;4
6662;3;3
6663;4;4
6664;1;2
6665;4;4
6666;6;3
6667;10;3
6668;2;2
6669;3;4
6670;9;2
6671;4;3
6672;4;4
6673;7;3
6674;6;3
6675;2;4
6676;2;4
6677;12;2
6678;4;3
6679;9;3
6680;7;3
6681;10;3
6682;3;4
6683;2;3
6684;8;3
6685;9;3
6686;2;3
6687;4;3
6688;8;4
6689;5;2
6690;0;2
6691;7;2
6692;5;3
6693;4;4
6694;4;4
6695;5;3
6696;3;3
6697;11;5
6698;6;2
6699;10;4
6700;8;2
6701;3;4
6702;6;4
6703;8;2
6704;3;3
6705;10;2
6706;6;4
6707;3;3
6708;5;2
6709;0;4
6710;1;2
6711;0;3
6712;5;3
6713;8;4
6714;6;4
6715;11;4
6716;6;4
6717;13;3
6718;8;3
6719;6;3
6720;3;3
6721;8;3
6722;6;3
6723;7;4
6724;6;4
6725;3;1
6726;5;2
6727;5;1
6728;2;3
6729;4;3
6730;6;5
6731;5;4
6732;10;3
6733;4;3
6734;1;4
6735;5;3
6736;3;3
6737;9;4
6738;4;3
6739;7;2
6740;6;4
6741;4;4
6742;9;2
6743;4;2
6744;9;2
6745;7;3
6746;7;3
6747;1;3
6748;2;3
6749;5;3
6750;8;3
6751;5;2
6752;6;3
6753;9;2
6754;6;4
6755;3;3
6756;7;3
6757;7;2
6758;11;4
6759;6;2
6760;5;4
6761;1;4
6762;2;4
6763;7;2
6764;2;4
6765;10;4
6766;5;3
6767;11;3
6768;4;3
6769;1;4
6770;2;3
6771;8;2
6772;2;2
6773;4;2
6774;4;3
6775;7;1
6776;7;1
6777;10;2
6778;9;4
6779;4;3
6780;3;2
6781;9;1
6782;11;2
6783;8;2
6784;7;4
6785;7;2
6786;2;3
6787;2;1
6788;6;2
6789;4;1
6790;10;4
6791;8;4
6792;5;3
6793;10;2
6794;2;4
6795;8;4
6796;4;3
6797;10;4
6798;3;2
6799;4;4
6800;8;2
6801;11;3
6802;6;3
6803;5;3
6804;6;3
6805;6;4
6806;3;3
6807;6;4
6808;0;2
6809;1;4
6810;0;4
6811;7;4
6812;10;3
6813;5;3
6814;5;3
6815;2;4
6816;7;2
6817;4;4
6818;2;1
