-0.048047143019992425
node;in_degree;local_intrinsic_dimensionality
0;5;2
1;2;2
2;3;2
3;5;2
4;3;2
5;3;2
6;3;2
7;5;2
8;2;2
9;4;1
10;1;2
11;0;2
12;4;2
13;1;1
14;0;2
15;3;2
16;0;2
17;2;2
18;1;2
19;2;2
20;3;2
21;2;2
22;2;2
23;6;2
24;5;2
25;3;2
26;4;2
27;1;2
28;1;1
29;4;2
30;4;1
31;5;2
32;7;1
33;1;2
34;1;1
35;3;1
36;5;2
37;1;2
38;3;2
39;3;2
40;4;2
41;6;2
42;3;1
43;2;2
44;1;2
45;3;2
46;2;2
47;2;2
48;2;1
49;6;2
50;2;1
51;4;1
52;2;1
53;5;2
54;3;1
55;1;2
56;5;1
57;4;2
58;2;2
59;1;2
60;1;2
61;3;2
62;6;1
63;3;2
64;3;2
65;0;2
66;0;2
67;2;1
68;4;1
69;5;1
70;2;2
71;1;1
72;4;2
73;1;1
74;3;1
75;5;1
76;3;2
77;4;2
78;2;1
79;2;1
80;4;2
81;2;1
82;0;1
83;3;2
84;3;1
85;5;2
86;5;1
87;4;2
88;5;1
89;3;2
90;5;1
91;3;2
92;2;2
93;2;2
94;4;1
95;2;1
96;3;1
97;0;2
98;1;2
99;3;1
100;1;2
101;4;2
102;1;2
103;4;1
104;1;2
105;0;1
106;4;2
107;3;2
108;5;2
109;5;2
110;2;1
111;2;2
112;4;2
113;6;2
114;5;2
115;1;2
116;2;2
117;9;2
118;4;2
119;2;2
120;2;1
121;4;2
122;2;2
123;2;2
124;3;2
125;2;1
126;0;2
127;5;2
128;3;2
129;2;2
130;0;2
131;5;2
132;2;2
133;3;2
134;0;1
135;5;1
136;2;2
137;4;1
138;5;1
139;1;2
140;4;2
141;1;1
142;3;2
143;3;1
144;3;2
145;4;2
146;0;1
147;2;2
148;5;1
149;2;2
150;1;1
151;4;1
152;2;2
153;5;1
154;3;1
155;6;1
156;6;1
157;2;2
158;1;1
159;1;1
160;2;2
161;3;2
162;3;1
163;4;1
164;4;1
165;2;1
166;2;2
167;3;2
168;0;1
169;1;2
170;3;2
171;6;2
172;0;2
173;5;2
174;3;1
175;2;2
176;2;2
177;4;2
178;7;1
179;4;2
180;3;2
181;2;2
182;1;1
183;9;2
184;4;2
185;5;1
186;3;2
187;2;2
188;4;2
189;5;1
190;3;2
191;1;1
192;8;2
193;3;2
194;5;2
195;4;2
196;5;1
197;2;1
198;2;2
199;3;1
200;4;1
201;2;2
202;2;1
203;2;1
204;7;2
205;1;1
206;4;2
207;0;1
208;5;2
209;1;2
210;3;2
211;6;2
212;4;2
213;5;2
214;3;2
215;4;1
216;6;2
217;3;1
218;0;1
219;5;2
220;5;2
221;6;1
222;6;2
223;3;1
224;2;1
225;9;1
226;5;2
227;4;2
228;5;2
229;3;1
230;2;1
231;2;2
232;0;1
233;3;1
234;3;1
235;6;1
236;5;1
237;3;1
238;2;2
239;3;2
240;1;1
241;6;2
242;3;1
243;0;2
244;7;2
245;1;1
246;2;2
247;2;2
248;5;2
249;1;2
250;4;1
251;2;1
252;3;2
253;2;2
254;4;1
255;2;2
256;5;1
257;5;1
258;2;2
259;0;2
260;5;1
261;6;1
262;4;2
263;4;2
264;6;1
265;8;1
266;5;2
267;3;2
268;5;1
269;4;2
270;2;2
271;2;2
272;3;2
273;5;2
274;3;2
275;2;2
276;5;2
277;3;2
278;6;2
279;1;2
280;3;2
281;0;2
282;1;2
283;2;2
284;3;1
285;2;2
286;2;1
287;8;1
288;4;1
289;4;1
290;4;1
291;4;1
292;0;2
293;6;2
294;3;2
295;2;2
296;3;1
297;1;2
298;4;1
299;3;2
300;2;2
301;0;2
302;3;2
303;5;2
304;6;2
305;4;2
306;3;1
307;4;1
308;4;1
309;6;2
310;4;1
311;0;2
312;3;2
313;2;2
314;2;2
315;2;2
316;2;2
317;2;1
318;5;2
319;1;2
320;3;2
321;4;1
322;1;2
323;2;1
324;5;1
325;3;2
326;0;2
327;3;2
328;3;1
329;4;1
330;2;2
331;6;1
332;3;2
333;1;2
334;1;1
335;4;2
336;4;2
337;6;2
338;2;1
339;3;2
340;3;2
341;6;2
342;4;1
343;1;2
344;4;2
345;3;2
346;5;2
347;2;1
348;5;1
349;3;1
350;4;2
351;4;2
352;1;2
353;4;2
354;6;2
355;3;1
356;3;1
357;3;2
358;3;2
359;4;2
360;1;1
361;0;1
362;2;2
363;3;1
364;3;2
365;3;2
366;4;2
367;4;2
368;6;2
369;1;1
370;4;2
371;1;2
372;3;2
373;2;1
374;4;1
375;2;1
376;4;2
377;4;2
378;2;2
379;6;2
380;3;2
381;4;2
382;7;1
383;5;1
384;2;2
385;3;1
386;1;2
387;3;2
388;5;2
389;6;2
390;3;2
391;4;2
392;2;1
393;4;2
394;4;1
395;2;2
396;6;2
397;3;2
398;1;2
399;3;1
400;3;2
401;5;1
402;3;2
403;4;2
404;2;2
405;2;2
406;1;1
407;0;1
408;4;2
409;4;2
410;4;1
411;3;2
412;6;2
413;4;2
414;3;1
415;3;2
416;3;2
417;3;2
418;3;2
419;2;2
420;4;2
421;2;1
422;5;1
423;3;1
424;1;2
425;7;1
426;5;1
427;2;1
428;1;2
429;4;1
430;2;1
431;3;1
432;1;1
433;5;2
434;6;2
435;5;2
436;2;2
437;2;1
438;1;1
439;4;2
440;3;2
441;3;2
442;3;2
443;4;2
444;0;1
445;4;2
446;0;2
447;3;1
448;3;1
449;5;2
450;3;2
451;4;1
452;3;2
453;2;2
454;6;2
455;3;1
456;4;2
457;2;2
458;1;2
459;4;1
460;2;2
461;1;1
462;2;2
463;3;2
464;5;2
465;1;1
466;4;1
467;3;2
468;2;2
469;3;1
470;1;2
471;4;2
472;5;1
473;5;2
474;1;1
475;2;2
476;3;2
477;4;2
478;4;1
479;3;1
480;5;2
481;2;2
482;1;2
483;4;2
484;1;2
485;1;2
486;2;1
487;1;1
488;2;2
489;3;2
490;5;2
491;3;2
492;3;2
493;6;2
494;2;1
495;3;2
496;2;2
497;2;1
498;3;2
499;2;2
500;2;2
501;4;2
502;3;2
503;3;2
504;5;2
505;5;2
506;3;2
507;1;2
508;4;1
509;1;2
510;4;2
511;0;1
512;2;2
513;0;1
514;1;2
515;6;1
516;4;2
517;9;1
518;6;2
519;4;1
520;3;2
521;3;2
522;3;2
523;4;2
524;2;2
525;2;2
526;2;1
527;2;2
528;0;2
529;0;1
530;3;2
531;0;1
532;3;1
533;5;1
534;5;1
535;5;2
536;1;2
537;4;1
538;3;1
539;6;1
540;2;1
541;3;1
542;3;2
543;5;1
544;3;2
545;3;1
546;3;2
547;3;2
548;0;2
549;3;1
550;7;1
551;2;2
552;3;2
553;4;1
554;2;2
555;1;2
556;2;2
557;4;1
558;1;1
559;2;1
560;4;1
561;4;2
562;5;2
563;3;1
564;0;2
565;5;1
566;4;1
567;4;2
568;3;2
569;0;1
570;5;1
571;3;2
572;4;2
573;1;2
574;4;2
575;3;2
576;2;2
577;2;2
578;2;2
579;2;1
580;4;1
581;2;1
582;5;1
583;2;2
584;2;2
585;2;2
586;3;1
587;3;2
588;3;2
589;4;2
590;0;1
591;5;2
592;3;1
593;3;1
594;3;1
595;2;1
596;2;1
597;5;1
598;2;1
599;3;1
600;4;2
601;5;2
602;3;1
603;4;1
604;2;2
605;7;2
606;4;2
607;4;2
608;0;1
609;3;2
610;3;1
611;2;1
612;4;1
613;4;1
614;4;1
615;3;1
616;3;2
617;1;2
618;2;1
619;2;2
620;0;2
621;4;2
622;4;2
623;1;1
624;2;2
625;2;1
626;2;2
627;5;1
628;4;1
629;3;1
630;1;1
631;2;1
632;6;1
633;2;2
634;1;1
635;1;2
636;0;1
637;0;1
638;3;2
639;3;2
640;4;1
641;1;1
642;2;2
643;2;1
644;5;2
645;4;1
646;0;2
647;1;2
648;0;1
649;3;1
650;5;1
651;4;1
652;4;1
653;3;1
654;3;2
655;0;2
656;1;2
657;3;1
658;8;1
659;2;2
660;5;2
661;2;2
662;0;1
663;5;2
664;1;2
665;5;1
666;0;1
667;1;2
668;3;1
669;4;2
670;4;1
671;4;2
672;0;2
673;6;2
674;2;1
675;1;2
676;2;2
677;4;1
678;2;1
679;2;1
680;3;2
681;3;2
682;2;2
683;4;1
684;2;2
685;3;2
686;3;2
687;1;1
688;2;2
689;9;1
690;3;2
691;5;1
692;2;1
693;6;1
694;3;2
695;1;1
696;2;2
697;3;1
698;3;1
699;3;1
700;2;2
701;2;2
702;4;1
703;3;2
704;6;1
705;5;1
706;2;2
707;3;2
708;2;1
709;5;1
710;2;1
711;4;1
712;4;1
713;1;1
714;4;2
715;5;2
716;3;2
717;5;1
718;5;2
719;2;1
720;2;2
721;4;2
722;2;2
723;3;2
724;5;1
725;2;2
726;1;2
727;1;2
728;2;2
729;2;2
730;2;2
731;2;1
732;3;2
733;3;2
734;8;2
735;5;2
736;3;2
737;2;2
738;2;2
739;5;2
740;5;1
741;4;1
742;4;2
743;3;1
744;3;1
745;1;1
746;6;2
747;5;2
748;3;2
749;2;2
750;5;2
751;3;2
752;0;2
753;6;2
754;2;1
755;3;2
756;2;2
757;2;2
758;3;2
759;3;2
760;3;2
761;4;2
762;2;2
763;1;1
764;5;1
765;3;2
766;3;1
767;5;2
768;1;2
769;1;2
770;3;2
771;3;2
772;2;2
773;2;2
774;2;2
775;4;2
776;2;2
777;6;1
778;5;1
779;1;2
780;5;2
781;6;1
782;2;1
783;1;2
784;3;1
785;8;2
786;5;1
787;3;1
788;0;1
789;5;2
790;3;1
791;4;2
792;1;2
793;4;2
794;3;1
795;4;1
796;7;1
797;3;1
798;5;1
799;2;2
800;2;2
801;3;2
802;3;2
803;2;1
804;3;1
805;1;2
806;4;2
807;4;1
808;5;1
809;1;1
810;2;2
811;3;1
812;1;1
813;1;1
814;1;1
815;1;1
816;4;2
817;5;2
818;1;1
819;4;2
820;1;1
821;6;1
822;2;2
823;3;1
824;4;2
825;3;1
826;3;2
827;4;1
828;3;2
829;2;2
830;2;2
831;1;2
832;2;2
833;5;2
834;1;2
835;3;1
836;3;1
837;2;1
838;3;1
839;5;1
840;5;1
841;2;1
842;2;1
843;3;2
844;8;2
845;9;2
846;2;2
847;2;2
848;2;1
849;5;2
850;3;2
851;2;2
852;3;1
853;1;2
854;3;1
855;4;2
856;5;2
857;5;1
858;4;1
859;2;2
860;0;1
861;2;2
862;1;1
863;9;1
864;5;1
865;5;2
866;3;1
867;5;1
868;3;2
869;3;2
870;1;2
871;1;2
872;2;1
873;1;2
874;5;1
875;5;2
876;4;1
877;1;1
878;0;2
879;3;2
880;4;2
881;1;1
882;8;2
883;5;2
884;3;2
885;2;2
886;6;2
887;6;1
888;4;2
889;5;1
890;1;2
891;2;2
892;1;2
893;3;2
894;4;2
895;3;2
896;3;2
897;5;1
898;5;2
899;4;2
900;4;2
901;3;1
902;4;2
903;5;2
904;0;1
905;2;2
906;2;2
907;3;2
908;6;2
909;3;1
910;5;2
911;3;2
912;2;2
913;1;2
914;2;1
915;1;2
916;6;1
917;2;1
918;6;2
919;2;2
920;0;2
921;3;1
922;3;1
923;2;2
924;4;1
925;2;2
926;2;2
927;3;2
928;2;2
929;5;2
930;2;2
931;5;2
932;2;2
933;1;1
934;5;2
935;2;2
936;5;2
937;5;2
938;4;1
939;1;1
940;1;2
941;4;2
942;0;2
943;2;2
944;1;1
945;5;1
946;1;1
947;3;2
948;1;2
949;5;1
950;2;2
951;4;2
952;4;2
953;0;1
954;4;2
955;5;2
956;5;1
957;6;2
958;5;2
959;2;1
960;3;1
961;2;2
962;4;1
963;4;2
964;3;1
965;3;1
966;2;1
967;1;1
968;8;2
969;5;2
970;3;2
971;4;1
972;1;1
973;2;2
974;3;2
975;0;1
976;2;2
977;2;2
978;4;2
979;4;2
980;4;2
981;3;2
982;2;2
983;4;1
984;5;1
985;4;2
986;3;2
987;5;1
988;5;1
989;4;2
990;1;2
991;2;2
992;0;1
993;2;2
994;2;2
995;1;2
996;8;1
997;0;2
998;3;2
999;2;2
1000;0;2
1001;2;2
1002;4;1
1003;9;1
1004;4;2
1005;5;2
1006;4;2
1007;0;2
1008;2;1
1009;3;2
1010;4;2
1011;3;2
1012;0;1
1013;3;2
1014;0;1
1015;5;1
1016;3;2
1017;6;2
1018;2;2
1019;2;2
1020;1;2
1021;1;2
1022;1;1
1023;2;1
1024;0;1
1025;3;1
1026;3;2
1027;4;2
1028;2;2
1029;5;2
1030;3;2
1031;2;1
1032;2;1
1033;2;1
1034;4;2
1035;0;1
1036;1;2
1037;2;2
1038;3;2
1039;2;2
1040;1;2
1041;2;2
1042;4;1
1043;2;2
1044;5;2
1045;6;2
1046;5;2
1047;7;2
1048;1;2
1049;2;1
1050;3;2
1051;0;2
1052;4;2
1053;0;1
1054;5;2
1055;0;2
1056;4;2
1057;2;1
1058;4;2
1059;1;2
1060;1;1
1061;2;1
1062;5;2
1063;2;1
1064;1;1
1065;2;2
1066;2;2
1067;3;1
1068;0;2
1069;3;1
1070;4;2
1071;2;2
1072;0;1
1073;5;2
1074;0;1
1075;2;2
1076;5;2
1077;2;2
1078;3;2
1079;3;1
1080;0;2
1081;5;1
1082;4;1
1083;4;2
1084;4;1
1085;4;2
1086;3;2
1087;9;1
1088;3;2
1089;6;2
1090;0;1
1091;4;1
1092;3;2
1093;2;2
1094;0;1
1095;3;2
1096;4;1
1097;3;1
1098;5;1
1099;2;1
1100;4;1
1101;2;1
1102;4;2
1103;1;2
1104;2;2
1105;3;2
1106;3;2
1107;4;2
1108;4;1
1109;2;2
1110;4;2
1111;1;2
1112;0;1
1113;4;1
1114;1;2
1115;2;2
1116;4;2
1117;4;1
1118;4;2
1119;1;2
1120;4;1
1121;2;2
1122;4;2
1123;1;2
1124;0;2
1125;4;1
1126;1;1
1127;5;2
1128;1;2
1129;2;2
1130;4;2
1131;2;2
1132;3;2
1133;0;2
1134;1;2
1135;4;1
1136;1;2
1137;4;1
1138;1;2
1139;0;2
1140;5;1
1141;1;2
1142;2;2
1143;3;2
1144;3;2
1145;5;2
1146;2;2
1147;3;2
1148;5;1
1149;6;2
1150;3;1
1151;4;2
1152;3;2
1153;0;2
1154;1;2
1155;2;2
1156;7;1
1157;5;1
1158;1;1
1159;3;1
1160;5;2
1161;3;1
1162;6;2
1163;1;1
1164;4;2
1165;0;1
1166;1;2
1167;2;2
1168;4;2
1169;4;2
1170;3;2
1171;4;1
1172;2;2
1173;5;2
1174;2;2
1175;0;2
1176;2;2
1177;1;2
1178;2;1
1179;2;1
1180;4;1
1181;3;1
1182;5;2
1183;3;1
1184;2;2
1185;4;1
1186;1;1
1187;0;2
1188;3;1
1189;2;2
1190;2;2
1191;4;2
1192;2;2
1193;2;2
1194;2;2
1195;2;2
1196;5;2
1197;2;2
1198;2;2
1199;5;2
1200;2;1
1201;4;2
1202;3;1
1203;2;1
1204;3;1
1205;3;2
1206;2;1
1207;4;1
1208;3;1
1209;1;2
1210;2;2
1211;0;2
1212;6;2
1213;5;1
1214;4;2
1215;3;2
1216;2;2
1217;2;2
1218;0;1
1219;2;2
1220;3;1
1221;2;1
1222;5;1
1223;6;2
1224;4;1
1225;5;2
1226;4;1
1227;1;2
1228;1;1
1229;2;2
1230;3;2
1231;3;1
1232;4;2
1233;6;2
1234;4;2
1235;0;2
1236;2;2
1237;2;2
1238;3;1
1239;0;2
1240;3;2
1241;3;2
1242;1;1
1243;4;1
1244;3;2
1245;3;2
1246;2;2
1247;7;1
1248;3;2
1249;3;1
1250;2;1
1251;1;2
1252;1;2
1253;2;1
1254;0;2
1255;2;2
1256;3;2
1257;2;1
1258;3;2
1259;3;2
1260;2;1
1261;0;2
1262;2;2
1263;0;1
1264;3;2
1265;2;2
1266;3;2
1267;5;1
1268;2;2
1269;4;2
1270;4;1
1271;2;2
1272;2;1
1273;2;2
1274;4;2
1275;2;2
1276;2;1
1277;2;2
1278;3;2
1279;3;2
1280;3;2
1281;3;2
1282;4;1
1283;1;2
1284;2;2
1285;2;2
1286;1;2
1287;1;2
1288;3;2
1289;5;2
1290;0;2
1291;7;2
1292;2;2
1293;1;1
1294;2;1
1295;3;2
1296;7;2
1297;2;2
1298;2;2
1299;0;1
1300;2;1
1301;2;2
1302;3;1
1303;2;1
1304;3;2
1305;1;2
1306;3;2
1307;0;2
1308;1;2
1309;2;2
1310;2;1
1311;7;1
1312;2;2
1313;3;2
1314;1;1
1315;4;1
1316;3;2
1317;5;1
1318;2;2
1319;4;2
1320;3;1
1321;4;1
1322;1;2
1323;4;1
1324;2;2
1325;4;2
1326;3;1
1327;4;2
1328;1;1
1329;0;2
1330;2;1
1331;4;1
1332;1;1
1333;2;1
1334;1;2
1335;1;2
1336;3;2
1337;3;1
1338;4;1
1339;2;2
1340;3;2
1341;4;2
1342;3;2
1343;4;2
1344;2;1
1345;2;2
1346;3;1
1347;3;2
1348;2;2
1349;2;2
1350;1;2
1351;0;1
1352;1;2
1353;3;1
1354;2;2
1355;2;2
1356;4;1
1357;4;2
1358;2;2
1359;4;2
1360;1;1
1361;1;1
1362;2;2
1363;4;2
1364;2;2
1365;5;2
1366;4;2
1367;2;2
1368;1;1
1369;2;1
1370;3;2
1371;0;2
1372;1;2
1373;1;2
1374;5;1
1375;2;1
1376;3;2
1377;2;2
1378;6;2
1379;2;2
1380;1;2
1381;3;2
1382;1;2
1383;2;2
1384;3;2
1385;4;2
1386;3;2
1387;3;1
1388;3;2
1389;3;1
1390;1;2
1391;3;1
1392;2;1
1393;5;2
1394;3;2
1395;5;2
1396;3;2
1397;6;1
1398;4;1
1399;4;2
1400;4;1
1401;5;2
1402;5;2
1403;3;2
1404;4;2
1405;6;1
1406;1;2
1407;1;2
1408;3;1
1409;5;1
1410;1;1
1411;2;2
1412;4;2
1413;9;1
1414;2;2
1415;3;1
1416;3;2
1417;1;2
1418;6;2
1419;1;2
1420;2;2
1421;2;2
1422;1;2
1423;2;1
1424;3;1
1425;1;2
1426;2;1
1427;3;2
1428;3;2
1429;2;2
1430;3;1
1431;1;2
1432;2;2
1433;2;1
1434;3;2
1435;2;2
1436;4;2
1437;3;2
1438;2;2
1439;5;2
1440;5;1
1441;3;1
1442;2;2
1443;1;1
1444;3;1
1445;3;2
1446;3;1
1447;5;1
1448;3;1
1449;2;2
1450;5;1
1451;2;2
1452;3;1
1453;1;1
1454;2;1
1455;7;1
1456;1;1
1457;2;2
1458;1;1
1459;1;2
1460;0;1
1461;1;2
1462;4;1
1463;4;2
1464;2;1
1465;1;2
1466;2;2
1467;1;1
1468;3;1
1469;5;2
1470;1;1
1471;5;1
1472;5;1
1473;2;2
1474;4;2
1475;1;1
1476;4;2
1477;4;1
1478;0;1
1479;5;2
1480;1;1
1481;3;1
1482;4;2
1483;2;2
1484;3;1
1485;5;2
1486;2;2
1487;4;1
1488;2;2
1489;2;2
1490;0;2
1491;3;1
1492;3;1
1493;2;2
1494;1;2
1495;0;2
1496;6;1
1497;4;2
1498;2;1
1499;2;1
1500;6;1
1501;5;2
1502;4;2
1503;0;2
1504;2;2
1505;2;2
1506;0;1
1507;3;1
1508;3;2
1509;3;2
1510;6;1
1511;0;1
1512;2;2
1513;1;2
1514;1;1
1515;6;2
1516;2;1
1517;2;1
1518;1;2
1519;2;2
1520;3;2
1521;5;2
1522;2;1
1523;4;1
1524;3;1
1525;1;1
1526;0;1
1527;2;2
1528;8;2
1529;3;1
1530;1;1
1531;3;2
1532;2;1
1533;3;2
1534;4;2
1535;2;1
1536;3;2
1537;4;1
1538;1;2
1539;2;2
1540;3;2
1541;0;2
1542;4;2
1543;4;1
1544;3;2
1545;5;2
1546;3;2
1547;5;2
1548;2;2
1549;2;1
1550;4;2
1551;1;2
1552;1;1
1553;3;2
1554;3;1
1555;4;2
1556;1;1
1557;2;2
1558;3;1
1559;4;2
1560;5;2
1561;2;2
1562;4;2
1563;2;2
1564;2;2
1565;2;2
1566;2;1
1567;1;2
1568;3;2
1569;6;2
1570;2;2
1571;2;2
1572;6;2
1573;5;1
1574;1;2
1575;3;2
1576;3;2
1577;3;2
1578;1;2
1579;2;1
1580;3;1
1581;2;1
1582;3;1
1583;1;2
1584;3;2
1585;7;2
1586;2;2
1587;3;2
1588;3;2
1589;3;2
1590;2;1
1591;4;2
1592;7;1
1593;3;2
1594;3;2
1595;5;2
1596;3;2
1597;2;2
1598;4;2
1599;6;2
1600;4;2
1601;1;2
1602;2;2
1603;2;2
1604;2;1
1605;2;2
1606;3;2
1607;2;2
1608;0;2
1609;4;2
1610;6;2
1611;3;1
1612;3;1
1613;1;2
1614;1;1
1615;1;1
1616;5;2
1617;2;2
1618;3;2
1619;5;2
1620;1;1
1621;1;2
1622;2;2
1623;3;1
1624;1;2
1625;2;1
1626;0;1
1627;1;2
1628;4;1
1629;1;2
1630;6;1
1631;5;1
1632;5;2
1633;6;1
1634;2;2
1635;4;2
1636;1;2
1637;0;1
1638;1;1
1639;0;2
1640;3;2
1641;8;1
1642;2;2
1643;1;2
1644;2;2
1645;3;0
1646;3;1
1647;1;2
1648;3;1
1649;4;2
1650;1;2
1651;1;2
1652;3;1
1653;2;1
1654;1;1
1655;3;1
1656;3;1
1657;5;1
1658;4;2
1659;5;2
1660;3;1
1661;6;1
1662;4;2
1663;2;1
1664;2;2
1665;3;2
1666;2;2
1667;2;1
1668;5;1
1669;4;1
1670;3;1
1671;2;2
1672;2;2
1673;2;1
1674;1;2
1675;2;2
1676;2;2
1677;1;1
1678;4;1
1679;5;1
1680;2;1
1681;1;2
1682;6;1
1683;3;1
1684;3;2
1685;6;1
1686;1;2
1687;3;2
1688;3;2
1689;4;2
1690;2;2
1691;6;1
1692;2;2
1693;1;1
1694;4;1
1695;4;2
1696;1;1
1697;5;2
1698;2;2
1699;3;2
1700;4;2
1701;3;2
1702;3;1
1703;3;2
1704;3;2
1705;4;2
1706;4;2
1707;2;2
1708;3;2
1709;5;2
1710;1;2
1711;4;2
1712;0;1
1713;5;2
1714;4;2
1715;5;2
1716;3;2
1717;5;2
1718;3;1
1719;2;2
1720;2;2
1721;7;2
1722;0;1
1723;3;2
1724;6;2
1725;2;1
1726;6;1
1727;2;1
1728;2;2
1729;4;1
1730;1;1
1731;4;1
1732;2;2
1733;4;2
1734;2;2
1735;3;1
1736;0;2
1737;2;2
1738;4;2
1739;3;2
1740;8;2
1741;2;1
1742;1;1
1743;2;1
1744;4;2
1745;2;2
1746;1;1
1747;2;1
1748;2;2
1749;4;2
1750;6;1
1751;5;1
1752;2;2
1753;6;2
1754;2;2
1755;1;1
1756;8;2
1757;5;1
1758;1;2
1759;5;1
1760;1;2
1761;1;2
1762;6;1
1763;1;1
1764;4;2
1765;6;1
1766;2;1
1767;2;2
1768;8;1
1769;3;2
1770;5;2
1771;3;2
1772;4;1
1773;2;2
1774;1;1
1775;0;0
1776;2;2
1777;3;2
1778;2;1
1779;4;1
1780;1;1
1781;3;2
1782;4;1
1783;2;2
1784;1;2
1785;2;1
1786;3;2
1787;3;1
1788;3;1
1789;4;2
1790;5;1
1791;1;2
1792;3;2
1793;3;1
1794;3;2
1795;3;2
1796;3;2
1797;3;1
1798;4;2
1799;7;2
1800;2;2
1801;0;1
1802;2;2
1803;6;2
1804;1;2
1805;1;1
1806;2;2
1807;3;2
1808;1;1
1809;3;2
1810;1;2
1811;2;2
1812;1;1
1813;4;2
1814;4;2
1815;2;2
1816;0;1
1817;3;2
1818;2;2
1819;2;1
1820;5;2
1821;4;1
1822;5;2
1823;5;1
1824;2;2
1825;4;2
1826;3;2
1827;1;1
1828;3;2
1829;2;1
1830;2;1
1831;2;2
1832;2;1
1833;2;2
1834;5;2
1835;4;1
1836;6;2
1837;4;2
1838;4;2
1839;6;2
1840;2;2
1841;4;2
1842;1;1
1843;4;1
1844;6;2
1845;3;1
1846;3;2
1847;1;1
1848;0;2
1849;3;2
1850;5;2
1851;1;2
1852;3;2
1853;6;1
1854;2;2
1855;3;1
1856;3;2
1857;3;1
1858;4;2
1859;3;1
1860;3;2
1861;2;1
1862;4;2
1863;4;1
1864;5;1
1865;6;2
1866;2;2
1867;1;2
1868;4;2
1869;0;2
1870;1;1
1871;3;2
1872;3;1
1873;3;1
1874;4;1
1875;0;1
1876;2;2
1877;0;2
1878;3;1
1879;5;1
1880;6;1
1881;5;1
1882;6;1
1883;5;1
1884;3;2
1885;2;1
1886;0;2
1887;0;2
1888;2;2
1889;3;2
1890;3;1
1891;1;2
1892;3;2
1893;3;2
1894;6;1
1895;3;1
1896;2;1
1897;5;1
1898;5;1
1899;5;2
1900;0;1
1901;1;1
1902;2;1
1903;3;2
1904;3;1
1905;6;1
1906;5;1
1907;3;1
1908;3;1
1909;5;1
1910;2;1
1911;4;2
1912;2;2
1913;3;2
1914;4;2
1915;3;1
1916;6;1
1917;3;2
1918;1;1
1919;2;1
1920;1;2
1921;2;1
1922;4;1
1923;4;2
1924;1;2
1925;6;2
1926;4;2
1927;2;2
1928;2;2
1929;3;2
1930;2;1
1931;3;2
1932;2;1
1933;3;1
1934;2;1
1935;3;2
1936;2;1
1937;3;2
1938;3;2
1939;5;1
1940;1;1
1941;2;1
1942;4;1
1943;5;1
1944;1;2
1945;0;1
1946;4;2
1947;1;2
1948;3;2
1949;3;1
1950;3;2
1951;3;2
1952;0;2
1953;4;1
1954;2;2
1955;3;2
1956;4;1
1957;5;1
1958;2;2
1959;1;2
1960;1;2
1961;0;2
1962;2;2
1963;6;2
1964;5;2
1965;4;2
1966;2;2
1967;2;1
1968;6;1
1969;6;1
1970;2;1
1971;4;1
1972;2;2
1973;1;1
1974;1;1
1975;2;1
1976;1;1
1977;1;1
1978;2;2
1979;2;1
1980;6;1
1981;0;1
1982;3;1
1983;5;1
1984;5;1
1985;2;2
1986;3;1
1987;3;1
1988;2;2
1989;2;1
1990;1;2
1991;0;1
1992;5;1
1993;3;1
1994;4;1
1995;3;1
1996;4;1
1997;3;1
1998;5;1
1999;2;2
2000;4;2
2001;2;2
2002;1;2
2003;3;1
2004;3;1
2005;4;1
2006;5;1
2007;3;1
2008;3;1
2009;2;1
2010;5;2
2011;2;1
2012;2;1
2013;2;2
2014;1;2
2015;4;1
2016;1;2
2017;3;2
2018;2;2
2019;2;2
2020;4;1
2021;7;2
2022;1;2
2023;5;2
2024;5;1
2025;2;2
2026;3;1
2027;0;1
2028;0;2
2029;1;2
2030;1;2
2031;4;2
2032;1;1
2033;2;2
2034;7;1
2035;1;2
2036;3;2
2037;4;2
2038;2;1
2039;5;2
2040;0;1
2041;4;1
2042;5;1
2043;2;2
2044;5;1
2045;4;2
2046;1;1
2047;3;2
2048;2;2
2049;4;1
2050;0;2
2051;2;1
2052;4;1
2053;3;2
2054;2;2
2055;4;2
2056;4;1
2057;0;1
2058;3;2
2059;1;2
2060;8;2
2061;3;2
2062;4;2
2063;2;2
2064;3;1
2065;2;2
2066;2;2
2067;4;2
2068;4;2
2069;5;1
2070;2;2
2071;4;2
2072;1;2
2073;4;1
2074;1;1
2075;2;2
2076;4;2
2077;4;1
2078;5;2
2079;5;2
2080;3;2
2081;3;2
2082;1;2
2083;2;2
2084;3;1
2085;3;1
2086;3;1
2087;2;2
2088;0;2
2089;3;1
2090;7;2
2091;4;2
2092;1;1
2093;2;1
2094;1;1
2095;1;1
2096;2;2
2097;3;1
2098;4;2
2099;2;2
2100;3;1
2101;5;1
2102;0;2
2103;2;2
2104;2;2
2105;2;2
2106;2;2
2107;4;1
2108;3;2
2109;1;1
2110;3;1
2111;3;1
2112;3;1
2113;0;2
2114;1;1
2115;3;1
2116;6;2
2117;3;2
2118;4;2
2119;0;1
2120;5;2
2121;3;2
2122;0;2
2123;5;2
2124;3;2
2125;3;2
2126;2;2
2127;1;2
2128;1;2
2129;1;2
2130;5;1
2131;4;1
2132;3;1
2133;0;2
2134;4;2
2135;2;2
2136;5;2
2137;2;2
2138;3;2
2139;4;1
2140;5;1
2141;2;1
2142;2;2
2143;8;1
2144;2;2
2145;4;2
2146;4;1
2147;7;1
2148;1;1
2149;2;1
2150;6;1
2151;2;1
2152;3;2
2153;6;2
2154;0;2
2155;4;1
2156;3;1
2157;2;2
2158;9;2
2159;2;1
2160;2;2
2161;3;2
2162;0;2
2163;2;2
2164;1;1
2165;3;2
2166;5;2
2167;7;1
2168;8;1
2169;6;1
2170;5;1
2171;0;1
2172;5;2
2173;5;2
2174;0;1
2175;4;2
2176;3;2
2177;0;2
2178;4;2
2179;2;2
2180;2;2
2181;1;2
2182;3;1
2183;2;2
2184;4;2
2185;4;2
2186;3;2
2187;4;2
2188;2;1
2189;5;1
2190;3;2
2191;3;1
2192;3;1
2193;2;1
2194;4;1
2195;5;2
2196;4;2
2197;4;1
2198;5;2
2199;4;1
2200;2;2
2201;6;2
2202;4;2
2203;6;2
2204;0;1
2205;3;2
2206;0;2
2207;4;2
2208;2;1
2209;4;2
2210;3;1
2211;5;2
2212;4;2
2213;4;2
2214;2;1
2215;4;2
2216;5;2
2217;2;1
2218;2;1
2219;1;2
2220;3;2
2221;2;2
2222;4;2
2223;1;1
2224;3;2
2225;0;1
2226;2;2
2227;3;2
2228;2;1
2229;2;2
2230;2;1
2231;2;2
2232;0;2
2233;5;1
2234;2;1
2235;3;2
2236;3;2
2237;1;2
2238;4;2
2239;3;2
2240;4;2
2241;6;2
2242;0;2
2243;1;1
2244;2;2
2245;2;2
2246;4;2
2247;3;2
2248;3;1
2249;3;2
2250;3;2
2251;5;1
2252;4;2
2253;3;2
2254;3;2
2255;6;1
2256;6;1
2257;2;2
2258;2;2
2259;2;2
2260;2;2
2261;0;2
2262;5;2
2263;4;1
2264;4;2
2265;4;1
2266;2;2
2267;4;2
2268;0;2
2269;3;1
2270;3;2
2271;0;1
2272;6;1
2273;4;2
2274;2;2
2275;4;2
2276;3;2
2277;3;2
2278;3;2
2279;2;2
2280;3;2
2281;2;2
2282;7;1
2283;8;1
2284;6;1
2285;4;1
2286;8;1
2287;7;2
2288;0;1
2289;7;1
2290;3;2
2291;4;1
2292;3;1
2293;5;1
2294;2;2
2295;3;1
2296;2;2
2297;3;2
2298;1;1
2299;3;2
2300;3;2
2301;2;2
2302;2;1
2303;3;2
2304;6;2
2305;3;2
2306;4;2
2307;2;2
2308;1;2
2309;4;1
2310;2;2
2311;3;1
2312;1;2
2313;5;2
2314;3;2
2315;2;2
2316;3;2
2317;3;1
2318;2;1
2319;3;2
2320;0;1
2321;3;2
2322;5;2
2323;5;1
2324;8;2
2325;3;2
2326;2;2
2327;3;2
2328;4;2
2329;5;1
2330;3;2
2331;1;2
2332;0;2
2333;2;2
2334;3;2
2335;1;1
2336;4;1
2337;3;2
2338;2;2
2339;5;2
2340;3;2
2341;2;2
2342;2;2
2343;6;1
2344;3;2
2345;3;2
2346;3;2
2347;3;1
2348;1;1
2349;3;1
2350;4;1
2351;3;1
2352;2;2
2353;5;1
2354;5;2
2355;0;1
2356;5;1
2357;0;1
2358;3;2
2359;2;1
2360;1;1
2361;2;2
2362;3;1
2363;0;2
2364;0;1
2365;5;2
2366;3;1
2367;5;2
2368;1;2
2369;4;1
2370;2;2
2371;7;1
2372;3;2
2373;3;2
2374;4;2
2375;2;2
2376;4;2
2377;5;1
2378;3;2
2379;3;2
2380;3;2
2381;1;2
2382;4;1
2383;2;2
2384;4;1
2385;2;1
2386;6;2
2387;3;1
2388;1;2
2389;3;2
2390;3;2
2391;3;1
2392;3;2
2393;4;2
2394;4;1
2395;2;2
2396;1;2
2397;0;1
2398;1;2
2399;3;1
2400;0;2
2401;3;2
2402;2;2
2403;0;2
2404;1;2
2405;3;1
2406;3;2
2407;1;2
2408;1;1
2409;4;2
2410;3;2
2411;0;2
2412;1;1
2413;3;2
2414;1;1
2415;2;2
2416;3;2
2417;1;1
2418;2;2
2419;1;1
2420;0;1
2421;3;2
2422;5;2
2423;5;2
2424;5;2
2425;5;2
2426;2;2
2427;1;2
2428;3;2
2429;2;2
2430;3;1
2431;3;1
2432;3;1
2433;6;2
2434;2;2
2435;4;1
2436;5;2
2437;5;2
2438;5;2
2439;4;2
2440;3;1
2441;5;2
2442;3;2
2443;1;1
2444;1;2
2445;3;1
2446;3;1
2447;5;2
2448;3;2
2449;6;2
2450;3;1
2451;3;1
2452;5;2
2453;2;2
2454;2;2
2455;2;2
2456;3;2
2457;3;2
2458;3;2
2459;3;1
2460;3;1
2461;4;2
2462;2;2
2463;2;2
2464;1;2
2465;1;2
2466;2;2
2467;3;1
2468;0;1
2469;3;1
2470;5;2
2471;2;2
2472;2;2
2473;7;1
2474;4;2
2475;7;1
2476;2;2
2477;3;2
2478;5;1
2479;3;1
2480;2;2
2481;3;2
2482;2;1
2483;4;1
2484;1;2
2485;2;2
2486;1;1
2487;4;2
2488;4;2
2489;4;2
2490;1;2
2491;2;1
2492;4;2
2493;2;2
2494;1;2
2495;3;2
2496;2;2
2497;2;1
2498;2;1
2499;2;2
2500;2;1
2501;3;2
2502;2;2
2503;2;2
2504;2;2
2505;0;1
2506;2;1
2507;3;2
2508;4;2
2509;2;2
2510;4;1
2511;2;2
2512;2;2
2513;5;1
2514;4;2
2515;1;2
2516;8;2
2517;2;2
2518;1;2
2519;2;2
2520;3;1
2521;4;2
2522;3;2
2523;1;1
2524;3;1
2525;3;2
2526;2;2
2527;1;1
2528;2;2
2529;2;1
2530;3;2
2531;2;2
2532;2;2
2533;0;1
2534;5;2
2535;2;2
2536;1;1
2537;2;2
2538;3;2
2539;4;1
2540;3;1
2541;2;2
2542;2;2
2543;1;1
2544;3;1
2545;2;2
2546;3;2
2547;3;2
2548;7;2
2549;4;1
2550;3;2
2551;3;2
2552;1;2
2553;5;1
2554;5;2
2555;6;1
2556;3;2
2557;3;2
2558;5;1
2559;3;2
2560;6;2
2561;6;2
2562;6;2
2563;4;2
2564;4;2
2565;2;1
2566;3;2
2567;3;2
2568;9;2
2569;1;2
2570;3;2
2571;5;1
2572;3;2
2573;3;2
2574;1;2
2575;0;1
2576;4;1
2577;2;2
2578;1;2
2579;2;1
2580;4;0
2581;7;1
2582;6;1
2583;0;1
2584;0;1
2585;0;1
2586;5;1
2587;0;1
2588;10;1
2589;4;2
2590;4;2
2591;2;2
2592;4;2
2593;3;1
2594;0;1
2595;1;1
2596;1;1
2597;4;2
2598;1;1
2599;5;1
2600;3;2
2601;0;1
2602;4;2
2603;2;1
2604;3;1
2605;5;2
2606;5;1
2607;0;1
2608;2;1
2609;5;2
2610;4;2
2611;3;1
2612;3;1
2613;2;2
2614;2;1
2615;9;1
2616;5;1
2617;5;1
2618;2;2
2619;1;2
2620;3;1
2621;2;2
2622;1;2
2623;3;1
2624;6;1
2625;3;2
2626;2;2
2627;3;2
2628;2;2
2629;0;2
2630;1;2
2631;5;2
2632;3;1
2633;1;2
2634;3;2
2635;2;1
2636;1;2
2637;3;2
2638;7;1
2639;1;1
2640;3;2
2641;0;1
2642;3;2
2643;1;2
2644;5;1
2645;1;2
2646;5;2
2647;1;2
2648;3;1
2649;2;1
2650;2;1
2651;4;2
2652;1;2
2653;3;1
2654;5;2
2655;3;2
2656;2;1
2657;4;2
2658;0;1
2659;3;2
2660;1;2
2661;2;2
2662;3;2
2663;2;2
2664;2;2
2665;2;1
2666;6;1
2667;3;2
2668;0;1
2669;5;1
2670;2;1
2671;5;1
2672;1;1
2673;3;1
2674;2;1
2675;2;1
2676;3;2
2677;1;2
2678;4;2
2679;2;2
2680;3;2
2681;5;2
2682;2;2
2683;2;2
2684;3;1
2685;3;2
2686;2;2
2687;2;1
2688;4;2
2689;1;2
2690;3;1
2691;1;1
2692;5;2
2693;2;2
2694;1;1
2695;4;2
2696;1;2
2697;4;2
2698;4;2
2699;3;1
2700;2;2
2701;3;1
2702;3;1
2703;3;1
2704;4;2
2705;6;2
2706;0;1
2707;3;1
2708;4;2
2709;6;1
2710;3;1
2711;3;2
2712;6;1
2713;5;2
2714;4;1
2715;3;1
2716;3;1
2717;4;2
2718;2;2
2719;3;2
2720;4;1
2721;0;1
2722;6;2
2723;7;1
2724;3;2
2725;1;2
2726;0;2
2727;6;2
2728;3;1
2729;6;2
2730;5;2
2731;1;1
2732;3;2
2733;4;2
2734;1;2
2735;1;1
2736;5;2
2737;6;1
2738;2;2
2739;3;2
2740;2;2
2741;2;2
2742;2;1
2743;2;2
2744;2;2
2745;1;2
2746;3;2
2747;2;2
2748;3;2
2749;2;2
2750;6;2
2751;3;2
2752;1;2
2753;4;1
2754;4;1
2755;6;2
2756;4;1
2757;1;2
2758;1;2
2759;4;2
2760;4;2
2761;0;1
2762;5;2
2763;2;2
2764;2;2
2765;3;2
2766;3;2
2767;2;2
2768;2;2
2769;5;2
2770;1;1
2771;3;2
2772;2;2
2773;3;2
2774;4;2
2775;2;2
2776;4;2
2777;5;2
2778;3;2
2779;6;2
2780;3;1
2781;0;1
2782;4;1
2783;3;1
2784;4;1
2785;3;1
2786;1;2
2787;6;1
2788;3;2
2789;4;1
2790;4;1
2791;3;2
2792;7;1
2793;2;2
2794;3;2
2795;6;1
2796;3;2
2797;4;2
2798;4;2
2799;5;2
2800;3;2
2801;6;1
2802;1;1
2803;0;1
2804;3;1
2805;3;2
2806;2;1
2807;1;1
2808;4;2
2809;1;2
2810;1;2
2811;3;2
2812;3;2
2813;1;2
2814;3;2
2815;2;2
2816;6;1
2817;3;2
2818;2;2
2819;2;2
2820;3;2
2821;4;2
2822;2;2
2823;1;1
2824;5;2
2825;5;2
2826;4;1
2827;2;2
2828;3;2
2829;0;1
2830;4;2
2831;4;2
2832;5;2
2833;4;2
2834;3;1
2835;5;2
2836;5;1
2837;3;2
2838;2;2
2839;1;1
2840;3;1
2841;3;2
2842;3;2
2843;2;2
2844;1;1
2845;7;2
2846;2;2
2847;3;2
2848;4;2
2849;3;2
2850;2;2
2851;1;2
2852;1;1
2853;2;2
2854;6;1
2855;4;2
2856;4;2
2857;3;1
2858;3;2
2859;6;2
2860;1;1
2861;3;1
2862;0;2
2863;4;2
2864;2;2
2865;2;2
2866;4;2
2867;4;2
2868;2;2
2869;4;2
2870;3;2
2871;4;2
2872;2;2
2873;0;2
2874;1;2
2875;4;2
2876;2;2
2877;2;2
2878;5;1
2879;1;2
2880;2;2
2881;3;2
2882;5;1
2883;3;2
2884;3;1
2885;2;2
2886;5;1
2887;5;1
2888;5;1
2889;1;2
2890;3;2
2891;2;2
2892;4;2
2893;3;2
2894;2;2
2895;2;1
2896;4;2
2897;2;2
2898;0;2
2899;2;2
2900;1;2
2901;6;2
2902;3;1
2903;1;2
2904;5;1
2905;3;2
2906;3;2
2907;3;2
2908;6;2
2909;5;2
2910;3;2
2911;3;1
2912;5;2
2913;3;2
2914;5;2
2915;5;2
2916;6;2
2917;3;2
2918;4;2
2919;3;1
2920;5;1
2921;2;2
2922;1;1
2923;6;1
2924;2;2
2925;1;2
2926;2;2
2927;4;2
2928;2;2
2929;2;2
2930;1;2
2931;2;2
2932;4;1
2933;5;1
2934;1;2
2935;1;2
2936;2;2
2937;1;2
2938;5;1
2939;5;1
2940;6;2
2941;4;2
2942;3;2
2943;3;1
2944;3;2
2945;1;1
2946;5;2
2947;5;2
2948;1;2
2949;2;2
2950;6;2
2951;5;2
2952;4;1
2953;6;2
2954;1;1
2955;5;2
2956;2;1
2957;7;1
2958;4;2
2959;4;2
2960;0;1
2961;3;2
2962;2;2
2963;5;1
2964;4;2
2965;2;2
2966;5;1
2967;2;1
2968;4;2
2969;6;2
2970;3;2
2971;4;1
2972;4;2
2973;2;1
2974;1;2
2975;2;1
2976;5;1
2977;5;2
2978;2;2
2979;2;2
2980;1;1
2981;5;2
2982;3;1
2983;2;2
2984;0;2
2985;2;1
2986;4;1
2987;6;1
2988;6;2
2989;3;2
2990;2;2
2991;3;1
2992;3;2
2993;8;1
2994;4;1
2995;3;1
2996;2;1
2997;3;1
2998;3;2
2999;3;1
3000;3;1
3001;3;2
3002;3;1
3003;7;2
3004;6;1
3005;1;2
3006;5;2
3007;2;2
3008;1;1
3009;3;1
3010;4;2
3011;3;2
3012;5;2
3013;5;1
3014;1;2
3015;1;1
3016;4;1
3017;3;2
3018;4;1
3019;1;1
3020;0;1
3021;4;2
3022;1;2
3023;1;2
3024;5;1
3025;2;2
3026;4;2
3027;3;1
3028;1;2
3029;3;1
3030;3;1
3031;2;2
3032;9;1
3033;2;1
3034;4;1
3035;4;1
3036;5;2
3037;2;2
3038;4;2
3039;2;2
3040;3;2
3041;6;1
3042;2;2
3043;2;2
3044;1;1
3045;2;1
3046;3;1
3047;3;2
3048;1;2
3049;3;2
3050;3;1
3051;3;2
3052;0;2
3053;1;1
3054;1;2
3055;2;2
3056;2;2
3057;0;2
3058;3;1
3059;3;1
3060;4;1
3061;3;1
3062;2;2
3063;3;1
3064;2;1
3065;5;2
3066;2;1
3067;1;1
3068;2;2
3069;3;1
3070;1;2
3071;2;1
3072;4;1
3073;3;2
3074;8;1
3075;4;2
3076;2;1
3077;6;1
3078;0;1
3079;2;1
3080;3;1
3081;3;1
3082;6;1
3083;3;2
3084;5;1
3085;1;1
3086;2;2
3087;1;1
3088;2;2
3089;1;2
3090;3;1
3091;4;2
3092;7;2
3093;6;2
3094;2;2
3095;4;2
3096;6;2
3097;7;2
3098;3;1
3099;5;1
3100;5;2
3101;3;1
3102;1;1
3103;4;2
3104;2;1
3105;4;2
3106;5;2
3107;5;2
3108;2;1
3109;3;2
3110;7;2
3111;6;2
3112;8;2
3113;4;1
3114;6;1
3115;4;1
3116;2;1
3117;5;2
3118;2;2
3119;3;1
3120;4;1
3121;3;2
3122;1;2
3123;5;1
3124;1;1
3125;5;1
3126;8;1
3127;7;2
3128;0;2
3129;3;2
3130;1;1
3131;1;2
3132;4;1
3133;1;2
3134;4;1
3135;3;2
3136;4;2
3137;5;2
3138;6;2
3139;1;1
3140;2;2
3141;2;2
3142;4;2
3143;4;2
3144;4;1
3145;0;1
3146;4;1
3147;4;1
3148;7;1
3149;3;1
3150;1;2
3151;5;1
3152;4;2
3153;0;2
3154;2;2
3155;2;1
3156;3;2
3157;2;1
3158;7;2
3159;1;2
3160;2;1
3161;3;2
3162;2;1
3163;5;2
3164;2;2
3165;2;2
3166;1;1
3167;4;1
3168;2;2
3169;4;2
3170;3;1
3171;5;2
3172;4;2
3173;2;2
3174;3;1
3175;5;1
3176;7;2
3177;2;1
3178;3;1
3179;3;2
3180;4;1
3181;2;2
3182;1;2
3183;4;1
3184;5;2
3185;1;2
3186;4;1
3187;1;2
3188;7;1
3189;3;2
3190;5;1
3191;3;2
3192;2;2
3193;2;2
3194;3;2
3195;0;2
3196;4;1
3197;3;2
3198;3;1
3199;1;2
3200;2;1
3201;3;2
3202;2;2
3203;4;1
3204;2;1
3205;4;2
3206;2;2
3207;3;1
3208;4;1
3209;1;2
3210;2;2
3211;1;1
3212;5;2
3213;0;1
3214;3;2
3215;1;1
3216;3;2
3217;1;2
3218;4;1
3219;4;1
3220;0;2
3221;3;2
3222;5;2
3223;1;1
3224;3;2
3225;0;1
3226;0;2
3227;2;2
3228;4;1
3229;6;1
3230;5;1
3231;4;1
3232;2;2
3233;1;2
3234;4;2
3235;4;2
3236;0;1
3237;7;2
3238;3;2
3239;4;1
3240;3;2
3241;1;2
3242;5;2
3243;4;1
3244;4;1
3245;1;2
3246;5;1
3247;0;1
3248;4;1
3249;7;2
3250;2;2
3251;3;2
3252;4;2
3253;0;2
3254;0;2
3255;7;1
3256;0;1
3257;0;1
3258;5;1
3259;7;1
3260;5;1
3261;2;2
3262;1;2
3263;5;1
3264;0;1
3265;1;1
3266;0;1
3267;1;1
3268;3;1
3269;4;2
3270;5;2
3271;4;2
3272;3;1
3273;5;1
3274;4;2
3275;3;1
3276;2;2
3277;5;2
3278;3;2
3279;6;2
3280;3;2
3281;2;2
3282;6;2
3283;3;2
3284;2;1
3285;5;2
3286;6;1
3287;6;2
3288;3;2
3289;7;2
3290;3;2
3291;2;2
3292;3;1
3293;5;1
3294;5;2
3295;2;1
3296;5;2
3297;1;1
3298;5;1
3299;4;2
3300;2;2
3301;2;2
3302;5;2
3303;3;2
3304;3;1
3305;2;2
3306;3;1
3307;4;2
3308;0;2
3309;3;1
3310;3;1
3311;5;1
3312;3;2
3313;3;2
3314;4;2
3315;3;2
3316;4;2
3317;3;2
3318;1;2
3319;2;1
3320;5;1
3321;2;2
3322;4;2
3323;4;2
3324;4;2
3325;1;2
3326;3;1
3327;4;2
3328;3;1
3329;5;2
3330;2;1
3331;3;2
3332;4;1
3333;1;1
3334;6;1
3335;3;1
3336;6;1
3337;4;1
3338;4;2
3339;5;1
3340;3;2
3341;5;1
3342;2;1
3343;1;1
3344;4;1
3345;4;1
3346;3;2
3347;1;2
3348;4;2
3349;2;2
3350;6;1
3351;6;2
3352;4;2
3353;2;2
3354;0;1
3355;2;2
3356;5;2
3357;4;2
3358;2;2
3359;2;2
3360;5;2
3361;2;2
3362;6;1
3363;4;2
3364;0;1
3365;3;2
3366;6;2
3367;5;2
3368;1;1
3369;1;0
3370;4;2
3371;5;2
3372;3;1
3373;1;2
3374;3;2
3375;6;1
3376;1;1
3377;6;2
3378;2;2
3379;5;2
3380;5;1
3381;3;2
3382;5;1
3383;3;1
3384;4;2
3385;2;2
3386;2;2
3387;5;2
3388;0;1
3389;1;2
3390;1;2
3391;1;2
3392;1;2
3393;2;2
3394;4;1
3395;5;1
3396;6;2
3397;1;2
3398;5;1
3399;1;2
3400;2;2
3401;0;2
3402;2;2
3403;1;2
3404;3;1
3405;2;1
3406;1;2
3407;4;1
3408;1;2
3409;0;2
3410;1;2
3411;4;2
3412;1;1
3413;4;2
3414;2;2
3415;5;1
3416;4;2
3417;3;2
3418;6;2
3419;5;1
3420;1;1
3421;5;2
3422;1;2
3423;5;1
3424;4;2
3425;8;1
3426;7;1
3427;1;1
3428;3;2
3429;2;1
3430;3;1
3431;0;1
3432;0;1
3433;2;2
3434;0;2
3435;4;2
3436;2;2
3437;6;2
3438;1;2
3439;4;2
3440;6;1
3441;6;1
3442;2;2
3443;5;1
3444;1;2
3445;3;2
3446;4;2
3447;1;2
3448;3;2
3449;2;2
3450;3;2
3451;2;2
3452;3;1
3453;0;2
3454;5;2
3455;4;2
3456;4;2
3457;2;2
3458;0;1
3459;4;2
3460;6;2
3461;3;1
3462;5;2
3463;3;1
3464;5;2
3465;3;2
3466;4;2
3467;4;2
3468;4;2
3469;5;2
3470;3;1
3471;3;2
3472;6;2
3473;4;2
3474;1;2
3475;6;2
3476;4;1
3477;3;2
3478;6;2
3479;2;2
3480;4;2
3481;2;2
3482;1;2
3483;1;2
3484;3;1
3485;1;2
3486;3;2
3487;1;2
3488;2;2
3489;5;2
3490;4;2
3491;2;2
3492;3;1
3493;8;1
3494;3;1
3495;7;1
3496;3;1
3497;0;1
3498;5;2
3499;5;2
3500;4;1
3501;3;1
3502;3;1
3503;5;1
3504;4;2
3505;6;2
3506;1;2
3507;2;2
3508;3;1
3509;5;1
3510;1;1
3511;2;2
3512;2;1
3513;4;1
3514;0;2
3515;1;2
3516;2;2
3517;2;2
3518;2;2
3519;0;2
3520;2;1
3521;2;2
3522;1;1
3523;2;1
3524;3;1
3525;3;1
3526;2;1
3527;5;2
3528;3;2
3529;2;2
3530;7;2
3531;4;2
3532;2;2
3533;3;1
3534;4;2
3535;4;2
3536;5;1
3537;3;2
3538;3;2
3539;1;2
3540;0;1
3541;2;2
3542;3;1
3543;6;1
3544;6;1
3545;1;2
3546;3;1
3547;1;2
3548;1;1
3549;6;1
3550;3;2
3551;3;1
3552;3;1
3553;3;1
3554;1;2
3555;2;2
3556;3;2
3557;2;2
3558;3;1
3559;3;2
3560;2;2
3561;2;2
3562;0;1
3563;2;2
3564;2;2
3565;1;2
3566;4;2
3567;5;2
3568;6;1
3569;1;2
3570;4;2
3571;5;2
3572;3;2
3573;4;2
3574;1;2
3575;3;2
3576;6;1
3577;3;1
3578;2;2
3579;8;1
3580;3;1
3581;1;2
3582;6;2
3583;5;2
3584;3;1
3585;6;2
3586;6;1
3587;6;1
3588;2;1
3589;6;1
3590;5;1
3591;2;1
3592;4;1
3593;2;1
3594;3;1
3595;1;1
3596;4;1
3597;4;2
3598;4;1
3599;3;1
3600;3;1
3601;6;1
3602;1;2
3603;6;1
3604;3;1
3605;3;2
3606;6;1
3607;4;1
3608;3;1
3609;3;1
3610;3;2
3611;8;1
3612;5;2
3613;3;1
3614;3;1
3615;2;2
3616;5;2
3617;3;2
3618;4;1
3619;1;1
3620;3;1
3621;7;1
3622;2;2
3623;1;1
3624;4;2
3625;2;2
3626;4;2
3627;5;2
3628;2;2
3629;2;2
3630;6;1
3631;5;1
3632;0;1
3633;3;1
3634;1;1
3635;3;2
3636;7;2
3637;0;1
3638;3;1
3639;1;2
3640;2;1
3641;5;2
3642;2;2
3643;2;1
3644;6;2
3645;3;1
3646;3;2
3647;3;2
3648;5;1
3649;3;2
3650;3;2
3651;3;2
3652;3;1
3653;4;2
3654;3;2
3655;1;2
3656;2;2
3657;4;1
3658;2;2
3659;3;1
3660;3;2
3661;7;2
3662;2;2
3663;1;2
3664;0;1
3665;3;1
3666;5;2
3667;3;2
3668;2;2
3669;2;2
3670;3;2
3671;3;1
3672;2;2
3673;2;2
3674;0;1
3675;3;2
3676;1;2
3677;0;2
3678;3;1
3679;5;1
3680;6;1
3681;5;2
3682;5;2
3683;5;1
3684;3;1
3685;6;1
3686;5;2
3687;3;1
3688;1;1
3689;4;2
3690;2;2
3691;2;1
3692;4;1
3693;2;1
3694;3;1
3695;4;1
3696;5;2
3697;5;1
3698;5;2
3699;5;2
3700;3;2
3701;1;2
3702;0;1
3703;4;1
3704;5;1
3705;5;1
3706;3;2
3707;5;1
3708;2;2
3709;2;1
3710;1;2
3711;6;1
3712;3;1
3713;3;2
3714;0;2
3715;1;2
3716;2;2
3717;0;1
3718;1;2
3719;3;2
3720;4;1
3721;0;2
3722;0;2
3723;5;1
3724;1;2
3725;2;2
3726;0;2
3727;5;1
3728;0;1
3729;5;2
3730;0;1
3731;4;2
3732;5;2
3733;0;1
3734;6;1
3735;0;1
3736;2;2
3737;2;2
3738;3;2
3739;9;1
3740;8;1
3741;9;1
3742;0;1
3743;0;1
3744;0;1
3745;7;1
3746;3;2
3747;6;1
3748;3;2
3749;4;2
3750;0;1
3751;3;2
3752;6;1
3753;5;1
3754;1;1
3755;3;1
3756;3;2
3757;6;1
3758;6;1
3759;1;1
3760;2;1
3761;1;2
3762;3;1
3763;2;1
3764;1;1
3765;6;1
3766;3;1
3767;6;1
3768;9;2
3769;3;1
3770;3;2
3771;0;1
3772;3;2
3773;2;2
3774;3;1
3775;2;2
3776;1;1
3777;3;2
3778;3;2
3779;1;1
3780;3;1
3781;3;1
3782;4;1
3783;6;1
3784;4;2
3785;0;2
3786;4;2
3787;5;1
3788;5;1
3789;1;2
3790;5;1
3791;2;1
3792;3;2
3793;3;2
3794;2;2
3795;4;2
3796;0;2
3797;4;2
3798;2;1
3799;4;2
3800;5;2
3801;7;2
3802;2;1
3803;6;2
3804;4;2
3805;7;2
3806;3;2
3807;6;1
3808;4;2
3809;4;2
3810;4;1
3811;6;2
3812;2;1
3813;5;2
3814;1;1
3815;1;1
3816;7;1
3817;6;1
3818;3;1
3819;3;1
3820;7;2
3821;2;1
3822;0;2
3823;7;1
3824;0;2
3825;4;2
3826;2;1
3827;1;2
3828;6;1
3829;3;2
3830;2;1
3831;2;2
3832;2;2
3833;1;1
3834;1;2
3835;1;2
3836;2;2
3837;2;2
3838;1;2
3839;1;2
3840;8;2
3841;2;2
3842;2;2
3843;2;2
3844;7;2
3845;5;2
3846;1;2
3847;2;2
3848;4;2
3849;4;2
3850;2;2
3851;2;2
3852;6;2
3853;0;1
3854;1;1
3855;3;2
3856;4;2
3857;2;2
3858;1;2
3859;6;1
3860;3;1
3861;1;2
3862;2;1
3863;7;1
3864;1;2
3865;3;1
3866;4;1
3867;3;1
3868;1;1
3869;1;2
3870;1;1
3871;4;1
3872;1;2
3873;3;2
3874;3;2
3875;3;2
3876;3;1
3877;5;2
3878;4;2
3879;2;2
3880;4;1
3881;4;1
3882;8;2
3883;4;2
3884;3;1
3885;3;2
3886;4;2
3887;4;2
3888;4;1
3889;4;2
3890;2;2
3891;6;2
3892;4;2
3893;2;2
3894;3;2
3895;3;2
3896;3;2
3897;3;2
3898;2;1
3899;1;2
3900;2;2
3901;1;2
3902;4;2
3903;5;2
3904;1;2
3905;5;1
3906;5;1
3907;4;2
3908;5;1
3909;6;1
3910;3;2
3911;2;1
3912;4;1
3913;4;2
3914;5;1
3915;1;2
3916;3;2
3917;4;1
3918;1;1
3919;3;2
3920;6;2
3921;2;1
3922;4;2
3923;4;2
3924;3;2
3925;1;2
3926;4;2
3927;1;2
3928;5;1
3929;5;1
3930;6;2
3931;1;2
3932;3;2
3933;2;2
3934;4;2
3935;3;2
3936;1;2
3937;1;2
3938;2;1
3939;7;2
3940;3;2
3941;2;2
3942;9;2
3943;3;2
3944;5;1
3945;4;2
3946;2;1
3947;3;1
3948;2;1
3949;2;2
3950;3;2
3951;3;2
3952;5;1
3953;3;2
3954;1;2
3955;5;1
3956;6;2
3957;2;2
3958;3;1
3959;3;1
3960;4;1
3961;5;2
3962;0;2
3963;1;2
3964;1;1
3965;4;1
3966;3;1
3967;7;2
3968;6;1
3969;4;2
3970;3;1
3971;5;2
3972;3;2
3973;6;2
3974;5;1
3975;2;2
3976;4;2
3977;2;2
3978;4;2
3979;2;2
3980;6;2
3981;3;2
3982;2;2
3983;2;1
3984;5;2
3985;3;1
3986;2;1
3987;2;2
3988;5;2
3989;3;1
3990;2;2
3991;2;1
3992;7;2
3993;6;1
3994;6;1
3995;3;1
3996;4;1
3997;1;1
3998;6;1
3999;6;1
4000;4;1
4001;1;2
4002;1;2
4003;2;2
4004;1;1
4005;9;2
4006;2;2
4007;1;2
4008;1;2
4009;4;1
4010;6;2
4011;1;1
4012;3;1
4013;6;2
4014;3;2
4015;3;1
4016;3;1
4017;2;2
4018;3;2
4019;3;1
4020;1;2
4021;1;2
4022;3;1
4023;3;2
4024;1;2
4025;3;2
4026;1;2
4027;3;1
4028;4;2
4029;3;1
4030;4;2
4031;4;2
4032;2;1
4033;6;1
4034;2;1
4035;3;2
4036;4;1
4037;4;2
4038;4;2
4039;2;2
4040;6;1
4041;5;1
4042;4;1
4043;5;1
4044;5;1
4045;5;1
4046;3;2
4047;6;1
4048;5;1
4049;5;2
4050;0;1
4051;5;2
4052;5;1
4053;0;1
4054;1;2
4055;4;2
4056;2;1
4057;4;1
4058;2;1
4059;5;2
4060;1;2
4061;1;2
4062;1;1
4063;3;2
4064;1;2
4065;0;1
4066;3;2
4067;6;1
4068;3;2
4069;7;2
4070;4;1
4071;1;2
4072;2;1
4073;0;1
4074;0;1
4075;4;1
4076;4;2
4077;3;1
4078;5;1
4079;1;2
4080;1;2
4081;0;1
4082;2;2
4083;2;2
4084;2;1
4085;3;2
4086;0;1
4087;3;1
4088;2;2
4089;1;2
4090;3;2
4091;3;2
4092;3;2
4093;1;1
4094;2;1
4095;2;1
4096;3;1
4097;3;2
4098;4;2
4099;4;2
4100;0;2
4101;6;1
4102;3;1
4103;5;1
4104;3;2
4105;4;2
4106;3;1
4107;2;1
4108;3;1
4109;0;2
4110;3;2
4111;4;2
4112;5;1
4113;2;2
4114;3;1
4115;2;1
4116;2;2
4117;2;2
4118;2;1
4119;1;2
4120;3;1
4121;3;1
4122;1;2
4123;2;2
4124;5;2
4125;3;1
4126;1;1
4127;3;2
4128;4;2
4129;3;2
4130;7;2
4131;4;1
4132;6;1
4133;2;2
4134;6;2
4135;3;2
4136;3;1
4137;5;1
4138;6;2
4139;2;1
4140;6;1
4141;5;1
4142;2;2
4143;1;1
4144;4;1
4145;5;1
4146;2;2
4147;2;1
4148;2;2
4149;3;2
4150;0;2
4151;1;2
4152;1;2
4153;5;2
4154;3;2
4155;4;2
4156;1;2
4157;0;1
4158;0;1
4159;7;1
4160;0;1
4161;8;1
4162;6;1
4163;8;1
4164;6;1
4165;1;1
4166;0;2
4167;1;1
4168;5;2
4169;4;2
4170;9;1
4171;5;1
4172;2;2
4173;3;2
4174;7;2
4175;4;2
4176;5;1
4177;6;2
4178;2;2
4179;3;1
4180;3;2
4181;3;1
4182;2;2
4183;4;1
4184;1;2
4185;3;1
4186;1;2
4187;4;2
4188;2;2
4189;5;1
4190;2;2
4191;6;2
4192;6;2
4193;3;2
4194;5;2
4195;2;1
4196;3;2
4197;6;2
4198;0;1
4199;2;2
4200;2;1
4201;4;1
4202;2;2
4203;2;1
4204;0;2
4205;1;1
4206;3;1
4207;2;1
4208;3;2
4209;6;2
4210;4;2
4211;1;2
4212;1;1
4213;1;2
4214;6;1
4215;5;1
4216;3;1
4217;2;2
4218;3;1
4219;3;1
4220;3;1
4221;4;2
4222;2;2
4223;1;1
4224;3;1
4225;2;2
4226;5;2
4227;3;2
4228;3;1
4229;3;2
4230;1;1
4231;3;2
4232;0;2
4233;5;2
4234;4;2
4235;3;1
4236;3;1
4237;3;1
4238;6;1
4239;1;2
4240;2;1
4241;3;2
4242;1;2
4243;4;2
4244;2;1
4245;4;1
4246;3;2
4247;3;1
4248;4;2
4249;4;1
4250;1;1
4251;3;1
4252;1;1
4253;1;2
4254;3;1
4255;3;1
4256;3;1
4257;6;1
4258;2;2
4259;1;1
4260;2;1
4261;2;2
4262;3;1
4263;4;1
4264;3;2
4265;2;1
4266;2;2
4267;0;1
4268;0;2
4269;0;1
4270;1;2
4271;3;2
4272;0;1
4273;4;1
4274;5;1
4275;4;1
4276;3;2
4277;2;1
4278;1;2
4279;0;1
4280;4;1
4281;6;1
4282;2;1
4283;3;1
4284;3;1
4285;3;1
4286;4;1
4287;5;2
4288;5;1
4289;0;1
4290;6;1
4291;2;1
4292;2;2
4293;2;1
4294;0;1
4295;5;1
4296;2;2
4297;2;2
4298;3;2
4299;2;1
4300;2;2
4301;2;2
4302;1;2
4303;5;1
4304;5;2
4305;2;2
4306;2;2
4307;2;2
4308;4;2
4309;2;1
4310;3;2
4311;3;2
4312;5;1
4313;6;2
4314;7;2
4315;5;1
4316;3;2
4317;5;2
4318;4;2
4319;4;1
4320;3;2
4321;1;1
4322;7;2
4323;0;2
4324;3;2
4325;6;1
4326;3;2
4327;5;1
4328;2;2
4329;1;1
4330;5;1
4331;3;2
4332;5;1
4333;7;1
4334;7;1
4335;0;1
4336;0;1
4337;0;1
4338;0;1
4339;6;2
4340;9;1
4341;1;1
4342;6;1
4343;4;2
4344;2;2
4345;3;2
4346;2;2
4347;1;1
4348;1;2
4349;3;1
4350;3;2
4351;4;2
4352;7;2
4353;5;2
4354;4;2
4355;2;2
4356;3;1
4357;2;2
4358;3;1
4359;2;1
4360;5;2
4361;4;2
4362;3;2
4363;5;2
4364;2;2
4365;1;2
4366;2;1
4367;3;2
4368;4;2
4369;2;2
4370;0;1
4371;3;2
4372;3;2
4373;2;2
4374;2;2
4375;2;2
4376;4;2
4377;4;1
4378;3;1
4379;2;2
4380;4;1
4381;1;1
4382;2;2
4383;4;1
4384;4;1
4385;2;1
4386;2;2
4387;3;2
4388;3;1
4389;4;1
4390;5;1
4391;1;2
4392;5;1
4393;2;2
4394;3;2
4395;3;2
4396;3;1
4397;3;1
4398;3;1
4399;3;2
4400;3;1
4401;5;2
4402;3;1
4403;3;2
4404;7;1
4405;4;1
4406;2;2
4407;2;1
4408;4;1
4409;2;2
4410;3;2
4411;3;2
4412;2;2
4413;2;2
4414;2;2
4415;5;1
4416;3;2
4417;6;1
4418;5;1
4419;4;1
4420;4;1
4421;4;1
4422;4;1
4423;5;1
4424;0;1
4425;3;2
4426;4;2
4427;3;2
4428;0;2
4429;3;2
4430;2;2
4431;2;2
4432;4;2
4433;2;1
4434;5;2
4435;4;2
4436;4;2
4437;3;2
4438;5;1
4439;4;1
4440;3;2
4441;6;2
4442;3;2
4443;4;1
4444;4;1
4445;2;1
4446;0;1
4447;5;2
4448;1;1
4449;5;0
4450;3;2
4451;3;1
4452;3;2
4453;5;2
4454;4;1
4455;3;1
4456;5;1
4457;3;1
4458;3;2
4459;1;2
4460;1;1
4461;4;1
4462;6;2
4463;2;2
4464;5;1
4465;3;1
4466;4;2
4467;3;1
4468;6;2
4469;5;2
4470;1;1
4471;4;1
4472;9;2
4473;5;2
4474;2;2
4475;2;2
4476;1;2
4477;5;1
4478;4;1
4479;4;2
4480;0;2
4481;2;1
4482;1;2
4483;6;1
4484;3;2
4485;3;2
4486;3;2
4487;1;1
4488;4;1
4489;3;1
4490;0;2
4491;3;2
4492;2;2
4493;2;2
4494;4;2
4495;0;1
4496;3;2
4497;4;1
4498;1;2
4499;3;2
4500;5;2
4501;4;1
4502;6;2
4503;1;2
4504;1;2
4505;1;2
4506;1;2
4507;3;2
4508;1;2
4509;4;2
4510;0;2
4511;3;2
4512;4;2
4513;3;2
4514;2;1
4515;4;2
4516;3;1
4517;1;2
4518;5;2
4519;1;1
4520;2;2
4521;2;2
4522;3;2
4523;1;2
4524;4;1
4525;3;1
4526;1;2
4527;1;2
4528;2;2
4529;1;1
4530;5;1
4531;4;1
4532;3;1
4533;3;1
4534;10;2
4535;1;2
4536;6;2
4537;0;2
4538;5;2
4539;4;2
4540;2;1
4541;2;2
4542;2;1
4543;4;1
4544;2;1
4545;1;1
4546;6;2
4547;2;2
4548;2;2
4549;4;1
4550;6;2
4551;2;2
4552;2;2
4553;2;1
4554;1;2
4555;6;1
4556;4;2
4557;4;2
4558;2;2
4559;9;2
4560;0;2
4561;3;2
4562;5;1
4563;5;2
4564;4;2
4565;2;2
4566;0;1
4567;4;2
4568;2;1
4569;4;1
4570;6;1
4571;3;2
4572;1;2
4573;4;1
4574;2;1
4575;5;1
4576;2;1
4577;4;2
4578;2;1
4579;2;2
4580;0;1
4581;3;2
4582;3;2
4583;6;2
4584;1;1
4585;1;1
4586;2;2
4587;4;2
4588;4;2
4589;1;2
4590;3;1
4591;1;1
4592;1;2
4593;3;2
4594;1;2
4595;2;2
4596;1;2
4597;1;1
4598;3;2
4599;1;2
4600;5;2
4601;4;2
4602;2;1
4603;1;2
4604;1;2
4605;4;2
4606;5;1
4607;1;2
4608;6;2
4609;3;1
4610;3;2
4611;3;2
4612;2;2
4613;4;2
4614;1;2
4615;5;1
4616;6;1
4617;1;2
4618;5;1
4619;0;2
4620;2;1
4621;1;2
4622;0;2
4623;0;1
4624;2;2
4625;1;2
4626;1;1
4627;5;2
4628;5;2
4629;5;2
4630;1;2
4631;2;1
4632;1;1
4633;0;1
4634;0;2
4635;5;2
4636;3;2
4637;7;2
4638;3;2
4639;3;2
4640;6;2
4641;7;2
4642;3;2
4643;3;2
4644;3;2
4645;0;1
4646;4;2
4647;2;2
4648;3;2
4649;4;2
4650;4;2
4651;4;1
4652;0;2
4653;3;2
4654;5;1
4655;4;1
4656;4;1
4657;3;1
4658;1;1
4659;4;2
4660;4;2
4661;2;2
4662;3;2
4663;5;2
4664;3;2
4665;3;2
4666;0;1
4667;3;2
4668;2;2
4669;2;1
4670;4;2
4671;4;1
4672;4;1
4673;3;2
4674;2;2
4675;6;1
4676;2;1
4677;3;2
4678;4;2
4679;3;1
4680;2;2
4681;2;2
4682;5;2
4683;2;2
4684;1;2
4685;5;1
4686;3;2
4687;4;1
4688;4;1
4689;5;1
4690;0;1
4691;1;1
4692;2;2
4693;4;1
4694;1;1
4695;2;2
4696;1;1
4697;2;2
4698;2;1
4699;2;2
4700;2;2
4701;6;2
4702;6;2
4703;2;1
4704;1;2
4705;4;1
4706;2;2
4707;3;2
4708;4;1
4709;0;1
4710;3;1
4711;3;2
4712;1;1
4713;4;2
4714;3;2
4715;4;1
4716;2;2
4717;2;2
4718;1;2
4719;4;1
4720;3;1
4721;4;2
4722;2;2
4723;1;1
4724;2;2
4725;4;1
4726;5;2
4727;1;2
4728;3;1
4729;1;2
4730;1;1
4731;2;1
4732;3;1
4733;0;2
4734;3;2
4735;6;2
4736;5;1
4737;1;1
4738;5;2
4739;3;2
4740;4;2
4741;1;2
4742;3;2
4743;3;1
4744;1;2
4745;0;2
4746;3;2
4747;3;2
4748;2;2
4749;1;1
4750;4;1
4751;5;1
4752;4;2
4753;3;2
4754;2;1
4755;1;1
4756;4;1
4757;2;1
4758;2;2
4759;5;2
4760;3;2
4761;0;1
4762;2;2
4763;1;1
4764;3;2
4765;0;2
4766;2;2
4767;2;2
4768;8;1
4769;3;1
4770;4;1
4771;5;1
4772;2;2
4773;0;2
4774;2;2
4775;1;2
4776;5;2
4777;6;2
4778;0;1
4779;1;2
4780;0;2
4781;2;1
4782;4;1
4783;4;1
4784;8;2
4785;4;1
4786;1;1
4787;0;2
4788;7;2
4789;2;2
4790;5;1
4791;2;1
4792;0;2
4793;4;2
4794;2;2
4795;2;1
4796;2;1
4797;4;2
4798;2;1
4799;4;1
4800;4;2
4801;5;1
4802;3;1
4803;5;1
4804;1;1
4805;0;1
4806;2;1
4807;7;1
4808;1;1
4809;3;1
4810;0;1
4811;2;1
4812;2;2
4813;2;2
4814;4;2
4815;5;1
4816;4;2
4817;2;2
4818;1;1
4819;3;2
4820;2;2
4821;5;2
4822;2;2
4823;4;1
4824;5;2
4825;4;2
4826;5;2
4827;4;1
4828;5;2
4829;3;2
4830;3;2
4831;1;2
4832;4;2
4833;2;2
4834;3;2
4835;2;1
4836;5;2
4837;0;2
4838;2;2
4839;2;1
4840;2;1
4841;5;1
4842;3;1
4843;3;2
4844;0;1
4845;4;2
4846;2;2
4847;1;2
4848;5;2
4849;2;2
4850;5;2
4851;2;2
4852;2;2
4853;5;2
4854;2;2
4855;2;1
4856;1;1
4857;4;2
4858;3;2
4859;2;2
4860;3;2
4861;3;1
4862;1;2
4863;0;1
4864;2;2
4865;1;2
4866;2;1
4867;0;2
4868;4;2
4869;3;1
4870;4;1
4871;2;2
4872;4;2
4873;1;1
4874;1;1
4875;2;2
4876;3;2
4877;1;2
4878;2;2
4879;4;1
4880;5;1
4881;1;2
4882;2;2
4883;1;2
4884;2;1
4885;4;1
4886;0;2
4887;4;2
4888;3;2
4889;1;2
4890;4;1
4891;2;1
4892;4;2
4893;5;2
4894;2;1
4895;3;2
4896;0;2
4897;2;2
