Skewness: 0.13140571106860383, Average LID: LPCA: 5.360520094562648  |||  MLE: 3.1638629685308053  |||  MLENB: 3.1638629685308053  |||  TLE: 3.1216855753039634
LPCA: 0.5153433920841122  |||  MLE: 0.00473137467737704  |||  MLENB: 0.00473137467737704  |||  TLE: 0.42431039078449734
node;in_degree;local_intrinsic_dimensionality_LPCA;local_intrinsic_dimensionality_MLE;local_intrinsic_dimensionality_MLENB;local_intrinsic_dimensionality_TLE
0;101;6;2.9391400857065673;2.9391400857065673;2.9262936235412425
1;169;7;4.468446558388504;4.468446558388504;4.650721219638796
2;106;5;2.5723786082449847;2.5723786082449847;2.7518281101503326
3;68;6;3.8082694514447075;3.8082694514447075;3.9014919619692847
4;7;5;14.635746336637268;14.635746336637268;4.435034838049679
5;21;2;2.4678672636509984;2.4678672636509984;1.6782344128514404
6;132;7;3.540928039831532;3.540928039831532;3.607113114609426
7;93;5;3.0150443231602613;3.0150443231602613;3.207587843871367
8;68;5;2.855037516922268;2.855037516922268;2.7725713944040935
9;87;2;1.9729802819127782;1.9729802819127782;2.1763974792424494
10;128;6;3.2690040505846056;3.2690040505846056;3.5168357310416543
11;74;5;2.926380753491809;2.926380753491809;2.8408859826860287
12;107;6;3.826062922287579;3.826062922287579;3.845311925614823
13;180;8;4.346657972351827;4.346657972351827;4.4887111785661835
14;86;3;2.753354711354948;2.753354711354948;2.781816207425944
15;68;4;3.371004964376677;3.371004964376677;3.081755238774278
16;54;5;1.9305363733643865;1.9305363733643865;2.136258599598547
17;91;3;2.177465325995461;2.177465325995461;2.316720042440587
18;155;6;2.5980929379988202;2.5980929379988202;2.836917433049861
19;113;5;2.9707349307651185;2.9707349307651185;3.099501416192799
20;143;7;4.411411373501805;4.411411373501805;4.4830188380084035
21;81;5;2.2268795315342276;2.2268795315342276;2.4500198144811725
22;83;6;4.574136315260278;4.574136315260278;4.407703337310274
23;120;6;4.102575821439552;4.102575821439552;4.169713851008103
24;93;5;2.8802240489654687;2.8802240489654687;2.9796632885021834
25;150;7;4.119791586844425;4.119791586844425;4.285457615486469
26;104;5;2.7662534771431515;2.7662534771431515;2.914069241688697
27;164;6;2.863861744930284;2.863861744930284;3.0611095893119074
28;85;3;2.489668811157005;2.489668811157005;2.507241901126749
29;95;6;4.008034715208169;4.008034715208169;3.4891940235392864
30;162;8;3.6208378031011272;3.6208378031011272;3.8885407952578417
31;110;5;3.632477315591563;3.632477315591563;3.7313468309843705
32;59;5;3.434653009301529;3.434653009301529;3.4228265499119277
33;93;5;3.4267388930542233;3.4267388930542233;3.287491152751595
34;80;4;2.6612204971388826;2.6612204971388826;2.8538389072825
35;98;8;3.0389096646581217;3.0389096646581217;3.1355053097387557
36;91;6;2.4809969883449665;2.4809969883449665;2.5704597388731223
37;6;4;10.642014762415545;10.642014762415545;3.6196867642586037
38;149;6;2.6833873885890247;2.6833873885890247;2.78811423271811
39;85;7;4.0147993120411485;4.0147993120411485;3.843252206232897
40;101;5;2.7690298282010763;2.7690298282010763;2.9327489089920094
41;48;5;1.9625073585466897;1.9625073585466897;2.104900827544416
42;70;7;2.3781513996950276;2.3781513996950276;2.6970321578858294
43;95;5;2.751094470848326;2.751094470848326;2.94324295019244
44;101;5;3.8268732004538077;3.8268732004538077;3.422080587596355
45;86;7;2.367338124902918;2.367338124902918;2.6321484383860434
46;146;7;2.864496263497832;2.864496263497832;3.066447518827389
47;82;6;1.8569028436815813;1.8569028436815813;2.1956674072355313
48;108;7;3.118418029834911;3.118418029834911;3.366879236737526
49;106;5;3.5456439437141962;3.5456439437141962;3.6373332812342083
50;63;5;4.949648736299073;4.949648736299073;4.122768029729089
51;79;6;3.1442206831186557;3.1442206831186557;3.225851436171921
52;57;5;3.8465360494896474;3.8465360494896474;3.3796698441527524
53;88;6;5.173239718835663;5.173239718835663;4.750530597567782
54;23;2;2.5715503612385566;2.5715503612385566;1.7311894112722745
55;75;6;3.325912807957925;3.325912807957925;3.420855331752195
56;93;3;1.8734553791514124;1.8734553791514124;2.085820015351982
57;95;6;2.8787743959509804;2.8787743959509804;3.125445802483967
58;108;5;3.3196514136924367;3.3196514136924367;3.3137493670465754
59;122;5;2.8844219934718938;2.8844219934718938;3.038379047770702
60;91;4;2.2649227635632885;2.2649227635632885;2.365303596722018
61;130;6;3.463685677161691;3.463685677161691;3.567954757870431
62;104;6;2.7978181631493704;2.7978181631493704;2.968679610425406
63;159;7;4.0489264437053265;4.0489264437053265;4.227641419725311
64;93;3;2.0674313879340205;2.0674313879340205;2.2450080097073
65;159;6;5.531083108498467;5.531083108498467;5.046182198904853
66;103;7;1.9179245157708587;1.9179245157708587;2.29871319804749
67;81;6;1.979444143494776;1.979444143494776;1.9783459919613655
68;87;6;3.498035808679871;3.498035808679871;3.7327599380518834
69;89;3;2.3733814730377896;2.3733814730377896;2.388433970207375
70;66;6;2.738497604246543;2.738497604246543;2.7015801930565737
71;88;6;2.1151177963286103;2.1151177963286103;2.111256035048072
72;93;3;2.032245040182255;2.032245040182255;2.253875917812133
73;76;5;2.7312207305174594;2.7312207305174594;2.754976901477041
74;144;8;5.583718322871938;5.583718322871938;5.5113926364733015
75;93;3;2.0923829591353087;2.0923829591353087;2.206285442739412
76;92;4;2.4365937211115565;2.4365937211115565;2.5752260281254906
77;120;6;3.1558503959745354;3.1558503959745354;3.036734794921342
78;141;5;3.601431776369133;3.601431776369133;3.6854273647775453
79;59;7;2.106768205907989;2.106768205907989;2.154397625808448
80;133;7;3.743703999132906;3.743703999132906;3.853396463500654
81;155;6;3.6562087637011893;3.6562087637011893;3.67502757084857
82;115;5;3.5195857614855597;3.5195857614855597;3.5351923909069205
83;68;5;4.88936831695292;4.88936831695292;4.407631600958933
84;86;6;4.183765977899485;4.183765977899485;4.0665577148766126
85;19;2;2.6794113778050233;2.6794113778050233;1.6359008254274365
86;177;7;4.642226804666626;4.642226804666626;4.7714676729073675
87;66;5;2.0187912033144393;2.0187912033144393;2.241690507385866
88;98;3;2.5187729719569054;2.5187729719569054;2.531969002752649
89;90;5;2.4399258891710303;2.4399258891710303;2.658877601529188
90;140;6;2.398025682694801;2.398025682694801;2.56051945533878
91;90;4;3.1361100110605786;3.1361100110605786;3.0870056251616127
92;82;3;2.8063772061764998;2.8063772061764998;2.8064088628977206
93;112;8;2.7977231962410127;2.7977231962410127;3.057552290875294
94;128;6;3.716187709485263;3.716187709485263;3.862438996453347
95;160;6;3.460134738331098;3.460134738331098;3.410204751862075
96;127;7;4.606300716769833;4.606300716769833;4.454867860924089
97;230;7;3.8016854956987247;3.8016854956987247;4.070070518786379
98;85;5;2.5503865210988965;2.5503865210988965;2.5862121051054427
99;94;6;1.6425234245213054;1.6425234245213054;2.0689141530831545
100;7;4;10.965176563870443;10.965176563870443;3.994038937203078
101;116;7;4.469056801795286;4.469056801795286;4.438652095026278
102;127;6;3.0831402357272064;3.0831402357272064;3.1794693082142214
103;48;5;2.234696801495592;2.234696801495592;2.276375684858471
104;86;3;2.8105181013789635;2.8105181013789635;2.7436478460629026
105;150;6;2.3861611196497403;2.3861611196497403;2.727363815042851
106;84;3;2.5043546004682846;2.5043546004682846;2.4758119558599767
107;91;7;3.3402621329151936;3.3402621329151936;3.400864629419828
108;145;6;2.2664789552830644;2.2664789552830644;2.527334021669559
109;97;3;2.222192649563868;2.222192649563868;2.4183431877591057
110;121;7;3.7210477193555214;3.7210477193555214;4.020999013680027
111;122;8;3.2433713471816157;3.2433713471816157;3.5561016170217083
112;70;6;5.2316429754557365;5.2316429754557365;4.797648345548991
113;44;5;2.1757743727470253;2.1757743727470253;2.156568392980357
114;104;6;3.8870327193211627;3.8870327193211627;3.950722135036347
115;105;8;2.7084090130758867;2.7084090130758867;2.9233209820862265
116;91;5;2.296805040122847;2.296805040122847;2.45995162176076
117;129;6;2.212324205633184;2.212324205633184;2.4398222527141815
118;113;7;1.8314122424180117;1.8314122424180117;2.2241776786161713
119;90;3;2.647619742004777;2.647619742004777;2.677216746985147
120;130;6;2.7005055953870314;2.7005055953870314;2.9215606095830404
121;84;7;2.2043546351160637;2.2043546351160637;2.566911891581845
122;90;7;4.023322716349291;4.023322716349291;4.045662059707972
123;70;5;2.7148811283344965;2.7148811283344965;2.7441087315666675
124;105;6;3.82359149432511;3.82359149432511;3.928497699887877
125;89;7;2.7323229794820714;2.7323229794820714;2.961969056607306
126;181;7;4.630178196013384;4.630178196013384;4.728689032550597
127;131;7;4.655213491833202;4.655213491833202;4.544568044887505
128;126;7;4.16843274841949;4.16843274841949;4.202653196396903
129;97;5;2.041092550964852;2.041092550964852;2.25686991988708
130;95;4;2.672954718591004;2.672954718591004;2.756994876097749
131;73;6;3.4685370123468746;3.4685370123468746;3.4954829703469237
132;84;3;2.552644895334781;2.552644895334781;2.5748073110067673
133;133;7;3.070272903583766;3.070272903583766;3.1418520152574607
134;66;6;2.812957469125406;2.812957469125406;2.711106862787367
135;5;4;10.396824211023638;10.396824211023638;3.4725436289927747
136;63;6;2.5364270503665223;2.5364270503665223;2.770051687384502
137;118;6;3.0680142132261126;3.0680142132261126;3.589774313872638
138;109;5;3.222666364218839;3.222666364218839;3.234682900317762
139;133;7;3.904812738963815;3.904812738963815;4.098827714422499
140;54;5;2.845590776523514;2.845590776523514;2.8528109476363257
141;89;7;1.7370984981509947;1.7370984981509947;2.1395925050860845
142;55;6;4.377343442194719;4.377343442194719;3.6633486602564824
143;85;7;1.666658486562625;1.666658486562625;2.085999288052298
144;109;5;3.006430280088068;3.006430280088068;3.1519703004579767
145;105;6;1.9774363203641279;1.9774363203641279;2.103855554518449
146;102;6;3.953572896868816;3.953572896868816;3.581179160599556
147;119;7;3.3829327545563515;3.3829327545563515;3.6632354427645315
148;115;7;5.02056585509362;5.02056585509362;4.744037793749636
149;55;4;3.9653193269442046;3.9653193269442046;3.8312302667169713
150;95;2;2.2323497490622657;2.2323497490622657;2.411698402011993
151;82;2;2.380272165691589;2.380272165691589;2.452841896681039
152;51;5;3.4902726365579153;3.4902726365579153;3.3521326728538674
153;100;5;3.109951878279435;3.109951878279435;3.111213833770696
154;133;7;3.8030492812471266;3.8030492812471266;4.070372564471025
155;23;2;2.6688304922753185;2.6688304922753185;1.7077443857315644
156;78;6;3.840591000108898;3.840591000108898;3.729445534236461
157;127;6;3.132042505831051;3.132042505831051;3.3304322288771986
158;84;6;3.769988495409404;3.769988495409404;3.7385969205130025
159;137;7;4.908155742427083;4.908155742427083;4.99894569604636
160;118;6;2.729937490975985;2.729937490975985;2.8777281146362137
161;87;5;2.6525629222310125;2.6525629222310125;2.7771997873147143
162;87;4;2.4799665409629212;2.4799665409629212;2.6688130453962136
163;160;7;3.3168641118550517;3.3168641118550517;3.4639510971964205
164;121;6;2.8386645821141006;2.8386645821141006;3.0620330534646345
165;120;6;2.975721212935543;2.975721212935543;2.836883792230235
166;59;6;3.3712546174565476;3.3712546174565476;3.351814716076408
167;129;6;3.571526919343904;3.571526919343904;3.477028247924003
168;113;6;3.0217805803174227;3.0217805803174227;3.054140691047896
169;126;6;3.4040058409433165;3.4040058409433165;3.5703981588237954
170;115;6;3.3120924232969795;3.3120924232969795;3.401727653499926
171;23;2;2.7484606563586174;2.7484606563586174;1.8658162360860964
172;73;7;3.8050758697716915;3.8050758697716915;3.8831363648114388
173;147;6;3.202311263368147;3.202311263368147;3.152287379276865
174;100;8;3.0947316715891047;3.0947316715891047;3.3480764380641426
175;108;5;3.502820189476452;3.502820189476452;3.6071714993924493
176;81;3;2.5018356741842718;2.5018356741842718;2.5821378608643792
177;110;7;3.3475807222846874;3.3475807222846874;3.657146828737179
178;86;6;3.224332513119611;3.224332513119611;3.4206950130314606
179;84;6;3.807884224102341;3.807884224102341;3.89116035712662
180;81;5;3.061191271545115;3.061191271545115;2.9419478447638974
181;74;5;2.260675243257562;2.260675243257562;2.4076437235553527
182;111;7;3.973434426024572;3.973434426024572;3.8326337056502755
183;46;5;2.016425974280078;2.016425974280078;2.1044123755204702
184;96;5;2.2662698639037524;2.2662698639037524;2.4757755535267636
185;91;3;2.2834126940816195;2.2834126940816195;2.3558966668999703
186;99;4;2.4354400440766426;2.4354400440766426;2.5575858080219107
187;114;8;3.100223889760021;3.100223889760021;3.2550757909330676
188;117;5;2.6539712514059275;2.6539712514059275;2.8159578715126425
189;93;6;3.1153646352829085;3.1153646352829085;3.2940367278673155
190;89;3;2.0750517406384286;2.0750517406384286;2.174510493906504
191;139;7;3.731817241465205;3.731817241465205;3.9307979188945357
192;204;8;5.098943141433033;5.098943141433033;5.1705335412281865
193;24;2;2.9298189148196863;2.9298189148196863;1.8509525472500081
194;96;6;3.890473606931793;3.890473606931793;3.9084079067692046
195;142;6;2.7382147627335165;2.7382147627335165;2.8795242327937727
196;116;6;2.2271955314835608;2.2271955314835608;2.416062307678915
197;164;7;4.7907185946125095;4.7907185946125095;4.81814882187504
198;112;5;3.5570496966837566;3.5570496966837566;3.4583414964094614
199;115;7;3.045311277269079;3.045311277269079;3.0114506480179952
200;126;8;3.7478667800953165;3.7478667800953165;4.130093172499791
201;67;5;2.5677706343187463;2.5677706343187463;2.7707114035204294
202;94;6;2.928135666081487;2.928135666081487;2.649451237983123
203;147;6;2.787100284433597;2.787100284433597;3.1080962187460455
204;92;5;3.4727483806240915;3.4727483806240915;3.4832324396103265
205;163;7;4.895156988205183;4.895156988205183;4.877675599853179
206;116;5;3.268763398213387;3.268763398213387;3.330663212612348
207;81;7;1.6386016906255003;1.6386016906255003;2.0773206863720732
208;182;6;3.580091107075385;3.580091107075385;3.7079223795129295
209;79;6;2.8445258604247528;2.8445258604247528;2.905359074136945
210;63;3;2.516991045991457;2.516991045991457;2.512225133338985
211;103;6;3.4264402619438403;3.4264402619438403;3.6158073670694253
212;146;7;4.130163895159487;4.130163895159487;4.362132780346857
213;64;6;3.4132504946891995;3.4132504946891995;2.9883970079061593
214;106;6;3.9246706806147023;3.9246706806147023;4.096914186642538
215;94;5;3.975454381675546;3.975454381675546;3.9516687754591358
216;200;7;4.354531235414314;4.354531235414314;4.480138581538618
217;142;6;2.2756881822241724;2.2756881822241724;2.5441785128255905
218;158;6;3.754987390572205;3.754987390572205;3.8200867526651803
219;47;5;2.3552410989385493;2.3552410989385493;2.3009421300613444
220;117;6;2.236829577825624;2.236829577825624;2.4147783955712203
221;93;7;2.6705556092817604;2.6705556092817604;2.9749253927819703
222;90;2;2.2523637231202347;2.2523637231202347;2.383322962067592
223;158;7;4.429136254448567;4.429136254448567;4.473193034239845
224;112;6;3.041685893907211;3.041685893907211;3.236312622384436
225;85;6;4.0331999665094385;4.0331999665094385;4.156485419561712
226;153;6;2.744687196814296;2.744687196814296;3.0014486794380253
227;101;6;3.0070288216762635;3.0070288216762635;3.16863612387949
228;110;5;2.7605258341481043;2.7605258341481043;2.914086117495513
229;161;6;4.150812888024697;4.150812888024697;4.046822948863164
230;46;5;1.9652190820763895;1.9652190820763895;2.167778670641793
231;37;5;2.264673069141269;2.264673069141269;2.033623455681912
232;89;7;1.7087096346247623;1.7087096346247623;2.0386836689855183
233;119;5;3.0382181391381287;3.0382181391381287;3.1124863108120406
234;67;5;3.4593568039510423;3.4593568039510423;3.557061678772774
235;60;6;2.471991793996094;2.471991793996094;2.7485898965671347
236;84;3;2.8011487487451414;2.8011487487451414;2.8626520875786428
237;103;6;1.9249839257337726;1.9249839257337726;2.2134954321730453
238;112;6;2.1582078786803214;2.1582078786803214;2.280612715565381
239;98;6;4.506138985217622;4.506138985217622;4.235857095700026
240;70;5;2.5721718147873833;2.5721718147873833;2.7796688312993485
241;106;7;3.298578369657043;3.298578369657043;3.2748178951258735
242;102;6;2.0505533257269355;2.0505533257269355;2.2926824755585224
243;139;6;2.8402688212690053;2.8402688212690053;2.9560805081409445
244;60;5;3.38774188087105;3.38774188087105;3.1117488031858245
245;104;5;3.8654267210029465;3.8654267210029465;3.8883092235123233
246;63;5;2.5958998824435713;2.5958998824435713;2.776373988983208
247;90;4;2.2674463701908913;2.2674463701908913;2.514552240882517
248;91;5;3.8821273160903886;3.8821273160903886;3.482156750282522
249;50;5;2.0565511814252573;2.0565511814252573;2.164343294938473
250;138;7;2.683187304409668;2.683187304409668;2.9553387655695817
251;83;6;2.9978941968035775;2.9978941968035775;2.6771113525086845
252;144;7;4.17448960144819;4.17448960144819;4.186123621215114
253;65;7;3.6003311276604237;3.6003311276604237;3.66414830556027
254;136;8;3.8836283005708383;3.8836283005708383;4.204092243198415
255;130;6;3.3460279762575373;3.3460279762575373;3.30493999063969
256;62;5;3.401785097042587;3.401785097042587;3.3408929636400395
257;125;7;5.282751115841319;5.282751115841319;4.984361456215843
258;97;5;2.1907961818729365;2.1907961818729365;2.3562286820017695
259;82;6;2.1702087414928615;2.1702087414928615;2.0756045498434603
260;113;5;2.6802654461303854;2.6802654461303854;2.8423939077862737
261;98;3;2.17151991040391;2.17151991040391;2.411506073080533
262;69;5;2.565785277601891;2.565785277601891;2.645496356667387
263;87;5;2.9995009383918787;2.9995009383918787;3.075700409332547
264;95;3;2.2320226030310812;2.2320226030310812;2.403209867617644
265;138;7;2.5789450677718166;2.5789450677718166;2.8051158644472753
266;73;7;2.0749160617079294;2.0749160617079294;2.307963351729098
267;103;4;3.121903601182747;3.121903601182747;3.3219310295994817
268;67;5;2.8113338674148327;2.8113338674148327;2.8061966339792277
269;79;5;2.213030116649986;2.213030116649986;2.453942718271225
270;118;6;3.7685463702257973;3.7685463702257973;3.715309207938477
271;82;3;2.794753709002194;2.794753709002194;2.797215058992494
272;64;7;4.979603700857529;4.979603700857529;4.39838437327238
273;104;7;3.7844749971528113;3.7844749971528113;3.852014196934719
274;23;2;2.5341329420885774;2.5341329420885774;1.728240719128229
275;72;7;4.070402034825017;4.070402034825017;3.800223013134716
276;147;6;3.518805472624511;3.518805472624511;3.4609010774538564
277;104;6;2.4944342577467085;2.4944342577467085;2.670743608471322
278;129;5;3.529278945205466;3.529278945205466;3.5178752873851415
279;71;5;2.901810766748794;2.901810766748794;3.0330495853963844
280;90;2;2.2178748209834516;2.2178748209834516;2.3658024904445707
281;191;8;3.894225484922182;3.894225484922182;4.224557081026972
282;107;6;2.3094169941828433;2.3094169941828433;2.5002104567716614
283;102;6;2.8110847651108988;2.8110847651108988;2.7479735498060487
284;92;5;3.476163145904926;3.476163145904926;3.323897451752605
285;87;3;2.799460649499696;2.799460649499696;2.8998407674720075
286;133;7;4.000159320350854;4.000159320350854;4.151667458801181
287;127;7;4.868878602882188;4.868878602882188;4.869472160305085
288;95;5;2.149212976748331;2.149212976748331;2.3692736675956096
289;138;6;2.910410026453849;2.910410026453849;3.0989400658159196
290;138;6;3.3752876098041003;3.3752876098041003;3.5622054417963254
291;7;5;9.788598157261577;9.788598157261577;4.158575257639751
292;165;6;5.3311464197270855;5.3311464197270855;5.04599605590023
293;120;6;3.2871934519681454;3.2871934519681454;3.4202476070314436
294;24;2;2.875603422828383;2.875603422828383;1.8980337946847308
295;90;7;4.081970809789412;4.081970809789412;4.026534891105112
296;84;3;2.2763066753405576;2.2763066753405576;2.3260784314773084
297;136;6;2.961669217689721;2.961669217689721;3.1437689554717725
298;94;3;2.5167832526579113;2.5167832526579113;2.5991392512555676
299;85;4;2.439907500592794;2.439907500592794;2.601932907438428
300;161;6;2.6235720044976585;2.6235720044976585;2.8724767288358977
301;139;7;4.355908185087725;4.355908185087725;4.355477959833109
302;75;5;2.6473661342137382;2.6473661342137382;2.8563855460949967
303;81;6;2.8790197609874935;2.8790197609874935;3.0698587133839816
304;127;6;2.5081960041787337;2.5081960041787337;2.696695734012062
305;217;8;4.30401950928049;4.30401950928049;4.529798358331682
306;111;5;2.72597328260221;2.72597328260221;2.8715747411702397
307;125;6;3.3873902196528918;3.3873902196528918;3.343356625109252
308;90;3;2.0636947202204876;2.0636947202204876;2.174611031910336
309;73;5;2.96363857484561;2.96363857484561;2.8714278081820543
310;70;3;2.777070712353419;2.777070712353419;2.6651469103772802
311;85;7;2.827168163280352;2.827168163280352;2.9818522443850575
312;151;7;3.576130707124301;3.576130707124301;3.846843120339708
313;85;4;2.5893307232181795;2.5893307232181795;2.6094433802129604
314;108;7;2.381507826858156;2.381507826858156;2.6318840751222115
315;114;6;2.719699271320051;2.719699271320051;2.9167186006309476
316;126;6;3.079206470173526;3.079206470173526;3.2259215926715497
317;83;2;2.404667797235511;2.404667797235511;2.488912090004401
318;66;5;2.0017701430973625;2.0017701430973625;2.183057553090134
319;96;6;2.9517402224608422;2.9517402224608422;2.6722200507238973
320;114;6;2.0024531433972284;2.0024531433972284;2.2453288223061127
321;21;2;2.5970538766906635;2.5970538766906635;1.6759265024902754
322;101;6;1.760425670263948;1.760425670263948;2.1472043941140626
323;74;2;2.5154139679880276;2.5154139679880276;2.5208904098315363
324;93;4;2.1210176873168063;2.1210176873168063;2.3354164395556656
325;81;7;1.8209215844015123;1.8209215844015123;2.1044836669251565
326;87;3;2.201698754964007;2.201698754964007;2.2859729130819213
327;180;7;5.418119101010767;5.418119101010767;5.085438048171057
328;91;7;4.073023869913134;4.073023869913134;4.025603995021419
329;91;5;2.8615261845760456;2.8615261845760456;3.0469087102962487
330;59;6;3.665878002997471;3.665878002997471;3.6184347019834764
331;89;2;2.235104350070017;2.235104350070017;2.3340375251863543
332;97;6;2.4762130990048106;2.4762130990048106;2.398903558183378
333;96;7;1.6381771032932795;1.6381771032932795;2.0301863428373403
334;28;2;3.327864131201325;3.327864131201325;1.9610162184898885
335;130;6;1.9640579088308483;1.9640579088308483;2.2220119461926022
336;104;5;4.251036374487069;4.251036374487069;3.891417552101323
337;99;4;3.366654051499668;3.366654051499668;3.238549114855529
338;79;7;5.3249410173742335;5.3249410173742335;4.857685201890861
339;159;7;3.555812328884184;3.555812328884184;3.809596377453498
340;138;7;3.409844733900579;3.409844733900579;3.685806065303014
341;117;6;4.448297741486027;4.448297741486027;4.375127731610608
342;122;6;2.92436995833186;2.92436995833186;3.075579758645032
343;115;6;2.2817490105900573;2.2817490105900573;2.3897130682334793
344;95;6;1.877142803878429;1.877142803878429;2.006163317813327
345;25;2;3.3374102419972513;3.3374102419972513;2.00857056177998
346;103;5;3.8567454181201466;3.8567454181201466;3.5407648826081513
347;115;7;5.120331360643435;5.120331360643435;4.996341973592609
348;90;7;3.6306893288178643;3.6306893288178643;3.755436589461236
349;116;6;3.7671015705090034;3.7671015705090034;3.8583802732156305
350;91;2;2.1803309641255684;2.1803309641255684;2.310194942825459
351;82;6;4.626804508000591;4.626804508000591;3.711803487389321
352;71;7;5.8111252921455705;5.8111252921455705;4.906138740989051
353;118;6;4.079196124377825;4.079196124377825;3.9774577072827677
354;90;3;2.539488995107061;2.539488995107061;2.6305052229542385
355;89;3;1.9700953435843576;1.9700953435843576;2.1390213505209825
356;119;6;4.132407286184139;4.132407286184139;4.200287221911813
357;109;5;3.157702932826529;3.157702932826529;3.216339709789093
358;154;8;4.276714578414048;4.276714578414048;4.329427920648689
359;97;3;2.03299635622398;2.03299635622398;2.2319517039100067
360;151;6;2.910431427288048;2.910431427288048;3.0498877733737144
361;92;4;2.8750012233386504;2.8750012233386504;2.866845791404069
362;89;3;2.919535815878847;2.919535815878847;2.986982738090923
363;131;7;3.7825642327256355;3.7825642327256355;3.8916892135125845
364;171;7;4.942194902185175;4.942194902185175;4.911862129290564
365;82;5;2.811331657643714;2.811331657643714;2.7709202262174153
366;119;8;3.0975007369503467;3.0975007369503467;3.338485017559091
367;141;7;3.0332745178403533;3.0332745178403533;3.1897380614645923
368;140;6;3.4993946341413635;3.4993946341413635;3.5502215570301194
369;74;5;3.2196958942614926;3.2196958942614926;2.954308259485878
370;86;3;2.5132802342582865;2.5132802342582865;2.5769963267912726
371;98;5;3.324616968949309;3.324616968949309;3.3702488909711863
372;122;8;3.408935605611725;3.408935605611725;3.6426126836498987
373;89;3;2.993153847550439;2.993153847550439;3.1382484903109344
374;54;5;1.8741628353658866;1.8741628353658866;2.1589000864219594
375;39;3;3.4575569561103685;3.4575569561103685;2.243546626987167
376;168;6;3.146861043564265;3.146861043564265;3.287100547826659
377;133;6;3.4345287383842287;3.4345287383842287;3.5680529425977907
378;91;5;2.676039036213407;2.676039036213407;2.86713454745122
379;163;6;2.814118905755676;2.814118905755676;3.0535951284256537
380;88;5;3.1525730394570624;3.1525730394570624;3.2531078298891245
381;23;2;2.7676191339917313;2.7676191339917313;1.7515869236076018
382;141;5;4.635258516619651;4.635258516619651;4.574743610438729
383;136;6;2.4996364305407393;2.4996364305407393;2.6721258280027276
384;88;5;4.3166797508777766;4.3166797508777766;4.25500413001425
385;79;8;3.5421016838635238;3.5421016838635238;3.3087473262068365
386;100;3;1.9949562540424022;1.9949562540424022;2.205537126374923
387;135;8;3.9776673749785125;3.9776673749785125;4.040146018739864
388;3;4;12.932735665737484;12.932735665737484;3.5138697320926378
389;72;6;2.0521054437859156;2.0521054437859156;1.914931559236709
390;63;7;2.0482237871449023;2.0482237871449023;2.2314534869739924
391;73;5;4.2258720687696485;4.2258720687696485;4.108005245360958
392;92;7;5.528387860744591;5.528387860744591;5.110425628859196
393;120;8;3.877683122790991;3.877683122790991;3.9342802694039443
394;64;3;3.0494150428475844;3.0494150428475844;2.8981330525517275
395;74;5;3.6480762553822887;3.6480762553822887;3.6641849446786487
396;21;2;2.484000148308465;2.484000148308465;1.6658800049976692
397;142;7;4.669735844747716;4.669735844747716;4.648594024292466
398;84;4;2.352754837280823;2.352754837280823;2.553978728370227
399;115;6;3.129606711150309;3.129606711150309;3.661793886695378
400;100;5;2.9186469669470627;2.9186469669470627;3.0523478010770106
401;80;5;3.4791746545968643;3.4791746545968643;3.485432058447953
402;72;6;2.781921189131819;2.781921189131819;2.7466645066498208
403;50;5;4.073466106229572;4.073466106229572;3.8730508234643315
404;89;3;2.402029132454156;2.402029132454156;2.5244601060639877
405;123;7;3.8942933928253383;3.8942933928253383;4.10773161513019
406;145;6;3.2057387521183682;3.2057387521183682;3.383514785701444
407;119;6;5.5485541508309115;5.5485541508309115;5.3578877604695965
408;157;7;3.4038923640946854;3.4038923640946854;3.6352837634104187
409;81;4;2.210653690871796;2.210653690871796;2.424044771303092
410;108;5;3.5090181675614907;3.5090181675614907;3.5127948039632937
411;56;5;1.9374930761251947;1.9374930761251947;2.1815435276039126
412;142;6;2.2946691212411707;2.2946691212411707;2.599525189542827
413;54;5;4.051122886305854;4.051122886305854;3.992258926220104
414;77;6;3.171452560154154;3.171452560154154;3.3295518043025494
415;115;6;3.189811738298761;3.189811738298761;3.0545713308416627
416;87;6;3.065685734724756;3.065685734724756;3.3029125478645995
417;66;6;3.2619886048193116;3.2619886048193116;3.2595497628713392
418;145;7;4.610448206368946;4.610448206368946;4.5835852726211845
419;95;6;3.2325643421066608;3.2325643421066608;3.406987151048854
420;111;6;2.5472703137382835;2.5472703137382835;2.742777904486428
421;112;5;3.3244829940851996;3.3244829940851996;3.3327936988997435
422;49;4;3.749470157035682;3.749470157035682;3.598378275435279
423;77;7;1.8753916896895801;1.8753916896895801;2.173506166023135
424;85;3;2.01535221053558;2.01535221053558;2.1887516940482854
425;96;7;3.781960801033793;3.781960801033793;3.7667828845865774
426;149;6;2.3139250191853145;2.3139250191853145;2.579155306988893
427;89;4;2.551036185797642;2.551036185797642;2.753386577402455
428;105;5;2.9263512088969517;2.9263512088969517;2.978872449577596
429;127;7;3.7115597102046003;3.7115597102046003;3.760630352354335
430;170;6;3.0108107064082392;3.0108107064082392;3.182972523267814
431;80;5;3.409375281481334;3.409375281481334;3.205006750931849
432;74;6;4.254058188207805;4.254058188207805;4.050752540168297
433;134;6;2.4233102174225056;2.4233102174225056;2.72277052437499
434;93;5;2.984095151919728;2.984095151919728;2.917474257917355
435;131;5;2.9634014031077687;2.9634014031077687;3.2011806465673143
436;118;6;2.666639979225454;2.666639979225454;2.875040119463799
437;115;6;3.0360099655704738;3.0360099655704738;2.9385854729588385
438;87;3;2.4442598070438257;2.4442598070438257;2.5848876006579387
439;85;3;2.809671851312138;2.809671851312138;2.7813862248464463
440;86;4;2.335178771560188;2.335178771560188;2.434657880631679
441;68;6;2.6916843416185143;2.6916843416185143;2.836678710250983
442;62;5;2.3259212809811944;2.3259212809811944;2.427386833063748
443;93;3;1.9686860698325044;1.9686860698325044;2.1568003674236476
444;25;2;3.6014468405161573;3.6014468405161573;2.039835292821184
445;111;6;3.3750434693302727;3.3750434693302727;3.481389822100706
446;92;2;2.2181795775112376;2.2181795775112376;2.3489727770340187
447;103;5;3.580748789330979;3.580748789330979;3.350905877611581
448;112;5;3.1235027275551515;3.1235027275551515;3.188981330979168
449;106;7;3.538179308177364;3.538179308177364;3.6467006856398236
450;80;6;3.5478522955628446;3.5478522955628446;3.474546023997423
451;76;5;2.9076781983389375;2.9076781983389375;3.016411781291157
452;77;5;2.911569498345123;2.911569498345123;3.100342006805846
453;129;7;3.518507543570371;3.518507543570371;3.6624844384630633
454;95;5;2.179638931417681;2.179638931417681;2.3815153672557767
455;146;6;2.9144480909732775;2.9144480909732775;3.0329223485920154
456;69;4;5.499791466832639;5.499791466832639;4.935958853283481
457;76;6;3.2906220001631623;3.2906220001631623;3.558558219887185
458;92;6;3.5631357269462014;3.5631357269462014;3.07199282302674
459;84;3;2.3216335820177645;2.3216335820177645;2.422456939990171
460;111;6;3.3828567287029205;3.3828567287029205;3.586172145374943
461;97;5;2.0730905693706667;2.0730905693706667;2.28151532866541
462;91;3;2.7715595405043274;2.7715595405043274;2.911120239119926
463;67;6;3.188004555891147;3.188004555891147;2.8718244620636297
464;90;3;2.1144277935453863;2.1144277935453863;2.2804834667075258
465;188;7;3.7739744358505067;3.7739744358505067;3.9365928147573515
466;168;6;4.500653792850096;4.500653792850096;4.318698596282948
467;123;6;2.7002860519742633;2.7002860519742633;2.876037606269965
468;144;6;2.5609134553976602;2.5609134553976602;2.8259421866095336
469;110;5;3.547851948278674;3.547851948278674;3.6102514939824424
470;103;4;3.3029463362426315;3.3029463362426315;3.4714804451137127
471;115;6;2.289543583354728;2.289543583354728;2.445915726980037
472;65;6;3.3440269072363793;3.3440269072363793;2.5726986291839045
473;113;6;2.3064442000109375;2.3064442000109375;2.4381531535030345
474;128;6;4.420101477525579;4.420101477525579;4.183734573499309
475;119;5;3.1506268855513735;3.1506268855513735;3.216817636024879
476;87;6;2.2287530059342786;2.2287530059342786;2.1665750760661675
477;108;8;2.7260027714694;2.7260027714694;2.983546365298964
478;96;3;2.191067805053462;2.191067805053462;2.3807373395449583
479;83;7;1.8179274550066071;1.8179274550066071;2.1998684625571148
480;160;6;3.324224935501338;3.324224935501338;3.3905040718407697
481;161;6;3.017036116820192;3.017036116820192;3.0966074411931666
482;91;3;3.152309268662015;3.152309268662015;3.270327264155199
483;118;6;3.81045955745359;3.81045955745359;3.919364976853722
484;82;7;2.4009265392021835;2.4009265392021835;2.68632412857372
485;94;7;4.129676224721834;4.129676224721834;3.876308498301567
486;115;6;1.9444806698312445;1.9444806698312445;2.187701664146499
487;115;6;2.7666907430146144;2.7666907430146144;2.8206715144474925
488;74;6;4.495188653952171;4.495188653952171;4.205321042404315
489;109;6;3.196151032047087;3.196151032047087;3.215414204275865
490;147;6;2.704566210006774;2.704566210006774;2.8906839316936153
491;135;7;3.5044005441461814;3.5044005441461814;3.5444720876270557
492;124;7;2.0929891303203534;2.0929891303203534;2.379173807668498
493;137;6;2.788164161360554;2.788164161360554;2.870747813292374
494;23;2;2.752826471524558;2.752826471524558;1.8554829152228867
495;87;6;3.1760061864974136;3.1760061864974136;3.1969738696720076
496;143;5;3.053453179936606;3.053453179936606;3.1236172763843206
497;104;6;4.129464318477065;4.129464318477065;4.020170982293289
498;52;5;1.865281454675062;1.865281454675062;2.1314430769623804
499;103;6;2.8870254768492027;2.8870254768492027;2.7873580975558285
500;68;6;2.2063583558489057;2.2063583558489057;2.0261065200316906
501;148;6;2.6696485935949243;2.6696485935949243;2.859273445326162
502;137;6;3.219073837919529;3.219073837919529;3.408867824932252
503;124;6;4.638247269443579;4.638247269443579;4.2667130709689225
504;95;3;2.2781753143026426;2.2781753143026426;2.4104970599769775
505;142;6;2.6902850026983813;2.6902850026983813;2.9311648219991207
506;122;6;3.767539593354435;3.767539593354435;3.571735708264649
507;76;7;3.453424832492802;3.453424832492802;3.4420258240453827
508;125;8;3.445508858164945;3.445508858164945;3.487925610366787
509;146;6;2.8303302538232398;2.8303302538232398;3.0697482395996567
510;101;6;1.9089066487149653;1.9089066487149653;2.2805547840508043
511;77;5;3.866358439374605;3.866358439374605;3.810944388856953
512;107;6;2.531980921284221;2.531980921284221;2.5124850145645077
513;50;5;3.212273716840228;3.212273716840228;3.0778821752265415
514;116;6;3.9314068246432905;3.9314068246432905;4.145718779272182
515;120;5;2.785109791937739;2.785109791937739;2.9045342255160334
516;79;7;4.875090726610493;4.875090726610493;4.292690230485976
517;131;6;2.3205412759162227;2.3205412759162227;2.4572176270428323
518;139;6;4.521678546477985;4.521678546477985;4.195978514770399
519;72;5;3.225891478542091;3.225891478542091;3.3729865831465617
520;90;3;2.216238548268147;2.216238548268147;2.424506887733906
521;120;7;4.232893272331161;4.232893272331161;4.291631312725492
522;44;5;3.848585310138626;3.848585310138626;3.7035981802245646
523;7;6;10.360223571381766;10.360223571381766;4.492772485640384
524;159;6;2.8648458814590763;2.8648458814590763;3.00464454902432
525;132;6;3.214838707418708;3.214838707418708;3.278512061255139
526;95;3;2.1713066109607464;2.1713066109607464;2.3846643119027697
527;97;5;2.937389736942556;2.937389736942556;2.9163657296685512
528;86;3;2.897439121623958;2.897439121623958;3.057176332537549
529;75;8;1.680936980721355;1.680936980721355;2.076165207449946
530;90;3;2.7271027825895566;2.7271027825895566;2.727390455927255
531;23;2;2.765702551459789;2.765702551459789;1.832758200714013
532;75;4;3.3452607281559277;3.3452607281559277;3.20074046671259
533;102;5;3.3604237091648916;3.3604237091648916;3.3337013843290193
534;100;5;2.4625284262956835;2.4625284262956835;2.69952085999119
535;123;6;4.577172230094305;4.577172230094305;4.547879580863221
536;126;6;1.8856722735642921;1.8856722735642921;2.114671419111226
537;96;5;3.0571469633014545;3.0571469633014545;3.058715233769314
538;94;5;2.1246498709738306;2.1246498709738306;2.324204644466994
539;25;2;2.9348765609542418;2.9348765609542418;1.8632217533010733
540;102;6;3.082335418389656;3.082335418389656;3.1112521266591324
541;95;5;2.9444853550048737;2.9444853550048737;3.0643695213252027
542;82;5;2.4524021301790295;2.4524021301790295;2.6515486436615467
543;86;5;2.863887663225366;2.863887663225366;3.126446006208724
544;103;6;4.997830915706347;4.997830915706347;4.5670450871077595
545;109;7;3.830048245853106;3.830048245853106;3.9579124330639277
546;61;5;3.401773753090909;3.401773753090909;3.4041477749032025
547;104;7;3.3825837241704124;3.3825837241704124;3.5853018704603707
548;101;6;3.499095553514152;3.499095553514152;3.644450302634419
549;131;6;2.7584046636260977;2.7584046636260977;2.9233974861284215
550;60;5;2.17175478963259;2.17175478963259;2.3128108968365035
551;92;5;4.637216218428505;4.637216218428505;4.466304605521982
552;95;3;2.2595733373679336;2.2595733373679336;2.481281114883887
553;82;7;1.8988131050865886;1.8988131050865886;2.1806614154899475
554;85;5;2.6392886221706293;2.6392886221706293;2.737522785521044
555;84;3;2.7081524093446885;2.7081524093446885;2.818682352159675
556;24;2;3.5867696251403336;3.5867696251403336;1.9952578634519038
557;125;6;3.5559303804472115;3.5559303804472115;3.6827495541941255
558;78;7;1.6621748657405062;1.6621748657405062;2.0974994984932867
559;123;6;2.42401776273171;2.42401776273171;2.555322826819614
560;128;6;2.761887338404571;2.761887338404571;2.8517418008855477
561;98;4;2.8893232874819383;2.8893232874819383;2.9469390215646523
562;150;6;3.4389629517172717;3.4389629517172717;3.503177751523243
563;121;7;5.737525932021449;5.737525932021449;5.128935324851774
564;56;5;2.604808025939868;2.604808025939868;2.6777754619374026
565;93;3;2.6391984520054708;2.6391984520054708;2.6460289148192864
566;87;5;3.3658246448187477;3.3658246448187477;3.2645439180817095
567;110;6;4.507866308844811;4.507866308844811;4.3733931789005105
568;89;7;1.6277309300258052;1.6277309300258052;2.0257563001917123
569;90;5;3.424766263389613;3.424766263389613;3.354456332412251
570;131;6;2.582809250315467;2.582809250315467;2.7888812926377566
571;120;8;4.550695729406125;4.550695729406125;4.468280918051114
572;137;7;3.6011829910300914;3.6011829910300914;3.822147087025585
573;56;6;2.721187250726712;2.721187250726712;2.9722465345457345
574;106;5;2.7297120411870996;2.7297120411870996;2.9482853035143255
575;154;5;3.0927149303815513;3.0927149303815513;3.222398997959162
576;149;6;2.327927968528868;2.327927968528868;2.6467129802825644
577;79;4;2.713456589765493;2.713456589765493;2.629317228082003
578;103;5;3.4940448327059266;3.4940448327059266;3.3989808464923503
579;116;5;3.490011795081154;3.490011795081154;3.5168667826249456
580;84;7;1.993375723946419;1.993375723946419;2.281448115266146
581;106;6;3.7132583687620215;3.7132583687620215;3.8678013736459635
582;135;6;2.6614646151904844;2.6614646151904844;2.8256686428655926
583;151;6;2.930320547368398;2.930320547368398;3.1848335573028077
584;102;5;2.63411981571498;2.63411981571498;2.71558526640159
585;54;5;2.4578408973222245;2.4578408973222245;2.4051861713740856
586;71;6;2.9307118554374396;2.9307118554374396;2.4846686210985878
587;104;6;3.8344177214399395;3.8344177214399395;3.8668377729094696
588;118;6;4.095946373016148;4.095946373016148;4.234687579422466
589;88;6;1.9283012964507855;1.9283012964507855;1.9974425525144728
590;110;7;1.716808009574891;1.716808009574891;2.122958308541326
591;119;5;3.706192506864526;3.706192506864526;3.8283735612808742
592;175;7;4.112972293778773;4.112972293778773;4.186711582348483
593;81;7;3.7257529892701093;3.7257529892701093;3.742287948892163
594;106;5;2.7340380708108953;2.7340380708108953;2.9502580039100175
595;84;3;2.447726677971514;2.447726677971514;2.4969928225816163
596;93;3;2.263938778349042;2.263938778349042;2.4631188920915927
597;99;5;3.3953192618264905;3.3953192618264905;3.3553539578836706
598;75;2;3.37484855524256;3.37484855524256;2.9728848179784855
599;133;6;3.4346148788741124;3.4346148788741124;3.6384218540427935
600;91;3;3.0749462773672205;3.0749462773672205;3.337539124648378
601;66;4;3.413151144518204;3.413151144518204;3.4757759796785694
602;99;6;2.180095357991995;2.180095357991995;2.281065040914391
603;81;5;3.0807053015603487;3.0807053015603487;3.1930964503068773
604;92;3;2.3008532749322934;2.3008532749322934;2.554053550869849
605;115;6;2.2097881939367543;2.2097881939367543;2.422367988093253
606;77;5;3.385000645981449;3.385000645981449;3.5447510745055557
607;56;5;2.3971303469521628;2.3971303469521628;2.4582787631225558
608;138;7;3.7231112226108527;3.7231112226108527;3.7374807697285277
609;67;6;1.864228405570253;1.864228405570253;2.1421677767791794
610;110;5;2.7587747172099153;2.7587747172099153;2.884237585763078
611;71;7;2.339798934082523;2.339798934082523;2.691870749813304
612;38;5;2.1897176560642126;2.1897176560642126;2.0428304809231266
613;88;5;2.5969073906001015;2.5969073906001015;2.847837252910788
614;39;5;2.2631070340979473;2.2631070340979473;2.1077265869941604
615;44;4;3.562302849019104;3.562302849019104;3.4963341095274103
616;114;5;4.235858585914247;4.235858585914247;4.108178588552299
617;73;5;2.171489313833624;2.171489313833624;2.3197111475868817
618;141;7;3.210444338527401;3.210444338527401;3.376104910883458
619;96;6;2.722414846338654;2.722414846338654;2.797201650990599
620;98;6;2.1271146824683944;2.1271146824683944;2.2580512723341326
621;80;6;4.942652683165583;4.942652683165583;4.365278041237746
622;88;3;2.502630984970413;2.502630984970413;2.5618870610084374
623;128;6;2.9939487724625193;2.9939487724625193;3.01284193163439
624;78;5;4.3863136645108565;4.3863136645108565;4.155222038039696
625;136;6;2.957341013444521;2.957341013444521;3.1141023231331766
626;92;6;3.441251527173595;3.441251527173595;3.6987953509448017
627;110;7;3.145317270067973;3.145317270067973;3.410697623202628
628;91;2;2.1060458824255823;2.1060458824255823;2.2845015980675094
629;114;6;3.087466074143887;3.087466074143887;3.328338175253907
630;122;6;2.7974700479593393;2.7974700479593393;2.9589970484676478
631;88;5;3.33982299720275;3.33982299720275;3.1850189616334648
632;118;6;3.238961609670953;3.238961609670953;3.227049552687252
633;91;5;2.3930795681459522;2.3930795681459522;2.6019079957445985
634;130;6;2.590279377461789;2.590279377461789;2.860452300536396
635;132;6;2.628032143451206;2.628032143451206;2.8180131865988542
636;73;5;3.6213774774748932;3.6213774774748932;3.6807815518315214
637;113;7;1.9588297829758026;1.9588297829758026;2.332406163698771
638;90;3;2.3082502968473175;2.3082502968473175;2.3592630991075403
639;113;6;2.174987577155437;2.174987577155437;2.391744830559128
640;61;3;2.8245150832012125;2.8245150832012125;2.705009769363922
641;120;7;4.097684073643228;4.097684073643228;3.8853538960194856
642;91;2;2.225604800716248;2.225604800716248;2.39182205785247
643;95;3;2.247174072589007;2.247174072589007;2.346063175707457
644;135;7;4.542545964176353;4.542545964176353;4.563503745583985
645;194;8;4.508112934498409;4.508112934498409;4.6434891830166904
646;86;5;2.4291756423796618;2.4291756423796618;2.662981831301952
647;87;6;4.443871858294432;4.443871858294432;4.051029413034293
648;123;6;2.733574724243134;2.733574724243134;2.97919901173352
649;133;8;3.9980031995891343;3.9980031995891343;4.17976576413038
650;107;5;2.503934095123211;2.503934095123211;2.694787952818654
651;118;5;5.409678714022694;5.409678714022694;4.814994668738048
652;56;5;2.618437120726028;2.618437120726028;2.6740248759047924
653;85;3;2.336594908075508;2.336594908075508;2.4368781746757326
654;91;3;2.8074540928176566;2.8074540928176566;2.8253341146780127
655;47;5;2.148079963911691;2.148079963911691;2.281005786855192
656;162;6;4.20442766563259;4.20442766563259;4.4096569121441505
657;112;8;2.9297161341817164;2.9297161341817164;3.165256564802828
658;65;4;3.2704009633505167;3.2704009633505167;3.436957756858318
659;82;2;2.356995221054836;2.356995221054836;2.4261299862629397
660;76;5;3.2667230870788178;3.2667230870788178;3.270385854098157
661;86;3;2.2519036153848893;2.2519036153848893;2.322766213673406
662;117;6;4.163033664613434;4.163033664613434;3.674592149384329
663;92;4;3.2967981942855293;3.2967981942855293;3.126747260408979
664;74;5;3.1181945477433213;3.1181945477433213;3.2574507729946767
665;90;5;3.137674284796873;3.137674284796873;3.0074973296485368
666;79;2;2.24177007044834;2.24177007044834;2.357506296305368
667;130;5;3.1357206979418204;3.1357206979418204;3.1818422319802964
668;81;8;3.6018623107236536;3.6018623107236536;3.4648405667502056
669;83;7;1.9036625904752724;1.9036625904752724;2.198987035926185
670;73;2;2.6247505765867434;2.6247505765867434;2.593121635233026
671;86;3;2.395195296158458;2.395195296158458;2.509213458908464
672;95;5;2.8371351813643195;2.8371351813643195;2.831691454455085
673;62;6;3.990331548414942;3.990331548414942;3.73599753653757
674;95;6;3.4937955155648135;3.4937955155648135;3.6467742388161284
675;70;6;2.1409138519709856;2.1409138519709856;1.9335985632081525
676;162;7;4.684512221614866;4.684512221614866;4.699800861052456
677;93;4;2.6066918611128673;2.6066918611128673;2.66870020714548
678;81;7;1.835506724157598;1.835506724157598;2.149976522740101
679;121;6;3.988664531767591;3.988664531767591;3.974025789036458
680;128;6;3.4637040939401804;3.4637040939401804;3.4354600293225355
681;91;4;3.2749420007063783;3.2749420007063783;3.4341644816965915
682;71;7;2.5037940621836854;2.5037940621836854;2.7624288636885774
683;23;2;2.6114380415684137;2.6114380415684137;1.758592387816306
684;94;4;2.3581372511405463;2.3581372511405463;2.5692211007619994
685;82;6;2.2287265226808297;2.2287265226808297;2.417543384087667
686;149;6;3.5169879488838944;3.5169879488838944;3.588715673065732
687;19;2;2.9770634355451384;2.9770634355451384;1.634713755945115
688;80;5;2.1372984125505274;2.1372984125505274;2.362378224933134
689;93;2;2.138599962883112;2.138599962883112;2.2434389709304305
690;85;4;2.4842028938036695;2.4842028938036695;2.5929490647632534
691;73;7;4.190159670615716;4.190159670615716;4.002173510946645
692;96;4;2.0812723070752766;2.0812723070752766;2.2127568785993454
693;60;6;2.973024808299793;2.973024808299793;3.1340758110466136
694;89;3;2.1517614577109643;2.1517614577109643;2.32164408045031
695;84;5;3.3763913847248745;3.3763913847248745;3.515947387073986
696;81;5;4.571345554960133;4.571345554960133;4.306173155320023
697;67;5;2.939285993954469;2.939285993954469;3.0448521897570897
698;193;7;3.8557905317406793;3.8557905317406793;4.1067672333612
699;67;3;3.9282265739299245;3.9282265739299245;3.4480179560963276
700;150;6;3.128164267499037;3.128164267499037;3.191615799069351
701;114;5;2.669745048163661;2.669745048163661;2.846867503197957
702;79;3;2.8300913086973822;2.8300913086973822;2.821535691909754
703;71;5;3.6936346594475298;3.6936346594475298;3.5573560791279855
704;101;5;2.8043959425601397;2.8043959425601397;2.925291971806791
705;159;6;3.1028271070840057;3.1028271070840057;3.347871552370451
706;7;4;12.860935134561243;12.860935134561243;4.247748133605672
707;77;5;2.71357666236292;2.71357666236292;2.7303958685002865
708;73;7;2.254567739508964;2.254567739508964;2.6352241289686122
709;94;3;2.2403760968605604;2.2403760968605604;2.380959166906162
710;56;4;2.9106698465283234;2.9106698465283234;2.1609262702914354
711;74;3;2.661991519975439;2.661991519975439;2.6219471572552795
712;99;4;2.226867511228669;2.226867511228669;2.418509583892001
713;151;6;2.499072379419507;2.499072379419507;2.759517942552944
714;88;7;3.678585741386334;3.678585741386334;3.591292089207548
715;93;6;2.120897523745806;2.120897523745806;2.1452207289265504
716;91;3;2.3877143297633934;2.3877143297633934;2.532056232909986
717;80;3;3.375157221021894;3.375157221021894;3.36147915923119
718;115;6;2.97167502397516;2.97167502397516;2.8602566872191773
719;154;6;2.8312612898835705;2.8312612898835705;3.1419474357300197
720;92;5;2.891507490158117;2.891507490158117;3.06248603726572
721;95;6;2.6205797574390424;2.6205797574390424;2.628496797589269
722;129;8;3.623243994420502;3.623243994420502;3.8243038701964625
723;92;2;2.1221757840570743;2.1221757840570743;2.2045184764422827
724;151;8;4.200830197527362;4.200830197527362;4.15781444091385
725;148;7;3.1944000796221266;3.1944000796221266;3.4147839284442583
726;91;4;2.0632906302171765;2.0632906302171765;2.2273588451888893
727;108;6;3.917273147666094;3.917273147666094;3.7433706326763683
728;99;5;3.46710621315104;3.46710621315104;3.3959563281914322
729;88;5;2.9589326773773688;2.9589326773773688;2.959395924679248
730;102;6;2.226780890864449;2.226780890864449;2.2540414483488203
731;25;2;3.900570850069182;3.900570850069182;2.2522404445872346
732;70;6;3.5469925562634197;3.5469925562634197;3.7041235373101427
733;21;2;2.468816319985432;2.468816319985432;1.662236517620311
734;93;5;2.9062778547942423;2.9062778547942423;2.976027085179219
735;73;6;5.075052137623609;5.075052137623609;4.648415923337246
736;96;5;2.535048661451953;2.535048661451953;2.7517558500435393
737;84;6;2.9931692921949806;2.9931692921949806;2.613114366101827
738;126;6;2.8252957739656255;2.8252957739656255;2.8686533967648087
739;152;7;4.5866869852330465;4.5866869852330465;4.603643644004191
740;159;6;3.1985345729999417;3.1985345729999417;3.3548638052999014
741;100;7;3.577734973981548;3.577734973981548;3.732263284582184
742;120;6;3.889746055012977;3.889746055012977;3.9265007954394138
743;95;4;2.385849116406786;2.385849116406786;2.5639101838703047
744;109;7;3.2045661430700205;3.2045661430700205;3.3870247401342026
745;159;6;4.095397575173628;4.095397575173628;4.023509350731709
746;111;6;2.9355605294311107;2.9355605294311107;3.191254946199212
747;101;7;1.7832443703710361;1.7832443703710361;2.196490429802268
748;114;6;4.550086526877069;4.550086526877069;4.490863712478194
749;62;2;2.831153449430892;2.831153449430892;2.6902425103886953
750;91;4;2.443045233556763;2.443045233556763;2.5895090070364217
751;57;5;1.967776772505768;1.967776772505768;2.2072963045305842
752;71;4;2.7918164850124345;2.7918164850124345;2.8764940732519704
753;64;6;3.4599051223203277;3.4599051223203277;3.4183720165689566
754;143;7;3.3158909292568466;3.3158909292568466;3.501067031218016
755;64;5;2.168221843978241;2.168221843978241;2.3307874773599457
756;70;3;2.566871944527874;2.566871944527874;2.5579362184218506
757;174;7;5.1073446272824965;5.1073446272824965;4.752671711449176
758;142;6;2.8304542014052787;2.8304542014052787;3.002037145216713
759;70;6;3.2005780539715167;3.2005780539715167;3.2974790685675
760;97;2;2.0651109996162225;2.0651109996162225;2.2290014598697767
761;91;3;2.717346658420572;2.717346658420572;2.721099391433729
762;101;6;3.3970008572078076;3.3970008572078076;3.5603711467115655
763;142;6;3.022011357726149;3.022011357726149;2.9640098158778954
764;89;6;2.766693100248468;2.766693100248468;2.861616629828688
765;111;7;1.886032756295749;1.886032756295749;2.2672843507381963
766;100;4;2.2272179368996583;2.2272179368996583;2.4110218434125468
767;112;7;3.4549069888851323;3.4549069888851323;3.7110431808333755
768;95;4;2.3726710129005393;2.3726710129005393;2.5170796846814794
769;72;6;4.07949934567085;4.07949934567085;3.8798805627502
770;81;7;2.304655944555669;2.304655944555669;2.4288365649434915
771;76;3;2.442375374972353;2.442375374972353;2.5089116403562883
772;66;2;2.7605975666798273;2.7605975666798273;2.6407689119277946
773;171;6;4.588814158839428;4.588814158839428;4.311275952526401
774;133;7;3.35760830954393;3.35760830954393;3.5642117366750337
775;83;3;2.517848056492391;2.517848056492391;2.6161670415912166
776;92;3;2.0484987955208447;2.0484987955208447;2.131684296660698
777;25;2;3.949485039873263;3.949485039873263;2.287457336387283
778;117;6;3.3105750682071204;3.3105750682071204;3.4199229962051607
779;114;6;2.9024447620172595;2.9024447620172595;2.9869768901675218
780;104;4;2.0868259480673075;2.0868259480673075;2.2946795664068387
781;78;6;3.527413208433051;3.527413208433051;3.629093144513363
782;96;3;2.3397190988872247;2.3397190988872247;2.4926293924647585
783;168;6;2.727470784147538;2.727470784147538;2.9593130225709112
784;46;5;2.0469149732932506;2.0469149732932506;2.1436333572802853
785;93;6;1.7077793390205576;1.7077793390205576;2.1411774894843654
786;143;6;2.173808888240801;2.173808888240801;2.497517033549186
787;112;5;3.5291343927124545;3.5291343927124545;3.6169224607355677
788;162;6;2.9031245391038176;2.9031245391038176;3.094739014434424
789;104;5;4.5768208180352365;4.5768208180352365;4.325708128303902
790;74;7;1.8050130172889598;1.8050130172889598;2.1811294690091487
791;76;4;3.0919302666643036;3.0919302666643036;3.2205289639289965
792;86;4;4.201039524126306;4.201039524126306;3.675219916915896
793;89;3;2.2197826836027352;2.2197826836027352;2.297985268942107
794;151;7;3.7388125306398883;3.7388125306398883;4.067622891031398
795;93;5;2.7376655729185106;2.7376655729185106;2.843964673836594
796;81;5;2.8960139824374114;2.8960139824374114;2.919557402738787
797;99;5;3.149619641542043;3.149619641542043;3.121789016138781
798;154;6;2.747405396507447;2.747405396507447;2.9894227468361234
799;96;6;3.392639187230407;3.392639187230407;3.587260050794793
800;170;7;4.149786312489362;4.149786312489362;4.238489130749579
801;146;7;2.73829485129948;2.73829485129948;2.961563982628616
802;109;5;3.396548147790136;3.396548147790136;3.4724854429988965
803;89;3;2.603929634688874;2.603929634688874;2.6231302474128304
804;100;4;2.3277676945786063;2.3277676945786063;2.5166904980061333
805;168;6;3.8339432041382464;3.8339432041382464;3.878127418098722
806;158;8;4.485396171360923;4.485396171360923;4.4774936251377335
807;102;5;2.668921092624866;2.668921092624866;2.779307785114627
808;166;6;3.744658913106981;3.744658913106981;3.737629786393148
809;54;5;4.756688186789889;4.756688186789889;4.1719368789571405
810;162;6;3.1941663133756277;3.1941663133756277;3.420906304098276
811;100;6;3.436389107520544;3.436389107520544;3.502650505799139
812;88;3;2.6213967672148266;2.6213967672148266;2.7342711682193523
813;81;5;3.200272429144589;3.200272429144589;3.268929748940278
814;97;7;1.660317582462018;1.660317582462018;2.091197097506288
815;55;6;5.463409742792797;5.463409742792797;4.344550475664395
816;88;7;2.532995774317008;2.532995774317008;2.6494347928755246
817;150;6;2.5332004823983234;2.5332004823983234;2.7938882348816523
818;91;2;2.205408635732425;2.205408635732425;2.370701116398049
819;93;3;2.0245015714443064;2.0245015714443064;2.192254994220472
820;111;5;2.9434731069666724;2.9434731069666724;3.086589920751845
821;110;6;2.165494984562499;2.165494984562499;2.34756099065366
822;85;6;3.7384928576074232;3.7384928576074232;3.8113506830899597
823;95;5;2.287010548837313;2.287010548837313;2.4683523463666575
824;133;6;2.3898917372326194;2.3898917372326194;2.648757422955761
825;92;6;5.646257730481527;5.646257730481527;5.029899673667577
826;96;3;2.367729508773506;2.367729508773506;2.4160919952727355
827;99;6;3.0418362942386934;3.0418362942386934;2.83848292409609
828;129;6;2.8246740834197626;2.8246740834197626;2.973571440132106
829;77;7;2.262578311407167;2.262578311407167;2.6938926053867283
830;55;5;3.2062059125199136;3.2062059125199136;3.175328799871531
831;102;5;3.3627478925702454;3.3627478925702454;3.406347228767304
832;153;6;3.3579116980208936;3.3579116980208936;3.453726060622349
833;99;6;3.196698656347277;3.196698656347277;3.152631236312506
834;81;5;3.060098628896219;3.060098628896219;3.136191655378218
835;17;2;2.9633996865610115;2.9633996865610115;1.6152562843439138
836;95;5;4.972925143548679;4.972925143548679;4.472493773878935
837;129;7;2.9934581540292093;2.9934581540292093;3.1457115763031274
838;142;7;5.612883620487259;5.612883620487259;5.374834460107968
839;76;5;2.957536389578953;2.957536389578953;3.1773485716278866
840;75;5;3.2909124159542382;3.2909124159542382;3.229063821884788
841;101;4;2.5619788135202155;2.5619788135202155;2.7597246666771533
842;120;8;3.461307405907405;3.461307405907405;3.643137576153151
843;108;6;2.0785865916674697;2.0785865916674697;2.2664280485886437
844;122;6;4.167728473797178;4.167728473797178;3.982392181887107
845;73;5;2.2193129767045137;2.2193129767045137;2.421811998106686
