Skewness: 0.3547093723222863, Average LID: LPCA: 6.365248226950355  |||  MLE: 4.651876919870874  |||  MLENB: 4.651876919870874  |||  TLE: 4.746501835823829
LPCA: 0.2976272617088473  |||  MLE: -0.10994794144167369  |||  MLENB: -0.10994794144167369  |||  TLE: 0.03641553259915241
node;in_degree;local_intrinsic_dimensionality_LPCA;local_intrinsic_dimensionality_MLE;local_intrinsic_dimensionality_MLENB;local_intrinsic_dimensionality_TLE
0;22;7;7.248871339816587;7.248871339816587;6.6614595367220595
1;24;7;3.980334703948411;3.980334703948411;4.870634212745357
2;24;7;3.8094580572641914;3.8094580572641914;4.256801473230811
3;18;7;4.491928994083922;4.491928994083922;5.006323629723198
4;7;3;6.521927077149265;6.521927077149265;4.0098880488006285
5;17;2;1.1984392586232475;1.1984392586232475;1.4770934894113885
6;24;7;6.7881231856970725;6.7881231856970725;6.987170490290546
7;20;6;2.7378459475710306;2.7378459475710306;3.157610535564603
8;12;6;3.4716827522712874;3.4716827522712874;3.9062007577411206
9;26;5;3.4790751640002124;3.4790751640002124;3.956088393571246
10;31;8;3.842789891856453;3.842789891856453;4.261712834945221
11;11;6;3.9620880592906076;3.9620880592906076;4.174869054213413
12;20;7;6.50265294026959;6.50265294026959;6.826737653151428
13;24;8;4.319525520268989;4.319525520268989;4.577973045546885
14;14;5;2.265842059596796;2.265842059596796;2.674177520006299
15;9;6;4.54038452439697;4.54038452439697;4.17159559612023
16;25;6;3.8349306034080577;3.8349306034080577;4.23720014618049
17;20;5;3.8959720748658127;3.8959720748658127;4.330988672145334
18;31;6;4.076995271752869;4.076995271752869;4.3459064731384665
19;25;6;5.47436700657778;5.47436700657778;5.564260646956185
20;23;6;6.71999907397206;6.71999907397206;6.801805030273187
21;25;6;3.192193100278669;3.192193100278669;3.435995331033441
22;12;8;5.187927722756922;5.187927722756922;5.543383650538704
23;20;7;4.536383993031997;4.536383993031997;5.008630748195015
24;22;7;4.839382696492916;4.839382696492916;5.068462411122101
25;29;7;5.902481890493291;5.902481890493291;6.600645297313605
26;23;6;4.386304926147967;4.386304926147967;4.738780846669804
27;27;8;5.249518179839829;5.249518179839829;6.076934506312142
28;11;6;4.754916940886929;4.754916940886929;4.900500693409161
29;9;5;9.879386176919494;9.879386176919494;6.763971189550287
30;39;8;4.304810421274294;4.304810421274294;4.758462352209887
31;20;7;5.616170313215746;5.616170313215746;5.775017449317848
32;19;7;6.2959766055061275;6.2959766055061275;6.416731981912035
33;11;6;5.685170029528125;5.685170029528125;5.234995202917916
34;25;5;4.026287173332823;4.026287173332823;4.143413734052571
35;20;7;5.064256420143977;5.064256420143977;5.210450421670293
36;9;8;6.606235981199676;6.606235981199676;5.8192317841426044
37;5;3;3.5455305265546815;3.5455305265546815;3.097286882038217
38;18;6;4.150307311148867;4.150307311148867;4.300487467105036
39;14;6;4.395040453020247;4.395040453020247;4.418332214140945
40;29;8;5.313740650192936;5.313740650192936;5.353864498279829
41;19;7;3.182839975906284;3.182839975906284;3.4773315190861913
42;21;8;3.0708367056552124;3.0708367056552124;3.5007283093058956
43;30;6;6.0337005058580475;6.0337005058580475;5.905924622246642
44;8;7;10.41056663001429;10.41056663001429;8.642788828783406
45;22;7;3.949743277961566;3.949743277961566;4.2287280970037475
46;29;7;4.817077917358865;4.817077917358865;5.054683619800102
47;23;8;3.4593915670479882;3.4593915670479882;3.339559245973617
48;25;7;5.885417665814812;5.885417665814812;6.529023488454237
49;19;5;3.397180356025061;3.397180356025061;3.7183353430837904
50;6;5;5.24019755574709;5.24019755574709;5.513003610408921
51;25;5;5.0412626858295315;5.0412626858295315;5.145182053020047
52;7;7;4.962573868607308;4.962573868607308;4.607844227283161
53;10;7;6.150864918046821;6.150864918046821;5.977978486544418
54;17;2;1.3659726461055988;1.3659726461055988;1.6494751412278061
55;21;6;4.0014990671504975;4.0014990671504975;4.2391573765614385
56;30;6;2.8140074486830673;2.8140074486830673;3.2726535906784227
57;26;7;4.990592065823098;4.990592065823098;5.084520416673404
58;19;7;5.891095145305324;5.891095145305324;6.0351656627524966
59;32;7;7.239188948151949;7.239188948151949;7.230143765527954
60;25;6;4.136125433122091;4.136125433122091;4.274061912317756
61;16;7;3.44493119052322;3.44493119052322;3.640664665342195
62;19;6;4.243705823111749;4.243705823111749;4.640328520499998
63;21;9;3.6581169498202875;3.6581169498202875;4.130559391383375
64;26;6;3.1801453429167994;3.1801453429167994;3.4369236054856525
65;16;8;7.0440017319368184;7.0440017319368184;6.930111582972867
66;23;8;3.643718207026072;3.643718207026072;3.8296087232237657
67;17;6;3.384883120638749;3.384883120638749;3.840930953634802
68;25;8;3.553641516668514;3.553641516668514;3.794511451289394
69;17;5;6.701909285164254;6.701909285164254;6.264468722734287
70;10;6;3.749453615106922;3.749453615106922;4.270215530408505
71;15;7;4.822588561022374;4.822588561022374;4.807802472693688
72;25;6;2.905679655534336;2.905679655534336;3.4050019884293157
73;13;5;5.47499637222736;5.47499637222736;4.910626085690027
74;14;7;4.7318170796845305;4.7318170796845305;5.247143989698309
75;28;6;4.175835234979957;4.175835234979957;4.617214106396792
76;20;6;3.4300613306715184;3.4300613306715184;3.4126752793166837
77;9;7;7.179460309562125;7.179460309562125;6.716442149220358
78;20;7;4.591619268445077;4.591619268445077;4.812913369678044
79;7;7;4.881309345065413;4.881309345065413;4.035424393537261
80;23;6;5.332425588554244;5.332425588554244;5.775138151716285
81;18;7;6.452738023016924;6.452738023016924;6.125196562480271
82;15;6;4.512922990233004;4.512922990233004;4.613755807158326
83;10;7;4.742519229764394;4.742519229764394;5.312405402211106
84;18;5;5.054933778787102;5.054933778787102;4.944752529714357
85;12;2;1.2017151955678786;1.2017151955678786;1.4323443242001568
86;14;7;3.526814046202117;3.526814046202117;4.324110383072183
87;35;8;4.461023957714601;4.461023957714601;4.505890620175645
88;14;5;8.169507345038925;8.169507345038925;7.262822257784237
89;21;6;2.9482168188225524;2.9482168188225524;3.501003943092494
90;21;6;4.794533752896529;4.794533752896529;4.902242194261583
91;11;6;4.614244400859332;4.614244400859332;4.269408921023884
92;13;5;3.4662289636586836;3.4662289636586836;3.6770131010410667
93;26;8;3.836941069210012;3.836941069210012;4.344877481432749
94;20;5;3.6988193556675086;3.6988193556675086;3.919167323053333
95;16;7;6.984541720473221;6.984541720473221;6.402871536930459
96;18;7;12.744379718966274;12.744379718966274;11.016112975355306
97;35;8;4.483356630943732;4.483356630943732;4.988053881524305
98;10;6;7.5559565023594875;7.5559565023594875;6.399774429869225
99;32;8;3.2791808935821543;3.2791808935821543;3.6591068811274337
100;7;3;3.957877749351592;3.957877749351592;3.5147060892049273
101;17;6;5.839959471096906;5.839959471096906;5.738027913155289
102;18;7;3.4768450461222082;3.4768450461222082;3.5340493834580715
103;15;6;3.6148997968876513;3.6148997968876513;3.6488549738811784
104;10;6;5.576607861508542;5.576607861508542;5.405056890244612
105;42;7;4.316655985949013;4.316655985949013;4.944523907907994
106;13;6;3.846501112058304;3.846501112058304;3.8767093565685484
107;20;7;8.72837910024455;8.72837910024455;8.165728064924474
108;33;8;3.9398726472285683;3.9398726472285683;4.3056846483484525
109;27;6;3.7733537933691976;3.7733537933691976;3.889272658537685
110;26;8;3.637828860014849;3.637828860014849;4.0286434173646235
111;33;8;4.085648354280398;4.085648354280398;4.706527541090508
112;8;7;5.999025718952554;5.999025718952554;5.590393725496924
113;16;6;4.329009480707722;4.329009480707722;3.8469213255425267
114;15;6;3.585133058167052;3.585133058167052;4.094745099851963
115;28;8;6.118235128394926;6.118235128394926;6.298336669198235
116;23;7;4.0507887889602445;4.0507887889602445;4.1655216952658165
117;27;7;6.264326600310961;6.264326600310961;6.025307378407217
118;34;8;4.056350105083282;4.056350105083282;4.227801915847623
119;16;4;3.234620967045172;3.234620967045172;3.451726650968929
120;28;7;6.111161736177565;6.111161736177565;6.573513763064435
121;28;7;3.0292254503019667;3.0292254503019667;3.512009069819468
122;19;7;4.907331662057401;4.907331662057401;5.042328738582633
123;18;6;7.793831433031639;7.793831433031639;7.336949124595299
124;21;5;4.21455879180218;4.21455879180218;4.319257290820179
125;20;7;4.760241759767194;4.760241759767194;4.640797599945167
126;27;7;4.970417409759177;4.970417409759177;5.294773956154744
127;13;8;6.336542554238997;6.336542554238997;5.750188485707009
128;13;6;4.516371438900623;4.516371438900623;4.857242545236316
129;32;8;3.4513790215529943;3.4513790215529943;3.9293385090512944
130;18;6;4.694386077847117;4.694386077847117;4.730151871088145
131;14;7;3.4181623239971017;3.4181623239971017;3.7558415567337042
132;10;5;4.612214525495573;4.612214525495573;4.194257293624271
133;16;6;5.044611700416812;5.044611700416812;5.271643027171212
134;12;7;7.262813312146271;7.262813312146271;6.608586158198417
135;5;3;4.595866192909578;4.595866192909578;3.8709790168637728
136;18;8;2.8025207113804784;2.8025207113804784;3.0438154359548144
137;24;6;3.0761587732897886;3.0761587732897886;4.507176377112698
138;25;7;6.0874081107033025;6.0874081107033025;6.030134146820987
139;32;7;6.046448695307306;6.046448695307306;6.055620415748381
140;13;6;4.380206450268791;4.380206450268791;4.626033977462057
141;28;8;3.562443176317603;3.562443176317603;3.791486259812558
142;4;5;4.755488406677369;4.755488406677369;4.23874395074363
143;41;8;4.257333523258192;4.257333523258192;4.671012092488801
144;20;6;2.5206239089702467;2.5206239089702467;2.7839254050842204
145;19;5;5.535494114433883;5.535494114433883;5.573764408487649
146;5;7;6.526767831564777;6.526767831564777;5.875488035631966
147;38;6;3.841323934089653;3.841323934089653;4.369752107310261
148;11;7;6.932286570003627;6.932286570003627;7.042589960986743
149;12;7;5.327159199862229;5.327159199862229;5.229054690974209
150;24;6;2.883538985664553;2.883538985664553;3.2008291928590524
151;16;6;3.1890077115301754;3.1890077115301754;2.9631315874553388
152;8;6;4.076242721904311;4.076242721904311;4.298103921731561
153;21;6;4.576394829545338;4.576394829545338;4.718908297007453
154;30;7;4.0626846949099455;4.0626846949099455;4.589646535332425
155;20;2;2.1510628152370037;2.1510628152370037;2.1586695029584853
156;17;7;8.726687876964803;8.726687876964803;8.084592983593534
157;22;7;3.7235170369468413;3.7235170369468413;4.314360376852155
158;13;7;6.0434526755693145;6.0434526755693145;5.888992904136082
159;17;7;5.570562701442886;5.570562701442886;6.21724496735653
160;19;7;4.53184760089482;4.53184760089482;4.806633785847731
161;21;7;6.128395848923536;6.128395848923536;5.748043761596396
162;24;6;4.031613950859647;4.031613950859647;4.379072561638557
163;38;7;8.158885738794273;8.158885738794273;7.951973194678981
164;31;7;3.8928986847413705;3.8928986847413705;4.091726651004942
165;13;6;11.191803458987579;11.191803458987579;9.224070345858365
166;14;6;3.49244832614494;3.49244832614494;3.6764260729557883
167;11;7;4.36215342421574;4.36215342421574;4.779158971711322
168;16;8;5.662320671168963;5.662320671168963;6.085097755962801
169;19;7;4.2038338822815895;4.2038338822815895;4.614914708601074
170;15;7;3.4136336997908905;3.4136336997908905;4.400478649014304
171;23;2;1.824238427984724;1.824238427984724;2.1052127219892083
172;20;7;4.817588761912296;4.817588761912296;4.631512498407323
173;11;7;8.24266415530408;8.24266415530408;7.0350112807643095
174;21;7;4.980954277585657;4.980954277585657;5.395027485135081
175;26;5;4.97508279995664;4.97508279995664;5.451919666110263
176;12;6;3.528248795665888;3.528248795665888;3.5586842663759617
177;28;7;3.6724129542406114;3.6724129542406114;4.051767452960453
178;27;6;4.909805906073096;4.909805906073096;5.134629366822883
179;19;7;5.617455972728553;5.617455972728553;5.517453721503632
180;12;6;3.5507852862942033;3.5507852862942033;3.562207042449581
181;21;6;3.6763129656562623;3.6763129656562623;3.749454796934397
182;11;7;9.265194701188653;9.265194701188653;8.500322769377766
183;19;6;5.039224952536089;5.039224952536089;5.104912856948168
184;34;7;3.9449528921808223;3.9449528921808223;4.243498745374042
185;16;5;5.014582781774807;5.014582781774807;5.069932050549114
186;28;6;5.978891791639146;5.978891791639146;5.601635970266939
187;26;7;4.313742631903853;4.313742631903853;4.937740571336643
188;29;7;4.63937331309332;4.63937331309332;4.900612848398512
189;28;6;4.0197528328001155;4.0197528328001155;4.200209859490754
190;23;5;4.947608469497575;4.947608469497575;5.067883565366495
191;30;7;5.699460219254836;5.699460219254836;5.92513225482665
192;18;7;4.992202134347532;4.992202134347532;5.508940719271081
193;23;2;1.7260758409677166;1.7260758409677166;1.961484557017222
194;25;6;7.830616983239307;7.830616983239307;7.737038513052969
195;20;6;5.47771876201049;5.47771876201049;5.189846568434355
196;21;6;4.153372890155411;4.153372890155411;4.539259452011888
197;18;6;4.442500215508559;4.442500215508559;4.902145100884456
198;15;6;4.225012964751713;4.225012964751713;4.0863045976122
199;10;6;8.222722917308868;8.222722917308868;6.4395505357954566
200;27;8;3.296956829626048;3.296956829626048;3.8856164826149353
201;23;6;3.142508119358171;3.142508119358171;3.857390725248487
202;12;7;4.605307818314069;4.605307818314069;4.227357012590787
203;28;7;3.2406491608038737;3.2406491608038737;3.7905970263984345
204;15;4;2.8522913816549798;2.8522913816549798;3.012425679854577
205;16;6;5.217038748071317;5.217038748071317;5.41137400378471
206;29;6;4.053808350363766;4.053808350363766;4.3465273380332
207;32;9;3.104596386186292;3.104596386186292;3.578463705665756
208;32;8;5.083124033532179;5.083124033532179;5.304309754995812
209;15;5;3.5737781268503075;3.5737781268503075;4.135807472077905
210;11;6;5.013041925651082;5.013041925651082;4.356947417992275
211;24;7;3.6517750080814726;3.6517750080814726;4.032119994953188
212;28;7;4.453669452439357;4.453669452439357;4.907786000117247
213;4;7;8.468790439052249;8.468790439052249;7.13117244785822
214;17;6;3.214450665726406;3.214450665726406;3.84488866239234
215;12;6;3.70661584554286;3.70661584554286;3.8755069885464493
216;31;8;7.356349035321809;7.356349035321809;7.428549531037115
217;30;7;3.5798526951683622;3.5798526951683622;3.9646463392338873
218;24;7;4.735846766284855;4.735846766284855;5.174691986881036
219;11;5;3.229783258813203;3.229783258813203;3.486791287274938
220;29;7;4.412532093939108;4.412532093939108;4.473260558774932
221;32;7;4.802445107359613;4.802445107359613;4.958074292545717
222;21;5;2.8639734930494525;2.8639734930494525;3.1097148878596417
223;14;6;4.795767382251806;4.795767382251806;5.301059742242034
224;27;7;4.119903892192956;4.119903892192956;4.6237292871998275
225;19;7;4.453735829712248;4.453735829712248;4.81425381481061
226;23;8;3.7066342360874995;3.7066342360874995;4.148593523996363
227;17;6;3.0173800288586254;3.0173800288586254;3.341883096522509
228;23;7;3.900252892912068;3.900252892912068;4.283257179784799
229;21;8;7.880392299390833;7.880392299390833;7.914591976328059
230;22;6;2.854816567067632;2.854816567067632;3.390106804043076
231;7;7;2.858161577159468;2.858161577159468;2.5581146236511683
232;25;7;4.337944907671802;4.337944907671802;4.5683604660402946
233;24;6;5.386632206190423;5.386632206190423;5.496857963501083
234;16;5;3.7359155652830043;3.7359155652830043;3.7596942830493156
235;22;7;4.206904479837437;4.206904479837437;4.4447428147031065
236;13;6;3.3708319990775673;3.3708319990775673;3.4562962719152597
237;27;8;5.868504652564102;5.868504652564102;6.106905584975335
238;24;7;3.897564227472609;3.897564227472609;4.127835630361245
239;9;7;6.198012569515491;6.198012569515491;6.367926314172719
240;26;6;3.52849389192368;3.52849389192368;4.309375091083528
241;19;7;4.1178416798747906;4.1178416798747906;4.581263429794386
242;18;7;4.791013759508148;4.791013759508148;4.207219926251756
243;21;6;3.802609611784559;3.802609611784559;4.117101535803014
244;12;7;4.457170935920524;4.457170935920524;4.182689277016834
245;22;7;4.596444532379137;4.596444532379137;4.872333737005804
246;19;5;3.1902843722933465;3.1902843722933465;3.4965141956848025
247;23;7;2.270372991629289;2.270372991629289;2.7390741695646534
248;7;7;9.234190503091536;9.234190503091536;7.4763040022405995
249;19;7;4.921868115972327;4.921868115972327;4.990415455750889
250;34;8;4.254935310264149;4.254935310264149;4.565861879555575
251;4;6;4.163282490177165;4.163282490177165;3.6933289218620318
252;24;8;6.381290167009582;6.381290167009582;6.507396888168618
253;20;7;3.826477783045387;3.826477783045387;3.8561307596816454
254;34;8;4.572025184564219;4.572025184564219;5.303730238307226
255;17;7;7.936671126888146;7.936671126888146;7.777679956935131
256;14;5;4.380376410130827;4.380376410130827;4.590843616090749
257;11;8;11.028140938341847;11.028140938341847;10.568228765268671
258;26;6;4.753106617878252;4.753106617878252;4.993598031944981
259;17;5;3.527886915248965;3.527886915248965;3.4943714511545174
260;30;7;5.373869127784203;5.373869127784203;5.50572213561443
261;30;7;3.0088635530174104;3.0088635530174104;3.530359670841647
262;13;6;2.8076974718552314;2.8076974718552314;3.232786455020113
263;16;7;3.6536993223407714;3.6536993223407714;3.9545078551289596
264;27;6;5.146034228148166;5.146034228148166;5.135084917506706
265;25;7;6.408942077052639;6.408942077052639;6.240059162090184
266;15;7;5.384976433089028;5.384976433089028;4.872175361781949
267;20;6;3.1056882629643874;3.1056882629643874;3.3205913635021775
268;17;6;3.1252364620260327;3.1252364620260327;3.4819579379463037
269;26;7;4.050140559148073;4.050140559148073;4.18647954448665
270;21;7;3.9997311617097697;3.9997311617097697;4.500918452044178
271;14;4;3.207103200554422;3.207103200554422;3.3344786481512108
272;5;7;9.649931166275058;9.649931166275058;8.181974232115683
273;21;7;5.68750341753061;5.68750341753061;6.070806951293027
274;17;2;1.3211261868830158;1.3211261868830158;1.5972106359471225
275;15;6;5.527204033561446;5.527204033561446;5.064723377662398
276;17;6;5.703284462381272;5.703284462381272;5.842592164481599
277;25;7;5.161734992388075;5.161734992388075;5.811613641571464
278;14;7;3.4158839818901545;3.4158839818901545;3.8837036797235895
279;23;5;4.273582958022867;4.273582958022867;4.430453852362668
280;20;7;3.3438326007205066;3.3438326007205066;3.5774575743387422
281;32;8;4.619800859497083;4.619800859497083;5.288662641602982
282;17;7;4.897593554288133;4.897593554288133;4.699387312122552
283;10;7;4.161733815602857;4.161733815602857;4.255753627183386
284;14;7;3.8985773382950795;3.8985773382950795;4.099025437700134
285;23;6;2.9282944390667054;2.9282944390667054;3.2117995856221233
286;25;7;3.946489362066476;3.946489362066476;4.364576525866637
287;16;7;4.5584751249728;4.5584751249728;5.150589579768505
288;28;7;4.617471827447237;4.617471827447237;4.984034316785011
289;16;7;3.7804941767377214;3.7804941767377214;4.227822704616239
290;21;6;3.3614811568007332;3.3614811568007332;3.7550355017421837
291;7;4;6.708713518112808;6.708713518112808;4.942385196191583
292;15;6;8.153580921128817;8.153580921128817;7.613457788447881
293;22;6;3.7587214035890835;3.7587214035890835;3.9916433475747133
294;23;2;1.7779652986170273;1.7779652986170273;2.076615217622883
295;23;7;6.665278496923141;6.665278496923141;6.419644983750128
296;17;5;4.574059264625444;4.574059264625444;4.691730565159466
297;23;7;5.316273822389566;5.316273822389566;5.5377860732101665
298;17;6;4.401502636630455;4.401502636630455;4.469915339117898
299;20;6;4.156914181650519;4.156914181650519;4.194211864654497
300;43;7;4.8990595086437425;4.8990595086437425;5.177549601007619
301;21;7;7.032323098716018;7.032323098716018;7.091124067508628
302;20;6;3.344762698102804;3.344762698102804;3.78593973678905
303;23;6;3.625560011477588;3.625560011477588;3.9666674427864828
304;27;7;5.142692922595779;5.142692922595779;5.252911849280367
305;39;7;4.378307487126891;4.378307487126891;4.6525243569495025
306;31;7;4.056289552353662;4.056289552353662;4.41227575268955
307;16;6;4.6961817114569255;4.6961817114569255;5.207290260195435
308;21;5;4.085120821130659;4.085120821130659;4.476232711738251
309;12;6;4.132916457228756;4.132916457228756;4.164701861550131
310;11;3;4.207408735036256;4.207408735036256;3.870362970765995
311;19;7;5.966716604291686;5.966716604291686;5.295202555619762
312;41;7;5.299619232709475;5.299619232709475;5.554818997837996
313;12;5;4.44674411162836;4.44674411162836;4.30275207732192
314;15;8;5.873653409579857;5.873653409579857;5.427688316838304
315;20;7;3.441399483944192;3.441399483944192;3.7402464765797685
316;21;7;3.897691514005213;3.897691514005213;4.473169694040449
317;15;7;4.222440510430483;4.222440510430483;3.858619830361433
318;25;6;3.3496438643024513;3.3496438643024513;3.544484351158707
319;8;7;5.9133984341182435;5.9133984341182435;4.741873385397596
320;29;7;5.009559563064265;5.009559563064265;5.42574276337273
321;14;2;1.1696706380907844;1.1696706380907844;1.4267920862966037
322;31;9;3.659835632007845;3.659835632007845;3.8853375492712687
323;15;5;2.877318605757672;2.877318605757672;3.153324326726869
324;28;6;3.5054435715835526;3.5054435715835526;4.198836867038185
325;15;8;4.952884908734;4.952884908734;4.855947882863711
326;15;5;5.476697771802152;5.476697771802152;5.527435990419866
327;14;7;5.443084173420391;5.443084173420391;5.792517185693165
328;14;6;4.710970803997692;4.710970803997692;4.641889438403711
329;25;6;3.2961073176296667;3.2961073176296667;3.50317935579575
330;13;6;4.50134723300117;4.50134723300117;4.316684404295345
331;17;5;3.1701051923273917;3.1701051923273917;3.4490627768746247
332;11;7;6.248009878479829;6.248009878479829;5.461527761227004
333;42;8;4.773617947391082;4.773617947391082;4.955462169520118
334;12;2;2.7863519366253837;2.7863519366253837;2.5941410402740575
335;46;7;4.055517361349209;4.055517361349209;4.4831498589646905
336;11;6;4.9682008194161185;4.9682008194161185;5.069753823891928
337;9;7;5.149412152879389;5.149412152879389;4.903958780557771
338;9;7;7.890949892693145;7.890949892693145;7.444735361834888
339;37;7;4.273323550254017;4.273323550254017;4.429381734255483
340;33;9;3.8301037799916275;3.8301037799916275;4.110689864763487
341;15;7;6.816977225033463;6.816977225033463;7.1752312548937915
342;13;7;3.668460489988953;3.668460489988953;4.050150553437238
343;22;7;4.05599285910812;4.05599285910812;4.1712653391785635
344;20;5;4.315635580363807;4.315635580363807;4.767582915127901
345;21;2;1.9603744161494707;1.9603744161494707;2.2331746645911776
346;10;6;4.111139145769222;4.111139145769222;3.9792348648376277
347;16;8;5.019581985957487;5.019581985957487;5.180757666130752
348;19;7;4.336461809081432;4.336461809081432;4.6389052251920155
349;16;8;3.5211314375460154;3.5211314375460154;3.6552352181440755
350;17;5;3.158865369696201;3.158865369696201;3.791723407121722
351;8;7;9.648771085019524;9.648771085019524;6.538292537992606
352;2;6;10.77852971557825;10.77852971557825;8.456424044830829
353;15;7;4.8278182908932985;4.8278182908932985;4.897506325804579
354;16;5;1.9373843773624608;1.9373843773624608;2.320510317632345
355;26;6;4.2449934940636735;4.2449934940636735;4.689678483352936
356;22;8;5.042487240394585;5.042487240394585;5.437737108075826
357;18;7;4.647405797626248;4.647405797626248;4.885064022585203
358;26;8;5.958172568425056;5.958172568425056;6.111541972783054
359;31;6;4.675170242940899;4.675170242940899;4.906564619255115
360;26;7;5.927451941301889;5.927451941301889;5.926693577347405
361;14;6;7.755539459153458;7.755539459153458;6.7805956605640905
362;21;6;3.4743076047616417;3.4743076047616417;3.80495803674134
363;28;8;6.841345565766054;6.841345565766054;7.407476986087193
364;21;7;7.69558883847111;7.69558883847111;7.5704971194532575
365;11;6;4.012845886658678;4.012845886658678;3.9847002295071614
366;30;7;6.249689802421465;6.249689802421465;6.348202092397389
367;14;8;3.5011467928402835;3.5011467928402835;3.9430925299099133
368;25;7;3.560243351571258;3.560243351571258;4.128536042069711
369;8;5;5.077928129396122;5.077928129396122;4.847453218354303
370;17;5;5.220493132700567;5.220493132700567;4.873471828806052
371;23;6;3.6678832089781452;3.6678832089781452;3.859020739165688
372;32;8;5.49146724411525;5.49146724411525;5.674531998772181
373;22;7;2.837749186077266;2.837749186077266;3.2580397101049448
374;29;7;2.6102948395041166;2.6102948395041166;3.1328902980995283
375;11;5;5.934916913610558;5.934916913610558;4.463680535380605
376;29;7;6.510435265913029;6.510435265913029;6.3863056238349944
377;38;7;5.575619268846546;5.575619268846546;5.71897982591692
378;18;6;3.211385736004242;3.211385736004242;3.718804482817355
379;38;7;5.181913066162929;5.181913066162929;5.7852773434206775
380;20;7;5.41108535332592;5.41108535332592;5.554179368248021
381;20;2;2.268243948447953;2.268243948447953;2.2560302744070495
382;13;7;4.57658632499672;4.57658632499672;4.904202051876405
383;24;7;7.269956394942367;7.269956394942367;7.241046622270732
384;19;7;4.843447934730522;4.843447934730522;5.0260706695140644
385;5;6;8.920947294127032;8.920947294127032;6.8939591721358315
386;29;7;3.090427320582394;3.090427320582394;3.5416413075151842
387;21;7;7.470237617033145;7.470237617033145;8.269182942040466
388;3;4;4.414276258794747;4.414276258794747;3.3044624365639486
389;17;6;3.2234439881374843;3.2234439881374843;3.428274479733605
390;5;8;4.874189637357019;4.874189637357019;4.020071421884216
391;15;7;9.116595563878624;9.116595563878624;8.165650641316848
392;6;7;6.3213235397386;6.3213235397386;6.285390298878401
393;24;7;6.6316515188132845;6.6316515188132845;7.03591751099305
394;11;4;2.1824760861440846;2.1824760861440846;2.415598033999197
395;11;6;4.330007092290678;4.330007092290678;4.3761475125053035
396;17;2;1.1900879913752889;1.1900879913752889;1.4912984244948626
397;18;6;5.450205128472675;5.450205128472675;5.590568027618208
398;22;6;3.0255280168670393;3.0255280168670393;3.3856995331064343
399;25;6;2.892975552274838;2.892975552274838;4.13187199380526
400;26;7;5.98044820773406;5.98044820773406;5.840951469808374
401;22;6;7.9163489257849005;7.9163489257849005;7.703618621676484
402;16;7;6.7347906994247895;6.7347906994247895;6.298675452768031
403;8;6;4.24095463707238;4.24095463707238;4.396953624406573
404;17;6;3.545915432943383;3.545915432943383;3.9855927191652474
405;29;7;3.896910713657223;3.896910713657223;4.386618084696324
406;22;8;4.200919027384605;4.200919027384605;4.613375634913635
407;20;7;6.705698199385377;6.705698199385377;6.850301260256558
408;34;6;4.118478562757043;4.118478562757043;4.307875498497661
409;26;6;3.5194701653947997;3.5194701653947997;4.387083507762536
410;19;7;4.1542346108834876;4.1542346108834876;4.317303514703277
411;26;7;3.619143010925841;3.619143010925841;3.9082183519070437
412;32;8;3.506312766728165;3.506312766728165;3.901808971577842
413;12;8;4.1636760126164605;4.1636760126164605;4.695007920268558
414;18;6;5.184222236559862;5.184222236559862;5.279155743786201
415;15;6;5.403499434423017;5.403499434423017;5.406900770898807
416;31;7;4.874140370958692;4.874140370958692;5.000720256806739
417;15;5;4.396314938477458;4.396314938477458;4.478704897781323
418;24;7;6.689306915893376;6.689306915893376;6.78958590432214
419;23;7;3.5902495433644455;3.5902495433644455;3.9382547108819206
420;21;7;3.8254704270667137;3.8254704270667137;4.125947567350209
421;19;6;5.156612559457287;5.156612559457287;5.318360044899583
422;13;6;4.6392758565309595;4.6392758565309595;4.603524001710221
423;14;7;3.4030664007265474;3.4030664007265474;3.773345801685715
424;23;5;3.6440942369799907;3.6440942369799907;3.911156810427837
425;15;7;4.5913006611154366;4.5913006611154366;4.710544380019326
426;39;7;4.312843011701337;4.312843011701337;4.569713032496522
427;16;6;2.8077307179008195;2.8077307179008195;3.3094210802847006
428;17;6;3.416236615540342;3.416236615540342;3.6713207215289985
429;31;7;8.430142434760333;8.430142434760333;8.122856072683913
430;26;8;5.707019481518604;5.707019481518604;5.776244413480303
431;3;7;5.711295765533854;5.711295765533854;5.348442779828451
432;17;8;5.898569632615642;5.898569632615642;5.933970931463793
433;21;8;4.636991139161591;4.636991139161591;4.416482071362005
434;12;7;3.3937266509050565;3.3937266509050565;3.6357320760175433
435;24;8;3.269546048154608;3.269546048154608;3.5675220244604304
436;22;7;4.40053382195839;4.40053382195839;4.6805203684576355
437;9;7;8.79889681503292;8.79889681503292;7.284496545234463
438;17;5;1.8455772822349203;1.8455772822349203;2.3193667539355207
439;13;5;4.110778727085425;4.110778727085425;4.3320767561820075
440;21;5;4.145758627595736;4.145758627595736;4.434015374300989
441;14;8;3.0722054218674293;3.0722054218674293;3.139952511898673
442;18;5;4.610722830967087;4.610722830967087;4.8425868927198605
443;30;6;2.5867342021668085;2.5867342021668085;2.942571344696838
444;18;2;2.877209729824177;2.877209729824177;2.9334727627991177
445;25;6;9.021110750282103;9.021110750282103;8.463761784114903
446;19;5;2.8524971529144296;2.8524971529144296;3.200299420847669
447;13;6;5.9171048668202975;5.9171048668202975;5.550215061371568
448;18;7;5.598714124894883;5.598714124894883;5.828200252933444
449;23;7;7.3349414498874825;7.3349414498874825;7.105359018073093
450;19;7;4.086545710712556;4.086545710712556;4.304422598939325
451;17;5;4.393740589894938;4.393740589894938;4.4148851387210835
452;23;5;4.1711139090054585;4.1711139090054585;4.320292982256159
453;32;7;5.485644503842637;5.485644503842637;5.666195663239465
454;31;7;3.6800657694393912;3.6800657694393912;4.036927001173441
455;20;7;5.64647231559178;5.64647231559178;5.296282335150907
456;10;6;3.987420912472394;3.987420912472394;4.102357855461601
457;25;7;2.9916604487957614;2.9916604487957614;3.3957100941383658
458;4;6;5.406951127336057;5.406951127336057;4.588192054252495
459;17;6;4.451016977727448;4.451016977727448;4.791999209621538
460;13;5;2.119838140867303;2.119838140867303;2.4828261614341445
461;34;7;3.8471202450790822;3.8471202450790822;4.172301874486781
462;25;6;3.3885647093688753;3.3885647093688753;3.836765385072514
463;2;7;7.185579916658824;7.185579916658824;5.147342795028074
464;22;6;2.8357633777137194;2.8357633777137194;3.2955906997481135
465;27;6;4.935802210222896;4.935802210222896;5.0988050681807096
466;22;6;5.885363254465234;5.885363254465234;5.797495977461381
467;21;7;3.794999446198935;3.794999446198935;4.258094878743129
468;34;7;5.491846396417243;5.491846396417243;5.638853092565391
469;13;5;3.035834643938611;3.035834643938611;3.318634364216709
470;21;7;2.934056088708312;2.934056088708312;3.234769257862755
471;20;6;4.329688598337347;4.329688598337347;4.650467259579853
472;8;6;5.716706381792801;5.716706381792801;4.414879170150185
473;23;7;5.545335878731834;5.545335878731834;5.319191097330245
474;13;7;5.860582794044902;5.860582794044902;5.904205483248715
475;19;6;5.111319653829664;5.111319653829664;5.389927168688784
476;18;6;3.3542894430467705;3.3542894430467705;3.53605993250943
477;42;7;7.708394192993995;7.708394192993995;7.164654109863417
478;25;7;3.535262212484377;3.535262212484377;3.6891076285913877
479;21;8;2.7236554134756914;2.7236554134756914;3.010247052114673
480;22;6;4.648097853782587;4.648097853782587;4.556257102165837
481;16;7;5.997281349902474;5.997281349902474;5.661166845101352
482;22;7;2.988689414371425;2.988689414371425;3.1447510961025253
483;32;6;4.842397376709158;4.842397376709158;4.901984911623855
484;22;7;2.86781333961441;2.86781333961441;3.2606717292993523
485;12;6;5.017480632616546;5.017480632616546;5.006612215179841
486;33;7;5.710396510742101;5.710396510742101;6.0206940454512825
487;29;7;4.897177018417813;4.897177018417813;5.1880780844168966
488;12;8;6.335641991313963;6.335641991313963;6.33219557973438
489;17;6;3.2988226953225164;3.2988226953225164;3.5541884983118015
490;32;6;4.847925740954847;4.847925740954847;4.964868503348564
491;17;6;6.052354865951666;6.052354865951666;6.042379059440665
492;31;7;6.45990503928819;6.45990503928819;6.018878336431452
493;21;6;5.362962255708838;5.362962255708838;5.515833751203804
494;23;2;1.854490099119829;1.854490099119829;2.1337619408892436
495;21;7;4.649667523792152;4.649667523792152;5.186847753579923
496;14;7;4.0340749407783285;4.0340749407783285;4.662573025081884
497;9;7;4.302473465521245;4.302473465521245;4.46064427463444
498;26;6;2.700030363101637;2.700030363101637;3.3747854587971635
499;14;7;4.676544997291586;4.676544997291586;4.3793048263656384
500;15;6;3.6647616601856963;3.6647616601856963;3.9141856886957056
501;30;6;4.458148827753412;4.458148827753412;4.898810363966486
502;21;7;4.07497694514649;4.07497694514649;4.4746537173017735
503;17;7;4.9331331897295465;4.9331331897295465;5.601490001763154
504;24;6;3.8429568803581313;3.8429568803581313;4.195210235242508
505;22;7;4.372168333207108;4.372168333207108;4.6342870184556215
506;10;6;6.886264997242176;6.886264997242176;6.728388252723372
507;15;6;4.158632135482928;4.158632135482928;4.388051584490577
508;16;8;4.909147855027041;4.909147855027041;4.804731860486937
509;24;6;3.577136567480949;3.577136567480949;4.036219727158659
510;23;8;3.4502032096339548;3.4502032096339548;3.6433171593709264
511;11;5;3.9497855592986464;3.9497855592986464;4.19551024423478
512;16;6;4.724202386532822;4.724202386532822;4.627847837545737
513;12;5;4.605641945658575;4.605641945658575;4.388771437390741
514;22;7;3.6934174243262152;3.6934174243262152;4.327625124519204
515;16;7;4.124286204988589;4.124286204988589;4.254545148772652
516;5;7;9.079786742897099;9.079786742897099;7.942213167189627
517;19;6;3.9697957286111403;3.9697957286111403;4.334388805721739
518;17;7;7.426978216008718;7.426978216008718;7.316555464334129
519;23;7;4.1932493393470835;4.1932493393470835;4.5999208131421225
520;20;6;2.6892008342224436;2.6892008342224436;3.156753172685383
521;17;7;4.85045684527529;4.85045684527529;5.098494840318558
522;10;7;4.00523357740978;4.00523357740978;4.506607557853291
523;7;4;6.8627319436716085;6.8627319436716085;4.766719248391631
524;20;7;5.075220065329856;5.075220065329856;5.171709355538671
525;26;8;4.134970782854484;4.134970782854484;4.737721378445085
526;33;6;4.1136845729413;4.1136845729413;4.355110560180749
527;15;6;5.141823568752844;5.141823568752844;5.3348834395705556
528;20;6;2.912653921625035;2.912653921625035;3.3570655213738805
529;32;8;5.470183373572504;5.470183373572504;5.374931103917752
530;13;5;3.391793085175418;3.391793085175418;3.579748657970458
531;23;2;2.2510892621365706;2.2510892621365706;2.3045998538022934
532;11;5;4.914131654406526;4.914131654406526;4.827175133490687
533;13;6;4.825186229915708;4.825186229915708;4.9155160216429765
534;23;6;3.874726499671119;3.874726499671119;4.195102951640066
535;13;6;4.699013240715292;4.699013240715292;5.228536785711494
536;41;7;5.1669455595028895;5.1669455595028895;5.360448867876779
537;16;5;4.007876537236778;4.007876537236778;4.343832146746214
538;27;7;3.2165976708140698;3.2165976708140698;3.544465920959689
539;23;2;1.50824180226092;1.50824180226092;1.746094268409148
540;24;8;3.7329636445017984;3.7329636445017984;4.1078368357817
541;16;6;3.0362695714852643;3.0362695714852643;3.4627453872648193
542;23;6;3.4613719761688215;3.4613719761688215;3.7215557136735837
543;28;6;4.247441076520252;4.247441076520252;4.53462212271229
544;11;6;8.67506984414532;8.67506984414532;8.127047488624717
545;16;6;3.2189853509101387;3.2189853509101387;3.7516272465594476
546;14;6;4.672984043872031;4.672984043872031;4.821646420306395
547;29;8;4.745475091403855;4.745475091403855;4.942834526365494
548;20;6;3.8330884080602785;3.8330884080602785;4.262187426435813
549;32;6;5.862678362488313;5.862678362488313;5.719405184928306
550;21;6;4.290909001115981;4.290909001115981;4.20798882167583
551;22;6;5.126171913010872;5.126171913010872;5.09350737253512
552;26;7;3.01360069529171;3.01360069529171;3.523609029057913
553;16;7;6.397792943051316;6.397792943051316;5.858602465404616
554;18;6;5.020359218794256;5.020359218794256;4.91591392832795
555;15;5;1.7214430777143537;1.7214430777143537;2.146885371688232
556;22;2;2.8739706229555484;2.8739706229555484;2.8435567449559973
557;35;7;7.673338999441409;7.673338999441409;7.94334654492657
558;31;7;3.5614179106274997;3.5614179106274997;3.998892887012316
559;20;6;4.299222266447853;4.299222266447853;4.338872635627687
560;22;6;4.135831742438195;4.135831742438195;4.415002077915068
561;16;6;4.398005059106456;4.398005059106456;4.218986627284227
562;21;6;5.53527921425141;5.53527921425141;5.636136377915396
563;14;6;6.458241326892895;6.458241326892895;6.318799619286475
564;18;6;4.642125458314436;4.642125458314436;4.794731733156691
565;17;6;4.795297924385454;4.795297924385454;4.775228364246099
566;13;6;7.6025374447051055;7.6025374447051055;7.089423022808016
567;10;5;4.41238637131475;4.41238637131475;4.79723182380459
568;40;7;5.262964670726792;5.262964670726792;5.385514590361898
569;13;6;4.487112730663008;4.487112730663008;4.47982533024484
570;15;7;3.5069536049340577;3.5069536049340577;4.343415902236707
571;15;7;8.492187287205905;8.492187287205905;8.274201799147178
572;29;8;4.198897825595078;4.198897825595078;4.556570047963617
573;23;7;4.138341119215214;4.138341119215214;4.13657333194637
574;29;7;4.1331627967034406;4.1331627967034406;4.791255412010738
575;25;6;3.94521283990126;3.94521283990126;4.581112541418959
576;36;7;4.683000468164297;4.683000468164297;5.279097022507557
577;9;5;4.200164335696637;4.200164335696637;4.607870280801737
578;14;7;5.271467909751245;5.271467909751245;5.1874707821589
579;27;6;7.709149183241899;7.709149183241899;7.9154459987926655
580;18;8;3.881748689168703;3.881748689168703;3.5772772944415165
581;15;6;3.3304465452669927;3.3304465452669927;3.9397386618204897
582;24;7;3.957371358008145;3.957371358008145;4.307083822426852
583;29;7;3.0609449144046446;3.0609449144046446;3.608403691361663
584;25;6;5.633853904932826;5.633853904932826;5.424017859636955
585;12;5;3.9789032248587546;3.9789032248587546;3.9837366150448763
586;12;6;4.3283842167936974;4.3283842167936974;3.8096062003642963
587;20;7;5.3841554839348555;5.3841554839348555;5.498375905627844
588;23;8;4.824144331675384;4.824144331675384;5.024982550458233
589;17;6;4.571053030810086;4.571053030810086;4.785225088503515
590;42;7;5.082109182422619;5.082109182422619;5.184936165119965
591;19;6;4.27304885679798;4.27304885679798;4.629711581659373
592;26;7;5.336301845202397;5.336301845202397;5.699123416224473
593;18;8;6.064005346899599;6.064005346899599;6.142358521663733
594;19;7;3.653617607256732;3.653617607256732;4.24209557208819
595;13;5;2.1874126543564953;2.1874126543564953;2.521795544079523
596;22;6;3.1341808064094017;3.1341808064094017;3.6018673176108025
597;16;5;4.369586163353627;4.369586163353627;4.434094529223851
598;1;5;7.789539798738545;7.789539798738545;5.216964960053479
599;17;6;2.7983544464670045;2.7983544464670045;3.153648033885948
600;23;6;2.5310383280789734;2.5310383280789734;2.9993019593539536
601;17;6;3.845292413452342;3.845292413452342;4.356251372318479
602;17;7;4.0327562398321115;4.0327562398321115;4.130192673627765
603;19;6;4.50660623216597;4.50660623216597;4.4569437277844735
604;25;6;3.08440783057152;3.08440783057152;3.561310499786007
605;24;7;5.0183865558248755;5.0183865558248755;5.293692140947669
606;23;8;4.4403628874861605;4.4403628874861605;4.598126157358564
607;12;6;2.74723477982641;2.74723477982641;3.200129644367282
608;20;6;5.1177349309364715;5.1177349309364715;5.067427444775291
609;15;8;5.527130902607763;5.527130902607763;4.852423847592897
610;18;6;4.183419742260228;4.183419742260228;4.379187179718457
611;26;7;3.943819608137388;3.943819608137388;4.371501949876894
612;10;6;3.143085840835042;3.143085840835042;2.837466179833642
613;25;6;3.5362310292356742;3.5362310292356742;4.128627178281259
614;9;7;3.586925592314235;3.586925592314235;3.154210464019631
615;13;7;5.399658189716809;5.399658189716809;5.3201861292601915
616;19;7;7.699814746301185;7.699814746301185;7.711557990849409
617;23;6;4.303210149198773;4.303210149198773;4.1965508944700725
618;21;6;4.4915004865904775;4.4915004865904775;4.933556523970947
619;15;5;3.3411937927170317;3.3411937927170317;3.8994431316507696
620;19;7;3.7835148946024724;3.7835148946024724;3.9217606129404814
621;6;7;6.6192504506950485;6.6192504506950485;5.937236279450677
622;14;5;3.9632956516057902;3.9632956516057902;3.6742223670004557
623;6;7;3.4442548743756065;3.4442548743756065;3.8020413678294966
624;9;5;8.04781769860443;8.04781769860443;7.530781421597189
625;38;6;7.277862873596969;7.277862873596969;6.776165715761824
626;21;7;3.259351109584859;3.259351109584859;3.79298431473795
627;23;7;3.3290685298594287;3.3290685298594287;3.860020882186353
628;24;5;2.8447587452488894;2.8447587452488894;3.370409062370005
629;20;6;2.824942836306878;2.824942836306878;3.1561785769579536
630;24;7;3.936231073478829;3.936231073478829;4.146280099177135
631;13;5;4.235846782756934;4.235846782756934;4.339349262068585
632;16;7;5.196596143351489;5.196596143351489;5.466197669660852
633;27;6;5.16783460074759;5.16783460074759;5.4716306049035
634;22;7;3.365522965348744;3.365522965348744;3.7338982765223125
635;21;6;4.251083377686604;4.251083377686604;4.6401893142677615
636;14;7;4.300721011478316;4.300721011478316;4.399471505756994
637;27;8;6.379811229962964;6.379811229962964;6.453670303735328
638;17;5;5.031715081269409;5.031715081269409;4.884017156124492
639;23;8;3.5561623405397236;3.5561623405397236;3.884786384332055
640;9;4;2.696285145898126;2.696285145898126;3.029487879867053
641;18;7;7.771945144915612;7.771945144915612;6.999423619737181
642;16;6;3.1431590812311505;3.1431590812311505;3.850772725208402
643;26;6;4.459427166434238;4.459427166434238;4.508244940769702
644;18;8;5.866223121674437;5.866223121674437;5.727018981006764
645;25;8;4.7551421533355445;4.7551421533355445;5.046996101085282
646;25;5;3.280609894170487;3.280609894170487;3.7986700072137705
647;14;7;4.345190381618844;4.345190381618844;5.210550003574086
648;34;6;3.9916819336109928;3.9916819336109928;4.200447648642716
649;25;8;5.305791291353325;5.305791291353325;5.465360382746653
650;28;7;3.7517755416163103;3.7517755416163103;4.4485144295574415
651;18;6;4.888804272299801;4.888804272299801;5.099086268416609
652;15;6;4.1829431824254675;4.1829431824254675;4.082132183417201
653;15;6;3.690417786103985;3.690417786103985;3.9933582232311817
654;16;6;5.637987683700767;5.637987683700767;5.23597421467186
655;20;7;2.748493724383876;2.748493724383876;2.9862121210783914
656;34;8;5.624855558919263;5.624855558919263;6.011452519480637
657;30;7;10.741201479279116;10.741201479279116;10.518963498614747
658;20;8;4.2392574873561415;4.2392574873561415;4.655618841540239
659;16;5;3.3694426742754904;3.3694426742754904;3.481129779310853
660;12;6;3.2478636142363153;3.2478636142363153;3.6558527800094183
661;15;5;4.242783447125538;4.242783447125538;4.9415176223567
662;9;7;8.024770490442943;8.024770490442943;6.718770856667956
663;22;5;4.2848505633717915;4.2848505633717915;4.136330308576443
664;18;5;3.1877139922117284;3.1877139922117284;3.513635940157422
665;14;7;5.026572998974748;5.026572998974748;4.859097173902032
666;15;6;3.465786443913242;3.465786443913242;3.6080830830787054
667;24;6;4.186271477291803;4.186271477291803;4.4294559574058905
668;11;8;5.045915972521024;5.045915972521024;4.650874245233272
669;17;6;4.983136477843172;4.983136477843172;5.314498730251444
670;13;5;2.8692896757678588;2.8692896757678588;3.2269862676412973
671;20;6;5.173772929036992;5.173772929036992;5.018203726865053
672;7;6;5.999494952411723;5.999494952411723;5.227697893993786
673;10;6;5.322114198583363;5.322114198583363;4.8267625779220955
674;22;6;4.613086884980733;4.613086884980733;5.178790637733089
675;13;6;3.5390739804334044;3.5390739804334044;3.3697700349280555
676;14;8;4.777078926499329;4.777078926499329;4.920978261478131
677;19;6;6.464945996629718;6.464945996629718;6.064575317364633
678;17;7;3.8065575484560106;3.8065575484560106;4.394596047612123
679;25;6;4.929797397574198;4.929797397574198;5.533947315248867
680;23;7;5.688991711637393;5.688991711637393;5.6532424891566215
681;17;7;3.1050618466962345;3.1050618466962345;3.4363617935629627
682;17;8;2.7234587612786547;2.7234587612786547;3.003740830715738
683;21;2;2.0539101177975114;2.0539101177975114;2.139057814371383
684;24;6;3.575437989643957;3.575437989643957;3.8857201042363108
685;14;9;4.59026914866638;4.59026914866638;3.7991906916266407
686;23;5;6.469220657405552;6.469220657405552;5.935686943398401
687;11;2;1.6014800030854557;1.6014800030854557;1.5908785040957154
688;29;6;3.197003075698033;3.197003075698033;3.387583644523511
689;17;5;3.88672173858131;3.88672173858131;4.275080166073328
690;18;7;3.648637838023073;3.648637838023073;3.696425186918672
691;14;6;10.081974399205038;10.081974399205038;8.56138382295521
692;28;7;4.060156483209825;4.060156483209825;4.471017779856511
693;17;6;5.6040617287448065;5.6040617287448065;5.403488062073189
694;24;5;3.7132928911638032;3.7132928911638032;4.002836221892182
695;16;7;3.8885491525901132;3.8885491525901132;4.247941379303582
696;9;6;5.480806411044339;5.480806411044339;5.469721388998556
697;20;4;4.136789157900324;4.136789157900324;4.226028834417413
698;26;7;4.2944594619149985;4.2944594619149985;4.907322958850828
699;8;4;3.84988611468916;3.84988611468916;3.611933039835228
700;20;6;5.876401903763195;5.876401903763195;6.262211177012107
701;32;8;4.776618578837058;4.776618578837058;5.281211112381532
702;20;4;3.996571620249772;3.996571620249772;4.05642232655896
703;9;5;4.562130777879032;4.562130777879032;4.305461284892381
704;20;6;4.025299317792073;4.025299317792073;4.280096908327534
705;33;7;3.7846250695368595;3.7846250695368595;4.3775805360459215
706;7;3;5.380060708860312;5.380060708860312;4.108281380546364
707;16;6;3.7155194837604233;3.7155194837604233;4.182485670898478
708;28;8;2.899312370687588;2.899312370687588;3.5389393877761504
709;24;6;3.1050523700215837;3.1050523700215837;3.3090208410102844
710;12;6;5.245993347667249;5.245993347667249;4.231151230529265
711;11;5;3.261553269621843;3.261553269621843;3.511246790743085
712;31;7;4.693209919108176;4.693209919108176;5.075858352781325
713;28;7;5.171211302575548;5.171211302575548;5.648230701525385
714;13;8;4.819378915258154;4.819378915258154;5.010213694471037
715;17;7;5.3918826313400485;5.3918826313400485;5.268805703994457
716;26;6;5.229612003176185;5.229612003176185;5.118544418347438
717;20;5;2.860235486368988;2.860235486368988;2.875207030016439
718;15;7;4.481651356774093;4.481651356774093;4.487575537266776
719;35;7;3.637682028021811;3.637682028021811;4.531020192145477
720;22;6;3.669663356856427;3.669663356856427;3.88972210422713
721;19;7;3.7244983186249976;3.7244983186249976;4.045716407381032
722;26;8;4.72995020988797;4.72995020988797;4.971911020112282
723;18;5;4.854076644384463;4.854076644384463;5.759308969726895
724;22;7;4.880373903293202;4.880373903293202;4.8146915676082145
725;29;7;4.3302647343168035;4.3302647343168035;4.7231513469367625
726;23;6;4.142643966940318;4.142643966940318;4.364811818003479
727;20;6;4.826841947244505;4.826841947244505;4.921927406827363
728;17;7;5.541158949172305;5.541158949172305;5.644223421237826
729;9;6;5.959122453898096;5.959122453898096;5.777725057387037
730;18;6;5.232255848697868;5.232255848697868;4.998522283831277
731;12;2;2.8096234211352744;2.8096234211352744;2.9798099968108853
732;16;7;3.088411826120575;3.088411826120575;3.418391397593822
733;15;2;1.1577765540789218;1.1577765540789218;1.456019548085397
734;13;7;3.3742591990424087;3.3742591990424087;3.81899373876942
735;7;7;4.865789802235881;4.865789802235881;4.787613483692707
736;32;8;5.1772684733062775;5.1772684733062775;5.451331267498744
737;8;7;6.745142637648753;6.745142637648753;5.9085065274164
738;14;7;5.788017292429321;5.788017292429321;4.898929110720491
739;19;7;5.198901753661586;5.198901753661586;5.421171062780963
740;28;7;6.2254924949373756;6.2254924949373756;6.229709307830115
741;28;7;5.376124824029418;5.376124824029418;5.274123322610974
742;24;7;7.684394129875506;7.684394129875506;6.938253203060195
743;26;6;5.395228534190158;5.395228534190158;5.7414465860105635
744;24;7;4.830102082993492;4.830102082993492;5.181050753306287
745;21;6;5.2368169258117465;5.2368169258117465;5.2998188785466605
746;31;7;4.165228562794099;4.165228562794099;4.339050466837864
747;36;7;5.448508093182029;5.448508093182029;5.692945604489787
748;14;7;7.137727133033805;7.137727133033805;7.419423521752453
749;12;4;4.130242614265085;4.130242614265085;3.7310528676634696
750;20;6;3.812831234864364;3.812831234864364;3.838165709332133
751;28;7;3.9756618045417045;3.9756618045417045;4.232464349716692
752;15;5;3.546286474010611;3.546286474010611;3.536362492638088
753;13;7;4.3258794247099726;4.3258794247099726;4.5926151176350185
754;23;7;3.5470202725635693;3.5470202725635693;3.6847709495664565
755;20;6;3.834381031602005;3.834381031602005;4.255589462143041
756;13;5;2.803032201295443;2.803032201295443;3.2211078249366047
757;18;8;7.650360850582357;7.650360850582357;7.601078551048856
758;25;7;5.526739261429912;5.526739261429912;5.659336154405156
759;16;7;4.369605086126959;4.369605086126959;4.322351633369294
760;25;7;4.886310109439357;4.886310109439357;5.017428176186115
761;10;6;4.960422616430485;4.960422616430485;4.734973286871027
762;18;6;3.758723994103812;3.758723994103812;4.094318417839013
763;13;6;5.206952716556142;5.206952716556142;5.218973982566284
764;15;6;4.23943076292801;4.23943076292801;4.221654393829689
765;31;8;4.667409336672521;4.667409336672521;4.910523022526662
766;28;7;4.178799916450211;4.178799916450211;4.270763380022737
767;38;7;4.054431469650877;4.054431469650877;4.631712779930504
768;26;7;4.0837014056024135;4.0837014056024135;4.400824126971311
769;12;6;6.769151590271906;6.769151590271906;6.865134794226202
770;10;8;4.697961910222083;4.697961910222083;4.201188401009769
771;10;6;4.254244596280808;4.254244596280808;4.50880381262522
772;8;5;3.179720826787876;3.179720826787876;3.4757398864540567
773;27;7;8.285379981271227;8.285379981271227;8.450374491784576
774;29;7;4.0398037175860555;4.0398037175860555;4.343878254374074
775;17;6;5.435639851058966;5.435639851058966;5.062898614351163
776;31;6;7.202068934443552;7.202068934443552;6.749665096556898
777;18;2;2.1534197733754756;2.1534197733754756;2.287023815592235
778;18;7;3.356996118220163;3.356996118220163;4.241866021375426
779;14;7;4.794239940067228;4.794239940067228;4.9768282162622555
780;37;7;4.34899933350578;4.34899933350578;4.754025007817762
781;13;5;2.717628240426233;2.717628240426233;2.960972990516784
782;17;7;3.397389330715358;3.397389330715358;3.6679911979375177
783;32;7;4.44631955379136;4.44631955379136;5.166859543559847
784;23;7;6.527930534172916;6.527930534172916;6.054570124441506
785;26;8;3.4780373341138007;3.4780373341138007;4.007437879290885
786;38;7;4.051212440204113;4.051212440204113;4.658769015640141
787;17;6;4.44851202763998;4.44851202763998;4.964781593176064
788;19;6;4.63734771340971;4.63734771340971;4.865394879656246
789;9;5;4.416514018154687;4.416514018154687;4.804345491522445
790;24;7;3.82322384057854;3.82322384057854;3.9967536472526097
791;20;4;3.9707579135133395;3.9707579135133395;4.202344134246276
792;4;6;6.084279768664189;6.084279768664189;5.442937188947842
793;18;6;5.1546136109786485;5.1546136109786485;5.214649725845246
794;34;7;4.571127743720777;4.571127743720777;4.967989925813127
795;13;7;3.1016205779177017;3.1016205779177017;3.6825733961650897
796;18;6;3.189490502674877;3.189490502674877;3.414382713312275
797;13;7;5.870283805433057;5.870283805433057;5.563027861361586
798;30;6;3.9521401214455545;3.9521401214455545;4.240520549949122
799;25;6;3.074916984408171;3.074916984408171;3.460161761575949
800;37;7;6.853864593735995;6.853864593735995;6.979994807807338
801;37;8;6.725437948505818;6.725437948505818;7.098774183923314
802;25;5;3.7744076024953723;3.7744076024953723;4.110572435718309
803;16;6;2.74034223532093;2.74034223532093;3.009841998698319
804;33;7;4.673123989024499;4.673123989024499;4.911354109384079
805;28;7;5.917535303960103;5.917535303960103;5.988832850061381
806;18;7;6.042944292147354;6.042944292147354;6.236198893588194
807;16;7;3.5496717145114474;3.5496717145114474;3.9875409761832894
808;29;7;5.6260584709795936;5.6260584709795936;5.872114515680531
809;6;6;5.555598983277596;5.555598983277596;5.938501075295382
810;29;7;4.06135492612483;4.06135492612483;4.321195438375919
811;15;7;4.991207330428373;4.991207330428373;5.243401109765684
812;16;7;3.592543924999736;3.592543924999736;3.83813411838438
813;19;7;4.773946611420584;4.773946611420584;4.719092666692726
814;39;8;3.98927429237056;3.98927429237056;4.348476735302167
815;5;6;7.947376919212674;7.947376919212674;5.922044886531601
816;18;7;5.32497483747002;5.32497483747002;5.180632029704162
817;23;7;3.618399962025141;3.618399962025141;4.253095912447146
818;24;7;3.886235772478893;3.886235772478893;4.286964343833053
819;25;7;4.211753725842884;4.211753725842884;4.575514543650483
820;29;7;8.312688900894573;8.312688900894573;8.648080019670566
821;25;7;4.034001958011546;4.034001958011546;4.22773567546804
822;14;7;4.805849065980674;4.805849065980674;5.0453586755605455
823;22;6;4.825740861184921;4.825740861184921;5.040897164332187
824;33;7;3.906681777565698;3.906681777565698;4.208322822164387
825;4;7;9.21489890884396;9.21489890884396;8.114217037472642
826;20;5;5.903447645900884;5.903447645900884;5.57405178164932
827;10;6;3.7582985646200298;3.7582985646200298;3.684120045318435
828;21;7;4.271793849547219;4.271793849547219;4.480276281193577
829;30;7;3.738680920493182;3.738680920493182;4.609663777158541
830;17;5;4.27788430300702;4.27788430300702;4.517032024278818
831;18;5;3.8534632379955998;3.8534632379955998;3.970993144807752
832;32;8;6.535123999514706;6.535123999514706;6.547470095865872
833;17;6;4.762935946519027;4.762935946519027;4.846834760724408
834;17;7;3.943695982559922;3.943695982559922;4.105811930381427
835;11;2;1.3737826226030725;1.3737826226030725;1.4667982192965157
836;13;7;5.785661327496691;5.785661327496691;5.8041739874751475
837;29;7;3.736122667398952;3.736122667398952;4.271113245844297
838;15;6;5.400516765835275;5.400516765835275;5.478131529911538
839;19;6;3.095003337715195;3.095003337715195;3.5520034042161446
840;14;7;4.1430035003730055;4.1430035003730055;4.087054797451251
841;21;6;2.9837489208885932;2.9837489208885932;3.342595669252311
842;24;7;3.483285705721612;3.483285705721612;3.7792964600798746
843;23;7;4.494259034496786;4.494259034496786;4.725586257532965
844;9;7;8.568530808926326;8.568530808926326;8.023968003264848
845;35;6;5.986898228081455;5.986898228081455;6.040154777237463
