Skewness: 0.10757550353712386, Average LID: LPCA: 5.83451536643026  |||  MLE: 3.354026226495911  |||  MLENB: 3.354026226495911  |||  TLE: 3.3240807989146157
LPCA: 0.5828485989445777  |||  MLE: -0.0017756486812627553  |||  MLENB: -0.0017756486812627553  |||  TLE: 0.3581245685147858
node;in_degree;local_intrinsic_dimensionality_LPCA;local_intrinsic_dimensionality_MLE;local_intrinsic_dimensionality_MLENB;local_intrinsic_dimensionality_TLE
0;75;6;3.2393140867353316;3.2393140867353316;3.1998548190808944
1;104;7;4.912787778820034;4.912787778820034;5.209454146530152
2;91;5;2.8356352627904564;2.8356352627904564;3.035811495698059
3;58;6;3.5718053276151664;3.5718053276151664;3.690552742133587
4;7;4;13.385834768940285;13.385834768940285;4.348270363357088
5;21;2;2.213069711338474;2.213069711338474;1.8197611514552134
6;102;8;3.9907920672846844;3.9907920672846844;4.043906976054033
7;76;5;3.166743984712802;3.166743984712802;3.3901567055305954
8;59;5;3.2880084863079233;3.2880084863079233;3.1876642136015554
9;78;5;2.053326081481532;2.053326081481532;2.264384623408301
10;101;7;3.266751957787852;3.266751957787852;3.537848699036946
11;67;5;3.501130159766364;3.501130159766364;3.3610252186986744
12;81;7;4.10076195048327;4.10076195048327;4.11341022704393
13;123;8;4.833540674661653;4.833540674661653;5.023355851899833
14;69;3;3.0636947468171782;3.0636947468171782;3.16204819419323
15;52;5;3.504307910363547;3.504307910363547;3.193463470129587
16;45;5;1.9213216066143524;1.9213216066143524;2.1819307945955666
17;77;4;2.540421589896001;2.540421589896001;2.723960046421364
18;132;7;2.6747485884286326;2.6747485884286326;2.913044674373854
19;90;6;3.03602566562691;3.03602566562691;3.174956415541863
20;118;8;4.873179269717745;4.873179269717745;4.957891885127369
21;70;5;2.472632564988716;2.472632564988716;2.7510820755537684
22;60;6;4.622250694001776;4.622250694001776;4.491401281536548
23;95;6;4.457560102070908;4.457560102070908;4.5487131155486615
24;75;5;2.938487266164641;2.938487266164641;3.053775234106568
25;109;7;4.475238662399424;4.475238662399424;4.655565321742337
26;92;5;2.7889326613766725;2.7889326613766725;2.9145098670412217
27;133;7;3.4421014611705316;3.4421014611705316;3.631212550403149
28;77;5;2.6945138596955047;2.6945138596955047;2.670449422836379
29;71;6;4.26000333036246;4.26000333036246;3.5223070546563693
30;135;8;3.994600461331958;3.994600461331958;4.28737888370892
31;89;5;4.002841250132262;4.002841250132262;4.105705309068125
32;49;5;3.4113371467313747;3.4113371467313747;3.4136528471935668
33;70;5;3.432709599218928;3.432709599218928;3.290704818448616
34;63;5;2.45974611291638;2.45974611291638;2.6428861742131287
35;77;8;3.2955087652963186;3.2955087652963186;3.375050164487616
36;79;7;2.6626457216463084;2.6626457216463084;2.6329726569088923
37;6;4;9.745048622917547;9.745048622917547;3.7500396284025213
38;89;6;2.894630967973195;2.894630967973195;2.9664895694939486
39;65;7;4.494808017091269;4.494808017091269;4.258876807641452
40;85;5;2.9626419964955444;2.9626419964955444;3.149849521816522
41;43;5;2.00160633836624;2.00160633836624;2.205651366578747
42;64;7;2.342361934441342;2.342361934441342;2.6712881632998227
43;82;5;2.687069159411482;2.687069159411482;2.8916452838138818
44;55;6;3.971129192539078;3.971129192539078;3.5258634771893584
45;70;7;2.45368198262644;2.45368198262644;2.714645107814611
46;109;8;3.517638230525753;3.517638230525753;3.724336462749379
47;72;7;1.8312080924548728;1.8312080924548728;2.112284485712215
48;86;7;3.2081619036139752;3.2081619036139752;3.437169568317892
49;83;5;3.4924454104006184;3.4924454104006184;3.678820993399082
50;44;5;5.459084322720806;5.459084322720806;4.560325676907227
51;62;5;3.1020148629735016;3.1020148629735016;3.193288592140252
52;42;5;3.5595273388007027;3.5595273388007027;3.1476632075781517
53;62;7;5.299309156336737;5.299309156336737;4.889788069974122
54;21;2;2.2957715503550893;2.2957715503550893;1.8506193457066875
55;54;6;3.397068431789088;3.397068431789088;3.539432264121849
56;81;5;2.0055081003563893;2.0055081003563893;2.254213970350372
57;72;7;3.020244206743788;3.020244206743788;3.326949970687585
58;89;6;3.440357833733276;3.440357833733276;3.445504153045205
59;114;6;3.1063607252744734;3.1063607252744734;3.249274757728468
60;84;4;2.514127422233026;2.514127422233026;2.5981952290702055
61;123;7;4.115184977747889;4.115184977747889;4.232430202195818
62;78;7;3.089065099953103;3.089065099953103;3.248004661481337
63;109;7;4.208545988029123;4.208545988029123;4.420988433709458
64;81;5;2.4287049820085023;2.4287049820085023;2.6760096223373964
65;113;6;6.127219543265963;6.127219543265963;5.63047955108943
66;89;7;1.9280168877419304;1.9280168877419304;2.2599516146962304
67;71;6;2.14182356264843;2.14182356264843;2.1271159418748176
68;71;7;3.5640326710566765;3.5640326710566765;3.8693997705962953
69;76;4;2.784312026360063;2.784312026360063;2.732306696133386
70;43;6;3.0142560312539395;3.0142560312539395;2.9673331618531034
71;79;6;2.393816646740943;2.393816646740943;2.3469921633728563
72;83;4;2.2408242339502915;2.2408242339502915;2.5138508994829034
73;63;5;2.9600531324391146;2.9600531324391146;2.9706831120347426
74;85;8;5.379293738055753;5.379293738055753;5.376385496901075
75;78;4;2.4706326830193426;2.4706326830193426;2.5944235039361043
76;78;5;2.661181285261232;2.661181285261232;2.8016956786424076
77;97;6;4.315065896158553;4.315065896158553;3.8366538268559527
78;103;6;3.7708584767977937;3.7708584767977937;3.874406136197858
79;51;7;2.1057542757926617;2.1057542757926617;2.086815489895027
80;102;8;3.764328135899845;3.764328135899845;3.869044366710029
81;107;7;4.171009294086614;4.171009294086614;4.149197717902597
82;93;6;3.577489271942684;3.577489271942684;3.615215431554413
83;43;6;4.6437208524432645;4.6437208524432645;4.2656954761733
84;75;6;4.280824648676552;4.280824648676552;4.18522213461013
85;18;2;2.405440193172021;2.405440193172021;1.7923800173745035
86;110;7;5.314965824632495;5.314965824632495;5.628038039887347
87;59;5;2.1122174516348826;2.1122174516348826;2.3764381927470706
88;81;5;3.205535104254466;3.205535104254466;3.11788805758603
89;81;5;2.832978280249133;2.832978280249133;3.116578875515867
90;110;6;2.7970235774937824;2.7970235774937824;2.9530945500762886
91;72;5;3.5275042888700088;3.5275042888700088;3.438318554896798
92;61;5;2.747178616781919;2.747178616781919;2.734668854680658
93;90;8;2.960546802038212;2.960546802038212;3.215287231492287
94;97;6;3.7476583357960416;3.7476583357960416;3.97325142376243
95;126;7;4.061461906163807;4.061461906163807;3.889424874437184
96;86;7;5.273984637799301;5.273984637799301;5.030340742781171
97;151;7;3.766396271310367;3.766396271310367;4.021084133042198
98;74;5;2.8368392157436433;2.8368392157436433;2.817970399644374
99;80;7;1.54778281628202;1.54778281628202;1.912001378321346
100;7;4;9.885230443099418;9.885230443099418;4.093141860587992
101;87;7;4.921354766437758;4.921354766437758;4.903558934252384
102;81;7;3.3489838905428364;3.3489838905428364;3.492138532901471
103;45;5;2.2099795702042906;2.2099795702042906;2.28382682898721
104;71;5;3.217827567074972;3.217827567074972;3.127226429423898
105;138;7;2.433698200002834;2.433698200002834;2.7705332913606835
106;67;4;3.066916777834683;3.066916777834683;3.010007150761175
107;79;7;3.3745892680043394;3.3745892680043394;3.40798958304846
108;131;6;2.53000890136232;2.53000890136232;2.73826968269449
109;80;5;2.3365951508637903;2.3365951508637903;2.565954843527182
110;103;8;3.5475252191590876;3.5475252191590876;3.8589899997213375
111;109;8;3.204920714612088;3.204920714612088;3.526507873524765
112;55;6;5.199437052671317;5.199437052671317;4.819378359974741
113;39;5;2.1439631654101916;2.1439631654101916;2.183132605700606
114;70;7;4.309472533111834;4.309472533111834;4.429822729590628
115;87;8;2.806249978431505;2.806249978431505;2.9928167339977376
116;78;5;2.57520772542081;2.57520772542081;2.7562012770776874
117;111;6;2.3526300345262174;2.3526300345262174;2.548198622328184
118;95;8;1.7239030525442596;1.7239030525442596;2.045442671665463
119;71;4;3.0609087713961247;3.0609087713961247;3.1259034439112154
120;91;7;2.944180892501771;2.944180892501771;3.190388535039321
121;73;7;2.1202138061709173;2.1202138061709173;2.4674570257797237
122;69;6;4.161845654340347;4.161845654340347;4.249831395690313
123;60;5;2.9485362469958583;2.9485362469958583;2.97168652417708
124;76;6;3.808617896619031;3.808617896619031;3.9578876058810146
125;80;8;3.051319885629134;3.051319885629134;3.2765927224096068
126;134;7;4.4749329952513675;4.4749329952513675;4.616635993587129
127;99;7;4.725475877206043;4.725475877206043;4.588526262364067
128;106;7;4.421615711170701;4.421615711170701;4.487333067326082
129;83;5;2.225995149271458;2.225995149271458;2.4697030222425758
130;80;5;2.954013610281892;2.954013610281892;3.060865194334029
131;58;7;3.691155549752365;3.691155549752365;3.7550141615914345
132;75;4;2.551268686792091;2.551268686792091;2.547485331445219
133;89;7;3.7039598852306757;3.7039598852306757;3.7222091691940205
134;52;6;3.0051684935431995;3.0051684935431995;2.8739500150116055
135;5;4;9.548653255883728;9.548653255883728;3.4588621750671154
136;54;7;2.535765455692222;2.535765455692222;2.787641280778771
137;91;6;2.9005351125387047;2.9005351125387047;3.4748593400787233
138;99;5;4.237334993905843;4.237334993905843;4.184998917706595
139;115;8;4.100969045250685;4.100969045250685;4.304209009078372
140;48;5;2.8009619594377524;2.8009619594377524;2.83664187430754
141;76;7;1.5994769818940593;1.5994769818940593;1.9247943693855243
142;28;6;4.613486570797425;4.613486570797425;3.8641303281497925
143;70;8;1.5032052743316242;1.5032052743316242;1.8274507646058202
144;90;5;3.216808934303156;3.216808934303156;3.444202237918188
145;94;7;2.2732026560379484;2.2732026560379484;2.3603288243984513
146;75;6;4.299473839025288;4.299473839025288;3.8048258865034588
147;93;7;3.357025943110882;3.357025943110882;3.6702665110092636
148;94;7;5.707416206176166;5.707416206176166;5.385136158682544
149;43;5;3.873950173570893;3.873950173570893;3.7620206689870304
150;79;5;2.2424194242882574;2.2424194242882574;2.4413163443546577
151;64;4;2.5510253582009006;2.5510253582009006;2.625220948963496
152;45;6;3.496143069126228;3.496143069126228;3.3977519966540504
153;76;5;3.5153671043068364;3.5153671043068364;3.5340868575392412
154;117;8;3.8427289553493065;3.8427289553493065;4.128433932158199
155;23;1;2.5532530663186943;2.5532530663186943;1.948892110158806
156;69;6;4.462070353018634;4.462070353018634;4.263297173863283
157;119;6;3.2981597189644494;3.2981597189644494;3.5025174761576943
158;66;6;3.7988856078735385;3.7988856078735385;3.7439829925830015
159;101;7;5.087596862208748;5.087596862208748;5.221605132028915
160;86;6;3.1579787584012906;3.1579787584012906;3.3213661339283047
161;78;5;2.78602273313176;2.78602273313176;2.905896642176354
162;75;5;2.4736009309268367;2.4736009309268367;2.6797189176058565
163;122;7;3.8617121831515955;3.8617121831515955;3.9756836470565533
164;94;6;3.089459857335585;3.089459857335585;3.327876263541136
165;86;6;3.5535041017918867;3.5535041017918867;3.310404893357699
166;57;6;3.5168792512577776;3.5168792512577776;3.5546742065288113
167;81;6;4.166831079998584;4.166831079998584;4.022499984435618
168;101;6;3.1348055523331237;3.1348055523331237;3.0418467462761316
169;117;6;3.649874218555277;3.649874218555277;3.8394149991452324
170;88;6;3.9196855724376496;3.9196855724376496;4.065640425958998
171;23;2;2.5221895045881766;2.5221895045881766;1.9908502897292661
172;57;6;3.6810126042047964;3.6810126042047964;3.787898873088052
173;96;6;4.201193807325896;4.201193807325896;3.9988918056274985
174;84;8;3.2453708986196697;3.2453708986196697;3.482016320583524
175;89;6;3.750446127898773;3.750446127898773;3.931775956713245
176;63;4;2.654819749390179;2.654819749390179;2.7550200243384664
177;92;7;3.410441197680064;3.410441197680064;3.766718692825062
178;71;6;2.9577446548413775;2.9577446548413775;3.151239274109334
179;73;6;3.7628909465284943;3.7628909465284943;3.852272360360082
180;58;5;3.2888736917846573;3.2888736917846573;3.1692524454739304
181;64;5;2.6168903170077575;2.6168903170077575;2.8104919907640276
182;85;7;4.389359203711615;4.389359203711615;4.191548998588171
183;41;5;2.001305818927882;2.001305818927882;2.147508623596287
184;87;5;2.45649560299572;2.45649560299572;2.690215818045041
185;78;4;2.820270887644939;2.820270887644939;2.9010841804984495
186;85;5;2.7128728375057083;2.7128728375057083;2.8288448255485523
187;97;8;3.4830233440315816;3.4830233440315816;3.631902826136383
188;96;6;2.8025638281798084;2.8025638281798084;2.949268355122153
189;77;6;3.0266486719683328;3.0266486719683328;3.2133978695034093
190;78;5;2.5228674746612776;2.5228674746612776;2.6101717203822727
191;119;8;3.9681577163948853;3.9681577163948853;4.1613885381779525
192;123;8;5.4146612073625295;5.4146612073625295;5.536755908071668
193;23;1;2.9470206116814546;2.9470206116814546;2.0899327089726567
194;78;6;3.883449891984304;3.883449891984304;3.9294086830586274
195;118;7;3.273226668765948;3.273226668765948;3.2901490611683086
196;81;6;2.596654737122252;2.596654737122252;2.7947391463451807
197;116;7;4.901579021391528;4.901579021391528;4.956948731439231
198;100;6;3.5543007780256177;3.5543007780256177;3.3875567313406587
199;102;7;3.490110685650869;3.490110685650869;3.2721592446661196
200;112;8;3.585170997743957;3.585170997743957;3.983883765284739
201;53;5;2.6273705565208982;2.6273705565208982;2.873015965867759
202;70;6;3.3046022269439703;3.3046022269439703;2.9575373945530012
203;108;6;2.808614956474645;2.808614956474645;3.156198395234667
204;80;5;3.3978401020274704;3.3978401020274704;3.441957575917842
205;104;7;4.847268694568437;4.847268694568437;4.837332253381827
206;92;5;3.26339039074414;3.26339039074414;3.3474563501687564
207;72;8;1.5054090365668271;1.5054090365668271;1.869577189063163
208;136;7;3.542185864379269;3.542185864379269;3.7072594096232896
209;50;6;2.9675350956080515;2.9675350956080515;3.0463645426038486
210;51;4;2.5233447471403045;2.5233447471403045;2.5098519455459867
211;80;6;3.450483907154481;3.450483907154481;3.664200929197355
212;123;8;4.148422024138169;4.148422024138169;4.412955435177492
213;50;6;4.072875415592782;4.072875415592782;3.438158303705692
214;83;6;4.361032239159606;4.361032239159606;4.640786255856767
215;72;5;4.202465028772858;4.202465028772858;4.223237854231776
216;156;8;4.56659487052506;4.56659487052506;4.692371481861012
217;122;6;2.5447089136164975;2.5447089136164975;2.8278418404454846
218;132;6;4.135402378530257;4.135402378530257;4.192709311782324
219;41;5;2.5264601907414983;2.5264601907414983;2.5137017953503684
220;107;7;2.4676629765733082;2.4676629765733082;2.6094058509594578
221;79;8;2.591224149822655;2.591224149822655;2.8743071378713116
222;79;5;2.3081966483018195;2.3081966483018195;2.4463774845775874
223;134;7;4.588633247064566;4.588633247064566;4.620006846614753
224;95;7;3.5261318740240144;3.5261318740240144;3.732850189317718
225;66;6;4.0959276022773565;4.0959276022773565;4.273127667257928
226;118;7;2.969194388204488;2.969194388204488;3.2212648965605317
227;66;6;3.0772539448711984;3.0772539448711984;3.2878937519838414
228;87;6;3.1528570235871523;3.1528570235871523;3.337884926560775
229;138;6;4.581031192776184;4.581031192776184;4.460320898978728
230;40;5;1.914232985771749;1.914232985771749;2.1762979856181284
231;31;5;2.235432101118533;2.235432101118533;2.0738517354942427
232;70;7;1.7604998800940705;1.7604998800940705;2.0564860960099347
233;97;5;3.2172566716274145;3.2172566716274145;3.2877851615235874
234;48;5;3.2337269549232524;3.2337269549232524;3.3187352322514174
235;51;7;2.4098829134596635;2.4098829134596635;2.71289675657774
236;71;5;2.8279585705357184;2.8279585705357184;2.8878133149287466
237;85;7;2.0553010075909244;2.0553010075909244;2.2896049321809278
238;101;6;2.749379980687175;2.749379980687175;2.847368870718971
239;72;7;5.040652095639562;5.040652095639562;4.793216281386395
240;55;5;2.6414218572578756;2.6414218572578756;2.894917241971109
241;78;7;3.7625071368263576;3.7625071368263576;3.7286283451496494
242;87;6;2.204611071882731;2.204611071882731;2.37648490405174
243;94;6;3.042245981170612;3.042245981170612;3.134802342322856
244;40;5;3.5549028138900556;3.5549028138900556;3.316701976771182
245;80;5;3.9077710009179563;3.9077710009179563;3.9755033818952126
246;57;5;2.5745029660477656;2.5745029660477656;2.780941248005803
247;78;5;2.1886206558640233;2.1886206558640233;2.4406947278151874
248;61;6;4.1274021954198234;4.1274021954198234;3.680037168541127
249;45;5;2.043032633785434;2.043032633785434;2.1986236944294753
250;132;7;2.9131237960914036;2.9131237960914036;3.1707219096754042
251;69;6;3.3959266395376475;3.3959266395376475;2.964966286690723
252;104;7;4.427282110192542;4.427282110192542;4.441415804031308
253;53;6;3.5301245317089136;3.5301245317089136;3.643515582240189
254;118;8;3.840956204075323;3.840956204075323;4.20228417903405
255;91;6;4.26210681164344;4.26210681164344;4.113099938457264
256;52;5;3.5619448989979863;3.5619448989979863;3.515855057640342
257;94;7;5.3840808255024974;5.3840808255024974;5.056948038192703
258;85;5;2.617103829961971;2.617103829961971;2.8243750490836046
259;68;7;2.275293534181117;2.275293534181117;2.1491616073843125
260;102;5;2.888175165298066;2.888175165298066;3.0238063155976502
261;81;5;2.1474941671044747;2.1474941671044747;2.3972027335155714
262;56;5;2.8156601716025382;2.8156601716025382;2.9213065624363566
263;67;5;2.9957873918041513;2.9957873918041513;3.108755810606588
264;79;5;2.5086528211857537;2.5086528211857537;2.7272446639078542
265;118;7;2.92093069271078;2.92093069271078;3.071773550889543
266;61;7;1.9380126261521187;1.9380126261521187;2.1055426053040383
267;77;5;3.0731500383761317;3.0731500383761317;3.344031346289139
268;60;5;2.938085030664924;2.938085030664924;2.9504730500896574
269;70;5;2.303038703150649;2.303038703150649;2.572806315781487
270;95;6;3.8821393371164676;3.8821393371164676;3.94380615359046
271;62;3;2.9436459343306534;2.9436459343306534;2.9914101794670698
272;49;7;5.026849058214887;5.026849058214887;4.395194885592011
273;86;7;3.853962046132247;3.853962046132247;3.9415933283477327
274;21;2;2.254811327359702;2.254811327359702;1.8369368963328376
275;57;7;4.538586668871176;4.538586668871176;4.231646424097716
276;123;6;3.891878622753094;3.891878622753094;3.6815468599646373
277;80;7;3.123034602205766;3.123034602205766;3.290584295005258
278;96;6;3.7374712280534936;3.7374712280534936;3.698417933636458
279;60;6;3.01086682090681;3.01086682090681;3.182347300394885
280;69;4;2.3407492508715793;2.3407492508715793;2.5100177651390303
281;135;8;3.8810236837377445;3.8810236837377445;4.222213326213477
282;87;7;2.522977446280293;2.522977446280293;2.62909942570398
283;67;6;3.445019175537993;3.445019175537993;3.2922460545935106
284;72;5;3.7733949590297544;3.7733949590297544;3.6115613082623303
285;69;3;3.0336854289701276;3.0336854289701276;3.2297210348024405
286;116;7;4.351902772107578;4.351902772107578;4.532555523571105
287;80;7;4.890907690144089;4.890907690144089;4.952219153979367
288;81;5;2.393185052068463;2.393185052068463;2.6269211429275363
289;107;7;3.59901973605006;3.59901973605006;3.8185816604392757
290;125;7;3.468542138183502;3.468542138183502;3.6903657106064016
291;7;4;9.988183636290367;9.988183636290367;4.284070603511269
292;121;7;5.699494863989495;5.699494863989495;5.388595617282087
293;79;7;3.508144324580176;3.508144324580176;3.684686873616349
294;23;2;2.753297204340615;2.753297204340615;2.0855064734205166
295;76;7;4.179260306970157;4.179260306970157;4.119905144605988
296;72;4;2.8140409106074338;2.8140409106074338;2.841617132635939
297;130;7;3.694143850464577;3.694143850464577;3.8745734581523963
298;80;5;2.8007640738533697;2.8007640738533697;2.880264408557994
299;75;4;2.5386201114826346;2.5386201114826346;2.7274362914465877
300;143;7;3.0874392588592827;3.0874392588592827;3.3788783525369777
301;105;7;4.502968637232798;4.502968637232798;4.495082862219415
302;62;5;2.6544784353318955;2.6544784353318955;2.9049512372034423
303;60;5;3.1490453758488313;3.1490453758488313;3.411996984871117
304;109;7;2.8288447819944347;2.8288447819944347;2.9288337002781883
305;135;8;4.376170672823044;4.376170672823044;4.598951187165015
306;88;5;3.149565318525716;3.149565318525716;3.303507435769032
307;75;6;3.55695231565307;3.55695231565307;3.4768268246451903
308;82;5;2.6175771149527938;2.6175771149527938;2.72097775685018
309;53;5;3.14189148306918;3.14189148306918;3.054977465079582
310;54;3;3.125394517063161;3.125394517063161;2.9974252956170444
311;78;8;2.9862985434671323;2.9862985434671323;3.113257387061377
312;119;7;3.5480722243604514;3.5480722243604514;3.824060816926989
313;71;5;2.826360514509195;2.826360514509195;2.799055644181628
314;91;8;2.348175550227368;2.348175550227368;2.5088617346050506
315;99;6;2.8023158757915136;2.8023158757915136;2.9880860387438894
316;117;6;3.620972480354022;3.620972480354022;3.789322356657195
317;66;4;2.542621278376426;2.542621278376426;2.629365108274955
318;53;5;2.181828263254172;2.181828263254172;2.422274667978377
319;80;6;3.4913660740462187;3.4913660740462187;3.0302876754908254
320;108;6;2.2254927636404656;2.2254927636404656;2.451315464408688
321;19;2;2.312153973509011;2.312153973509011;1.8065291745749987
322;86;7;1.6644337334227393;1.6644337334227393;1.9793160608169718
323;60;3;2.665378735525902;2.665378735525902;2.6821783386445897
324;77;5;2.401075200849462;2.401075200849462;2.654938746301603
325;73;7;1.8344062483738992;1.8344062483738992;2.061092303662773
326;78;5;2.6372572222720794;2.6372572222720794;2.687947596457121
327;138;8;5.658905668169374;5.658905668169374;5.365698251401515
328;75;7;4.05206749299851;4.05206749299851;4.003834894571106
329;70;5;2.9602977085325395;2.9602977085325395;3.1777386078756216
330;46;6;3.573892062231298;3.573892062231298;3.5616494336154507
331;77;5;2.5329494376929658;2.5329494376929658;2.6446788867305666
332;87;6;3.0933210491373626;3.0933210491373626;2.8919448899109508
333;84;8;1.600892523875317;1.600892523875317;1.9378753103047062
334;26;2;3.607420395116882;3.607420395116882;2.185146192544565
335;118;7;2.3546621953542144;2.3546621953542144;2.609972783548673
336;75;5;4.966357481071266;4.966357481071266;4.505682254580914
337;81;5;3.925341435374558;3.925341435374558;3.7214101599566627
338;54;7;5.9374543092045045;5.9374543092045045;5.422278598863108
339;129;8;3.8025653497932677;3.8025653497932677;4.072744347031678
340;116;8;3.683636704888905;3.683636704888905;3.991268780582018
341;88;5;4.548530971630219;4.548530971630219;4.4544805400983325
342;82;7;3.27976729747078;3.27976729747078;3.4316203340755522
343;99;6;2.6315048338916247;2.6315048338916247;2.7076112021634207
344;84;6;2.1345598407932793;2.1345598407932793;2.2517097615315502
345;25;2;3.5352845162694955;3.5352845162694955;2.3111968917096246
346;60;5;4.581342241290216;4.581342241290216;4.218990369749878
347;77;7;4.8775037128131125;4.8775037128131125;4.787704075031445
348;75;7;3.9714212552064065;3.9714212552064065;4.149146818359831
349;79;7;3.688336685879095;3.688336685879095;3.8062294097869183
350;72;5;2.325668359340401;2.325668359340401;2.4617664613471963
351;53;6;5.6267194834741705;5.6267194834741705;4.262362455644555
352;44;7;6.226256924721932;6.226256924721932;5.261166310343901
353;84;7;3.9850052558946;3.9850052558946;3.9347722246054695
354;81;4;2.653887117581345;2.653887117581345;2.7762937775526506
355;80;5;2.0195242949414243;2.0195242949414243;2.1725773148094447
356;88;7;4.056335930605345;4.056335930605345;4.159854234362548
357;86;5;3.451213565815549;3.451213565815549;3.4930364061960097
358;116;8;4.4635401478209396;4.4635401478209396;4.535954308979199
359;82;5;2.297250243317747;2.297250243317747;2.557292418537787
360;102;6;2.8830464856788733;2.8830464856788733;2.9949655425650312
361;78;5;3.003523778165535;3.003523778165535;2.9974694175310663
362;77;4;3.221893381218927;3.221893381218927;3.370250076710366
363;110;8;4.290651805299112;4.290651805299112;4.373109528423915
364;141;8;5.091280900460102;5.091280900460102;5.0331212371289915
365;69;5;3.1696452313068697;3.1696452313068697;3.116361881801576
366;107;8;3.457466933063443;3.457466933063443;3.671219730149629
367;104;7;3.6150330158484625;3.6150330158484625;3.7736769863949737
368;115;6;3.86391571890885;3.86391571890885;4.022280380004653
369;59;6;3.7145193668256375;3.7145193668256375;3.347453262595978
370;72;4;2.7901190323169436;2.7901190323169436;2.868468294289359
371;71;5;3.092439538702742;3.092439538702742;3.1491607442666405
372;98;8;3.4269199717786454;3.4269199717786454;3.65547573133339
373;81;5;3.064106123908983;3.064106123908983;3.2687760945667903
374;50;5;1.8242469524512062;1.8242469524512062;2.1507460237036606
375;34;4;4.290008149608565;4.290008149608565;2.6176108331661054
376;129;7;3.627589421479877;3.627589421479877;3.759653575931422
377;124;7;3.840415430523214;3.840415430523214;3.9846936661874266
378;83;5;3.229828304653855;3.229828304653855;3.4976151778907876
379;135;7;2.9536032220573145;2.9536032220573145;3.1683282658835172
380;67;6;3.305043142889823;3.305043142889823;3.3741158134817044
381;23;1;2.627099417153474;2.627099417153474;1.9776016927366484
382;109;6;4.514502188016874;4.514502188016874;4.5376815965036466
383;96;6;2.7612274517077906;2.7612274517077906;2.903094146894175
384;62;6;4.292043247977379;4.292043247977379;4.300936898377016
385;64;8;3.59398937953015;3.59398937953015;3.2975728567405116
386;82;5;2.141615259986233;2.141615259986233;2.410452633892052
387;102;7;4.553380430660043;4.553380430660043;4.586435838256637
388;3;4;11.699995769907163;11.699995769907163;3.4673117267110762
389;60;7;2.3220749290750993;2.3220749290750993;2.14160470386573
390;57;8;1.9979094625831542;1.9979094625831542;2.118744693713623
391;55;6;4.604102879010365;4.604102879010365;4.499338260210542
392;70;7;6.210252147859546;6.210252147859546;5.73777154693661
393;104;8;4.160281460389856;4.160281460389856;4.2178294484084
394;37;3;3.138437161672919;3.138437161672919;3.041102082872033
395;59;5;3.606702108717152;3.606702108717152;3.642157589354666
396;21;2;2.2256154190056705;2.2256154190056705;1.8140189840969254
397;109;7;5.114446325114988;5.114446325114988;5.110318633063154
398;68;5;2.3899162692402873;2.3899162692402873;2.6088463454035176
399;91;7;2.887527747103043;2.887527747103043;3.4487708818650002
400;86;5;2.9997391061250305;2.9997391061250305;3.1270463260413437
401;73;6;3.613087865479959;3.613087865479959;3.599365522355869
402;56;6;2.8848303884323565;2.8848303884323565;2.840636965573306
403;41;6;3.9230381033805295;3.9230381033805295;3.7756385644561177
404;68;5;2.489326274474594;2.489326274474594;2.6085997493831123
405;102;7;4.0133211467368195;4.0133211467368195;4.2993806252637725
406;120;7;3.3296639658107607;3.3296639658107607;3.488991037336527
407;85;6;5.348920699778729;5.348920699778729;5.2533501060795125
408;112;7;3.715686104094487;3.715686104094487;3.9527870264052503
409;72;5;2.3203562196769276;2.3203562196769276;2.5670085658009185
410;91;5;3.493428939693289;3.493428939693289;3.4852922057033626
411;50;5;1.9560105829063184;1.9560105829063184;2.2547117498415843
412;124;7;2.398075498004062;2.398075498004062;2.639790999683655
413;40;5;3.760182583836424;3.760182583836424;3.7475658843315047
414;59;7;3.1004716107672228;3.1004716107672228;3.265383745264014
415;76;6;4.0133443868213305;4.0133443868213305;3.767204241576982
416;67;6;3.0473927568300754;3.0473927568300754;3.3210903022471028
417;55;5;3.1136941890456566;3.1136941890456566;3.142564262611971
418;104;7;4.675848734168297;4.675848734168297;4.6480190967839095
419;70;6;3.343350108919205;3.343350108919205;3.5626081414172655
420;87;7;2.622591064079147;2.622591064079147;2.8184957978238003
421;87;6;3.897368716838707;3.897368716838707;3.9008453076565863
422;38;4;3.544922439951399;3.544922439951399;3.427137548018306
423;72;7;1.869858846984462;1.869858846984462;2.1113146979506414
424;76;5;2.1103693609798757;2.1103693609798757;2.282269341438335
425;64;7;3.6687725127834927;3.6687725127834927;3.6828406791479713
426;138;7;2.637915745128554;2.637915745128554;2.899557814205012
427;75;5;2.5172174184532015;2.5172174184532015;2.719590238606695
428;84;5;3.456807862321009;3.456807862321009;3.5282049596520038
429;107;7;4.544366753605473;4.544366753605473;4.560535840617277
430;135;7;3.7246775904719183;3.7246775904719183;3.8731704046013125
431;58;5;3.423164961676672;3.423164961676672;3.195318243916813
432;57;7;4.294729281046643;4.294729281046643;4.149582938024437
433;115;7;2.5208961984308917;2.5208961984308917;2.7451214278806377
434;61;5;3.335829703771194;3.335829703771194;3.240085090865763
435;92;6;2.88832602840647;2.88832602840647;3.142856905282876
436;75;7;2.9182923209348375;2.9182923209348375;3.129857190862586
437;98;6;3.8617919999461465;3.8617919999461465;3.4628317239897353
438;79;4;2.5062572497479167;2.5062572497479167;2.692157180197038
439;62;5;2.9347298683553857;2.9347298683553857;2.9211305515390347
440;75;5;2.683667097177912;2.683667097177912;2.795261882499981
441;55;7;2.755918645037413;2.755918645037413;2.889099796131241
442;58;5;2.26827727570792;2.26827727570792;2.371038268674883
443;80;5;2.22544256088008;2.22544256088008;2.4626183617969506
444;24;2;4.1678478553576275;4.1678478553576275;2.5162270425740365
445;81;7;3.293323202696093;3.293323202696093;3.3974375025387133
446;78;5;2.452949673795837;2.452949673795837;2.6093235217324584
447;57;5;3.896333426799319;3.896333426799319;3.63793576044852
448;91;5;3.4424159903394402;3.4424159903394402;3.4803856108771125
449;91;7;3.785144893818403;3.785144893818403;3.8868471147706303
450;65;7;3.6262901374460954;3.6262901374460954;3.531662037533262
451;58;5;3.1286932660427906;3.1286932660427906;3.2525747486068726
452;62;5;2.765982745259367;2.765982745259367;2.9587752801797635
453;104;7;4.261298359241002;4.261298359241002;4.403744729300335
454;85;5;2.367979446332599;2.367979446332599;2.591854041636013
455;126;6;3.2791480137254236;3.2791480137254236;3.2714063213404008
456;54;5;5.136362934829926;5.136362934829926;4.726307456393691
457;57;7;3.0744223028116213;3.0744223028116213;3.3610876765682884
458;69;6;4.1650044857751185;4.1650044857751185;3.4777569402874993
459;66;4;2.6282151946712453;2.6282151946712453;2.7615575792761264
460;68;6;3.351066575347853;3.351066575347853;3.644475701057044
461;83;5;2.271693680511165;2.271693680511165;2.498913358597911
462;81;4;2.945613763152932;2.945613763152932;3.1624766717204387
463;59;7;3.35406563533441;3.35406563533441;2.855113649681327
464;77;5;2.3990618588444956;2.3990618588444956;2.6015597090115117
465;148;7;4.165063178841612;4.165063178841612;4.327012044366314
466;138;6;4.848326890849595;4.848326890849595;4.650296035089367
467;73;6;2.7465048401088183;2.7465048401088183;2.932511421064922
468;133;7;2.804466759038561;2.804466759038561;3.0508264061665393
469;68;5;3.496372127986413;3.496372127986413;3.620707498899835
470;78;4;3.2358178711222276;3.2358178711222276;3.4009987503283465
471;87;6;2.4822366288913376;2.4822366288913376;2.633424221203231
472;52;6;4.266163656028936;4.266163656028936;3.1261981224003503
473;97;7;2.678739549726127;2.678739549726127;2.762412790223069
474;78;6;4.746860065963579;4.746860065963579;4.541673955195238
475;84;6;3.376299811453218;3.376299811453218;3.4676635967167035
476;71;6;2.774617296969563;2.774617296969563;2.6470160996539094
477;94;8;2.782872605480578;2.782872605480578;2.993946335323462
478;83;5;2.2475456466647863;2.2475456466647863;2.463688518751228
479;69;8;1.7080778635793845;1.7080778635793845;2.0254057364136875
480;125;7;3.8957386679771657;3.8957386679771657;3.9537540927130994
481;124;7;3.842718306003981;3.842718306003981;3.8378442279146534
482;71;3;2.845745464649202;2.845745464649202;3.00601236227572
483;95;6;3.9108365798784437;3.9108365798784437;4.045772265524907
484;70;7;2.387645195893859;2.387645195893859;2.6640147240085628
485;51;7;4.118828985341097;4.118828985341097;3.8760720034346043
486;103;6;2.2887156138776947;2.2887156138776947;2.551651341630267
487;75;6;2.9906509335471076;2.9906509335471076;3.081820515594281
488;51;6;4.518084118874374;4.518084118874374;4.232989475747263
489;86;6;3.667197953007101;3.667197953007101;3.6887379598752124
490;132;6;2.853341651562987;2.853341651562987;3.032869676477452
491;105;7;3.7603249038582773;3.7603249038582773;3.781672420580755
492;106;6;2.3063952249222783;2.3063952249222783;2.533160835926446
493;112;6;2.9090493622830644;2.9090493622830644;2.9570832945086933
494;23;2;2.5433945628863066;2.5433945628863066;1.9944471680133953
495;72;7;3.437765623092964;3.437765623092964;3.475285663497977
496;100;6;3.3834143225754727;3.3834143225754727;3.450543563342015
497;76;7;4.538035163351121;4.538035163351121;4.359749891248569
498;46;5;1.7980807470963591;1.7980807470963591;2.1077105969904784
499;55;6;3.3523360560461604;3.3523360560461604;3.1873075449301593
500;59;6;2.310588414918029;2.310588414918029;2.1103157073721825
501;130;6;2.7666675231414173;2.7666675231414173;2.94550058610599
502;127;7;3.6632704974739765;3.6632704974739765;3.852197059303356
503;89;6;4.8551888622687;4.8551888622687;4.512696712739588
504;84;5;2.6223483783648676;2.6223483783648676;2.7907720791776645
505;132;7;2.98310616050966;2.98310616050966;3.217008499513861
506;83;6;4.185055055560179;4.185055055560179;3.8847684047873186
507;64;7;4.039587107121869;4.039587107121869;4.027029321232988
508;91;8;3.8638035608311405;3.8638035608311405;3.83172170360748
509;88;7;2.8457266842893363;2.8457266842893363;3.0920424106294884
510;89;7;1.9728496739893258;1.9728496739893258;2.3151684267571633
511;57;5;4.145770185546592;4.145770185546592;4.121438532248149
512;89;6;2.859936456729649;2.859936456729649;2.774469046891839
513;45;5;3.4353889023966953;3.4353889023966953;3.2995052103506572
514;102;7;4.17403920557493;4.17403920557493;4.474270683725708
515;89;6;3.419962805206422;3.419962805206422;3.5535298285193795
516;59;7;5.373068075027945;5.373068075027945;4.677754991522694
517;78;6;2.775603579724921;2.775603579724921;2.8964124663866877
518;114;6;5.017450299620529;5.017450299620529;4.731846680592698
519;60;5;3.0593896793870745;3.0593896793870745;3.2209076600949995
520;79;4;2.545472253759096;2.545472253759096;2.835881508237351
521;109;7;4.778871216603269;4.778871216603269;4.855853619403996
522;39;4;3.961519474673756;3.961519474673756;3.829315405127684
523;7;5;11.223320833779677;11.223320833779677;5.040410112319489
524;121;7;3.375106879894113;3.375106879894113;3.4850313513106848
525;109;7;3.843810141970642;3.843810141970642;3.8994922521040283
526;86;5;2.332156160109037;2.332156160109037;2.5893176459267084
527;81;5;3.4333584625294287;3.4333584625294287;3.387130322651394
528;78;4;3.059238196793547;3.059238196793547;3.304223742398066
529;64;9;1.5438393577438685;1.5438393577438685;1.8580057693677914
530;70;4;3.2443428675588457;3.2443428675588457;3.268071772886423
531;23;2;2.486634178443409;2.486634178443409;1.9045867277861486
532;55;5;3.313931252616799;3.313931252616799;3.1869993860631993
533;90;5;3.552083908816736;3.552083908816736;3.496612548467446
534;75;7;2.62227929628624;2.62227929628624;2.884620244862222
535;100;6;4.841498010681109;4.841498010681109;4.820288914266899
536;112;6;2.451597144745496;2.451597144745496;2.6809174502850475
537;79;5;3.5639580475261696;3.5639580475261696;3.5668762184945493
538;72;5;2.299999328303321;2.299999328303321;2.507312872158379
539;24;2;2.9470723934884133;2.9470723934884133;2.1018954413751945
540;77;6;3.2953140009992246;3.2953140009992246;3.3328241359914967
541;77;5;3.2448815657290893;3.2448815657290893;3.4614797366196512
542;70;5;2.428698077380656;2.428698077380656;2.64044798933693
543;67;5;2.684174106434988;2.684174106434988;2.947120164865126
544;71;7;5.232724619144181;5.232724619144181;4.729915259293103
545;70;7;3.8075025768159447;3.8075025768159447;3.943316333280112
546;49;5;3.5334648859102966;3.5334648859102966;3.5432538883807987
547;79;7;3.496005667057986;3.496005667057986;3.708657280042637
548;79;6;3.3456849671187254;3.3456849671187254;3.5117593911131255
549;90;6;3.1269285100291526;3.1269285100291526;3.3106157414164157
550;55;5;2.273295875180162;2.273295875180162;2.4507447194677794
551;70;5;4.435227432313161;4.435227432313161;4.353664912724491
552;81;5;2.3142574438436565;2.3142574438436565;2.56396806450279
553;77;7;1.8243930082708602;1.8243930082708602;2.0350019240102095
554;75;5;2.6135040452679332;2.6135040452679332;2.702984883558991
555;69;3;2.647205082886852;2.647205082886852;2.815885120955881
556;23;1;4.082373459960841;4.082373459960841;2.4380952772047775
557;116;7;3.7066916367467626;3.7066916367467626;3.8079647222281885
558;66;8;1.474154603211315;1.474154603211315;1.8096531514311405
559;79;6;2.706553844865092;2.706553844865092;2.825477640769844
560;114;6;2.8905048483191442;2.8905048483191442;2.9819869245582162
561;84;5;3.0647143653479096;3.0647143653479096;3.0892544126890953
562;130;7;3.483445384960051;3.483445384960051;3.5056826540814456
563;79;7;6.221375552579049;6.221375552579049;5.680192224899018
564;48;5;2.5699441634658373;2.5699441634658373;2.663302980791812
565;78;5;3.1358692498441108;3.1358692498441108;3.12303829248899
566;56;6;3.4043749278174524;3.4043749278174524;3.297882421228856
567;94;6;4.564699026575449;4.564699026575449;4.509593962651031
568;77;8;1.5121856736605632;1.5121856736605632;1.835460779638157
569;60;5;3.9061380088275355;3.9061380088275355;3.870837049863968
570;117;7;2.9399703582209096;2.9399703582209096;3.1306016094710336
571;97;8;5.286997275194629;5.286997275194629;5.147543624628443
572;98;8;3.9170773699190224;3.9170773699190224;4.176919263315349
573;48;7;2.5675242224475;2.5675242224475;2.8263382120997953
574;82;5;2.793073124245569;2.793073124245569;3.0448173104303007
575;123;6;3.4386199561371793;3.4386199561371793;3.590790192683715
576;135;7;2.662334381015191;2.662334381015191;3.0235735994743576
577;55;5;3.23101448578285;3.23101448578285;3.1357090610148473
578;83;5;4.235825147583495;4.235825147583495;4.062017701704785
579;112;6;4.143448599371018;4.143448599371018;4.143532859093
580;68;8;1.9576538037542306;1.9576538037542306;2.188968909024272
581;76;6;4.205740317522203;4.205740317522203;4.4582585746489105
582;119;6;2.801789823647459;2.801789823647459;2.972659341813318
583;107;6;3.2841874349624183;3.2841874349624183;3.6249977547303756
584;86;5;3.730090485488744;3.730090485488744;3.831389740739457
585;46;5;2.3235935116853152;2.3235935116853152;2.2931843104935474
586;60;6;3.6518009909300413;3.6518009909300413;3.0073911344255047
587;80;6;3.900583411803022;3.900583411803022;3.934873695710834
588;89;7;4.177345668395228;4.177345668395228;4.339472847087604
589;83;6;2.184324611696129;2.184324611696129;2.2323842597184442
590;91;8;1.6070847153943466;1.6070847153943466;1.938368123063413
591;111;7;3.804331586600157;3.804331586600157;3.9469488726326385
592;156;7;4.542103341142954;4.542103341142954;4.647727502889932
593;68;7;3.866005512854259;3.866005512854259;3.8999312603371212
594;90;6;2.665267050646276;2.665267050646276;2.8794171905429327
595;64;4;2.820824119069952;2.820824119069952;2.9024927947044885
596;84;4;2.570109136074343;2.570109136074343;2.8429858583825736
597;87;5;3.3348370831072334;3.3348370831072334;3.318393427970106
598;54;4;3.8713985643346094;3.8713985643346094;3.28923907568318
599;94;7;3.4591756847406923;3.4591756847406923;3.727682138189122
600;76;4;3.0450213821948062;3.0450213821948062;3.4095072064253364
601;53;6;3.395131281704771;3.395131281704771;3.495946814412469
602;84;6;2.1783015522665043;2.1783015522665043;2.2526239369895995
603;62;5;3.1130986712230064;3.1130986712230064;3.2465972845800737
604;79;4;2.2166842254458077;2.2166842254458077;2.473645942791804
605;104;6;2.3070535691660234;2.3070535691660234;2.4925959309003116
606;52;6;3.372984702758317;3.372984702758317;3.578528387399569
607;50;5;2.5073650706647497;2.5073650706647497;2.608337149700876
608;91;7;3.8551488919015853;3.8551488919015853;3.8858952657207495
609;62;8;1.793062211537634;1.793062211537634;2.0081765021465925
610;94;6;3.2266192146570876;3.2266192146570876;3.3432545373652776
611;65;7;2.245705798276972;2.245705798276972;2.593520299800963
612;33;5;2.184056424487563;2.184056424487563;2.1015130364605263
613;74;5;2.5979936028021657;2.5979936028021657;2.877830215862645
614;34;5;2.2642636213260157;2.2642636213260157;2.1649008502260614
615;41;4;3.6375988589299406;3.6375988589299406;3.617863853682279
616;88;5;4.841045973038262;4.841045973038262;4.662412092673873
617;67;5;2.3890958250106835;2.3890958250106835;2.5562257488712623
618;137;7;4.266836642349806;4.266836642349806;4.469365667640452
619;58;6;2.867148082719246;2.867148082719246;2.938859231999867
620;88;6;2.244843535451888;2.244843535451888;2.3628321096763205
621;56;6;5.25831181901067;5.25831181901067;4.648747164831443
622;73;4;2.578254370796637;2.578254370796637;2.6259713307332753
623;111;7;3.1642175452954207;3.1642175452954207;3.114617868748472
624;53;6;4.59027023947791;4.59027023947791;4.340676084261365
625;103;6;3.109730764480927;3.109730764480927;3.2547958406557065
626;73;7;3.5690818388415413;3.5690818388415413;3.8978112174698816
627;87;7;3.4272893661622694;3.4272893661622694;3.770940656365278
628;75;5;2.37319729843779;2.37319729843779;2.585071854958809
629;75;6;3.176894577286624;3.176894577286624;3.48526617338865
630;80;7;3.3080319661366158;3.3080319661366158;3.4447861454158337
631;65;5;4.082280914719509;4.082280914719509;3.9235767640625765
632;102;7;3.3083918242907555;3.3083918242907555;3.1912169005866478
633;80;5;2.35142448314164;2.35142448314164;2.555764796452402
634;95;6;2.8254591748769;2.8254591748769;3.142986923703675
635;112;7;2.8993621780187713;2.8993621780187713;3.0663390355553575
636;60;6;3.628950533183235;3.628950533183235;3.7063051798095636
637;95;8;1.8159315711249373;1.8159315711249373;2.099966380220419
638;78;5;2.8735499597998904;2.8735499597998904;2.862055353870135
639;94;6;2.422737753364733;2.422737753364733;2.6480068559631933
640;40;4;2.9533167840262227;2.9533167840262227;2.851348447990218
641;96;8;4.775480409898012;4.775480409898012;4.422000633368374
642;73;5;2.2456968357930176;2.2456968357930176;2.4214320746168188
643;84;5;2.632132329417168;2.632132329417168;2.738224816310916
644;102;7;4.474662815006506;4.474662815006506;4.4989022240294485
645;135;9;5.0339138605394345;5.0339138605394345;5.201722972561511
646;72;5;2.570318439025614;2.570318439025614;2.842418473097432
647;59;6;4.804425233007756;4.804425233007756;4.523887692734235
648;95;6;2.776472334825536;2.776472334825536;3.0151188380671394
649;112;7;4.102344446334616;4.102344446334616;4.266412757613478
650;86;5;2.8512056227840135;2.8512056227840135;3.0956025157007625
651;82;5;5.583367426386551;5.583367426386551;5.02903002980515
652;48;5;2.6460527341617937;2.6460527341617937;2.720827650176545
653;64;4;2.5997510082293016;2.5997510082293016;2.7351540434464185
654;80;5;3.041516086015729;3.041516086015729;2.9994041225385226
655;41;5;2.1129488664509606;2.1129488664509606;2.296073342836087
656;118;7;4.012399617809498;4.012399617809498;4.226570958293552
657;95;8;3.1033953506382224;3.1033953506382224;3.301765726913419
658;52;5;3.0788566040192076;3.0788566040192076;3.2681844049143653
659;69;4;2.5108655066126766;2.5108655066126766;2.588158729046186
660;53;5;3.5183799976299173;3.5183799976299173;3.6366211795936305
661;70;4;2.402676601188812;2.402676601188812;2.4441314618391368
662;93;7;4.54776305637949;4.54776305637949;3.7866353619014688
663;62;5;3.563981242223105;3.563981242223105;3.3914177505223857
664;59;5;3.261125689749533;3.261125689749533;3.417927437496535
665;67;5;3.5341794873042827;3.5341794873042827;3.356281018900729
666;62;5;2.284194875691345;2.284194875691345;2.405062398083169
667;93;6;3.3949242413486203;3.3949242413486203;3.460046534929321
668;59;8;3.763513384360729;3.763513384360729;3.586021955575454
669;74;6;1.8980631082911579;1.8980631082911579;2.1245502266176017
670;49;4;2.71114761272978;2.71114761272978;2.7104985560076886
671;72;4;2.463446277017636;2.463446277017636;2.600624168542438
672;72;5;3.2174619892410963;3.2174619892410963;3.145947542406448
673;56;6;4.188915044984072;4.188915044984072;3.899619026267627
674;83;6;3.999795892910607;3.999795892910607;4.237438496640454
675;59;6;2.485995342436115;2.485995342436115;2.190229983840254
676;104;7;5.158786186518895;5.158786186518895;5.18042005764513
677;81;5;2.9941258658207874;2.9941258658207874;3.0657347936997104
678;69;7;1.8552104591953895;1.8552104591953895;2.1146672112704517
679;100;6;4.063202585803749;4.063202585803749;4.100017838279876
680;97;8;3.8785852893425905;3.8785852893425905;3.8040909092418556
681;81;5;3.323365324837416;3.323365324837416;3.559093963280695
682;54;7;2.492394147550816;2.492394147550816;2.7577106843941
683;23;2;2.361978311014757;2.361978311014757;1.8729942472559302
684;79;5;2.4264386991511677;2.4264386991511677;2.664909052354767
685;70;7;2.2906092167926517;2.2906092167926517;2.415172114856497
686;121;7;3.94365501250317;3.94365501250317;4.004418045214505
687;19;1;2.8007314423242042;2.8007314423242042;1.8674172873046515
688;68;5;2.3130733847717364;2.3130733847717364;2.579789896426704
689;76;5;2.793319323658265;2.793319323658265;2.8992719264435847
690;71;5;2.7118244331829104;2.7118244331829104;2.8397505490485107
691;61;7;4.025274810898895;4.025274810898895;3.8450467370667845
692;84;5;2.409667204217866;2.409667204217866;2.587243348031871
693;47;7;2.7947808683015385;2.7947808683015385;2.955352496266918
694;78;4;2.2109836253400843;2.2109836253400843;2.400567890255873
695;68;6;3.405031000717817;3.405031000717817;3.559532839637771
696;66;6;4.833597914889814;4.833597914889814;4.5473130490058695
697;58;6;2.9576458226679914;2.9576458226679914;3.0925389893238178
698;138;7;3.8409541879742215;3.8409541879742215;4.097309819467679
699;42;3;4.006493713408426;4.006493713408426;3.6023561818489513
700;120;7;3.93662241772841;3.93662241772841;3.9623816524850115
701;96;6;2.827236015504908;2.827236015504908;3.0177951545096398
702;61;3;3.0256087934147162;3.0256087934147162;3.0403815613478398
703;54;5;4.421637445706882;4.421637445706882;4.22532406662373
704;78;6;2.9652135702096682;2.9652135702096682;3.0776867698256143
705;123;6;3.475780516085262;3.475780516085262;3.799575683770987
706;7;4;11.938584845545558;11.938584845545558;4.229427265484695
707;68;5;3.207272028674382;3.207272028674382;3.200966157397421
708;67;7;2.2679953888944033;2.2679953888944033;2.6759017007557864
709;78;4;2.444919321182424;2.444919321182424;2.6239937042027464
710;44;5;3.149133334729512;3.149133334729512;2.2650696932821894
711;53;5;2.6946455454280285;2.6946455454280285;2.658294969831616
712;84;5;2.613084103763055;2.613084103763055;2.8910583826105163
713;117;7;2.7148047324108484;2.7148047324108484;2.965999196226969
714;67;7;3.49806013131685;3.49806013131685;3.4214445312664568
715;83;6;2.4799388914960985;2.4799388914960985;2.4452727415220847
716;79;4;2.3596370113743945;2.3596370113743945;2.5097236959354814
717;50;4;3.1691980297240017;3.1691980297240017;3.2018841874825705
718;88;6;3.2040616859443616;3.2040616859443616;3.0504212170400318
719;111;7;3.0625928713796067;3.0625928713796067;3.447391221281868
720;78;5;2.858044795856825;2.858044795856825;3.0418749631665123
721;69;6;3.192441879197653;3.192441879197653;3.1626548076538774
722;109;8;4.185245862031414;4.185245862031414;4.418756895694762
723;72;5;2.195227598735165;2.195227598735165;2.269521675396797
724;115;8;4.78464173480296;4.78464173480296;4.708471686497259
725;107;7;3.32208866768536;3.32208866768536;3.575609915396929
726;71;5;2.3468943600166803;2.3468943600166803;2.5215457100009857
727;88;6;4.5041041291678905;4.5041041291678905;4.259889606843524
728;78;5;3.753819505331081;3.753819505331081;3.665963514128427
729;66;5;3.021214184129905;3.021214184129905;3.014938382173067
730;91;6;2.8016293459347406;2.8016293459347406;2.746741650000816
731;25;2;3.9617591471136597;3.9617591471136597;2.415838924431977
732;55;7;3.452175630352936;3.452175630352936;3.6504594965574144
733;21;2;2.2175733737274594;2.2175733737274594;1.8208388729094216
734;76;5;3.016953545318651;3.016953545318651;3.0969768522816055
735;60;6;5.087343504287361;5.087343504287361;4.704082311385193
736;86;5;2.50753675027193;2.50753675027193;2.7399310753475907
737;56;6;3.4531431651059106;3.4531431651059106;2.937473209665209
738;114;7;3.6762406056314028;3.6762406056314028;3.5781715840350135
739;120;7;4.657597105372107;4.657597105372107;4.718915161023768
740;138;7;3.5639225774768666;3.5639225774768666;3.684765232977955
741;89;7;3.939842232252487;3.939842232252487;4.137953298967487
742;96;5;4.127948998252499;4.127948998252499;4.135460439937847
743;83;5;2.5060128474432166;2.5060128474432166;2.7360959888449634
744;78;8;3.362259442333673;3.362259442333673;3.567847398833221
745;139;7;4.3970841658624575;4.3970841658624575;4.2472554860119764
746;92;6;2.8993556677814194;2.8993556677814194;3.1741253526276147
747;79;8;1.6141794845307533;1.6141794845307533;1.930896009433563
748;91;7;5.070122955779733;5.070122955779733;5.005756525208965
749;43;4;2.767972500622557;2.767972500622557;2.6265841603993025
750;77;5;2.76606359362862;2.76606359362862;2.9351725077211683
751;47;5;1.9386907199349135;1.9386907199349135;2.2220292453259445
752;51;5;2.7289080842782543;2.7289080842782543;2.8197524995007712
753;56;6;3.523903777657585;3.523903777657585;3.520794895254052
754;108;7;3.4178089380262624;3.4178089380262624;3.634146526821846
755;53;5;2.223160302505317;2.223160302505317;2.413249813062525
756;50;4;2.6254696562202477;2.6254696562202477;2.630287198792477
757;135;7;5.682349700427367;5.682349700427367;5.27646110325136
758;122;6;3.1949801850172026;3.1949801850172026;3.266599968543367
759;52;7;3.2365974897725156;3.2365974897725156;3.341058984985192
760;75;5;2.289070753093778;2.289070753093778;2.492743962964344
761;80;4;2.9869992589335146;2.9869992589335146;2.9564670939533086
762;78;6;3.754454709852117;3.754454709852117;3.9728220553243676
763;98;6;3.961353723023136;3.961353723023136;3.7810216643804258
764;67;6;2.8847297777761125;2.8847297777761125;2.988146326105848
765;94;7;1.784339128809817;1.784339128809817;2.0969874823523553
766;81;5;2.472370644903314;2.472370644903314;2.666389076729831
767;95;7;3.347786867024294;3.347786867024294;3.6188634797591503
768;82;5;2.620688245805878;2.620688245805878;2.794201187844732
769;50;6;4.330654826829366;4.330654826829366;4.1283317799040145
770;65;7;2.367623015971744;2.367623015971744;2.4022356029255825
771;59;5;2.597190164705779;2.597190164705779;2.6390012787555133
772;40;3;2.7740556395487106;2.7740556395487106;2.670121056988302
773;145;6;5.428484615117441;5.428484615117441;5.025357804893563
774;108;7;3.5832874307330718;3.5832874307330718;3.821568233122556
775;67;4;2.5540821476028515;2.5540821476028515;2.6529884725606263
776;83;5;2.5715032855294027;2.5715032855294027;2.6108907521164384
777;24;2;3.639192683242984;3.639192683242984;2.287081627829145
778;98;6;3.521283866177536;3.521283866177536;3.654642870417206
779;83;6;3.0986696760332557;3.0986696760332557;3.167318945466009
780;82;5;2.275446672875613;2.275446672875613;2.5224925755210506
781;51;5;3.3124215161067765;3.3124215161067765;3.4706436938279364
782;77;5;2.489785691269339;2.489785691269339;2.67426669205929
783;136;7;3.3074895719180586;3.3074895719180586;3.539812379913275
784;45;5;2.003131563563678;2.003131563563678;2.1512821979809704
785;81;7;1.6515879565901828;1.6515879565901828;2.035201874002103
786;133;6;2.399874453709268;2.399874453709268;2.7411702863807292
787;100;6;3.582604428012263;3.582604428012263;3.6799353817923093
788;133;7;3.3081421162432747;3.3081421162432747;3.4630623161171448
789;79;5;4.738271430925915;4.738271430925915;4.550657535828364
790;63;8;1.6389130173832922;1.6389130173832922;1.9285930444349377
791;54;4;2.968014262507904;2.968014262507904;3.0783573532013566
792;53;4;4.5518616970239885;4.5518616970239885;3.9755820809147666
793;79;5;2.6320592413722617;2.6320592413722617;2.676721010443528
794;134;8;3.885601970191665;3.885601970191665;4.243222784723399
795;79;5;3.085489319674114;3.085489319674114;3.2317320208602967
796;71;5;3.4293195365752203;3.4293195365752203;3.4388302803397197
797;82;6;3.7202391149810667;3.7202391149810667;3.6245921644196053
798;114;6;2.805564579733303;2.805564579733303;3.049299741347213
799;87;6;3.5229721055781753;3.5229721055781753;3.7683648664164955
800;122;7;4.384371917293413;4.384371917293413;4.442165517064215
801;141;7;3.1787192553720436;3.1787192553720436;3.3913750882613862
802;84;5;3.316048838185543;3.316048838185543;3.428966879295885
803;76;4;2.917171603575945;2.917171603575945;2.930900199994561
804;80;5;2.642894968197086;2.642894968197086;2.8654490538683417
805;139;6;4.031636478279798;4.031636478279798;4.140180264980235
806;126;8;4.770348401242746;4.770348401242746;4.727877349951352
807;77;6;2.9968512995591765;2.9968512995591765;3.120434372215733
808;150;7;3.8990407659284947;3.8990407659284947;3.8700117734862496
809;44;5;4.745305942260147;4.745305942260147;4.233755746003102
810;129;7;3.5629845664724518;3.5629845664724518;3.8297411468237206
811;85;7;4.0456600889769705;4.0456600889769705;4.068305123619648
812;75;5;2.844025217979979;2.844025217979979;2.978977627341537
813;55;6;3.0769764945742497;3.0769764945742497;3.1865378882615985
814;82;9;1.5660333615815978;1.5660333615815978;1.9279918809977867
815;30;6;5.336103011424518;5.336103011424518;4.256788037286356
816;72;7;2.729473811685406;2.729473811685406;2.813053765281006
817;124;7;2.891155809267824;2.891155809267824;3.156508995671169
818;76;5;2.309793632725194;2.309793632725194;2.507390821962906
819;81;5;2.130568976380829;2.130568976380829;2.3037045521689206
820;87;7;3.341168013620845;3.341168013620845;3.4545298027861095
821;97;6;2.330996373706812;2.330996373706812;2.506751648240595
822;69;6;3.7500077676360464;3.7500077676360464;3.826842102678126
823;82;5;2.490780477417541;2.490780477417541;2.663821599838663
824;122;6;2.645883213862816;2.645883213862816;2.8982387219293035
825;67;6;5.771963150212985;5.771963150212985;5.1173171232923504
826;82;5;2.8237510012943314;2.8237510012943314;2.8365011126606428
827;74;6;3.103308719952655;3.103308719952655;2.867439967591499
828;86;7;3.2092913859504337;3.2092913859504337;3.3252257528951494
829;68;7;2.207536730444177;2.207536730444177;2.6493362130348297
830;52;5;3.179606335899602;3.179606335899602;3.1941768079898423
831;83;5;3.609107430533862;3.609107430533862;3.7350832239734717
832;114;6;3.625730144779337;3.625730144779337;3.7309634670152074
833;74;8;3.466524222916808;3.466524222916808;3.392159812876274
834;53;5;2.9880817947667357;2.9880817947667357;3.0683849796288647
835;17;2;2.6677928638536192;2.6677928638536192;1.7572875043737435
836;64;5;5.175746668548148;5.175746668548148;4.785145918849201
837;97;8;3.359930377421672;3.359930377421672;3.529302647562061
838;82;7;5.918660525312277;5.918660525312277;5.718041871473947
839;59;4;2.7732886558673124;2.7732886558673124;2.9681142260110063
840;45;5;3.4461147375002152;3.4461147375002152;3.4446507408460008
841;84;5;2.570922900048798;2.570922900048798;2.753711363869692
842;98;8;3.577148369103758;3.577148369103758;3.730959863396854
843;94;6;2.2796853051236163;2.2796853051236163;2.441448256348488
844;100;7;5.805546348691757;5.805546348691757;5.391215537937364
845;65;5;2.260621393963942;2.260621393963942;2.477562613311618
