Skewness: 0.1433023314626918, Average LID: LPCA: 6.128841607565012  |||  MLE: 3.623369259118191  |||  MLENB: 3.623369259118191  |||  TLE: 3.6105114602411335
LPCA: 0.5589098383283847  |||  MLE: -0.004239462576041659  |||  MLENB: -0.004239462576041659  |||  TLE: 0.28389321492194425
node;in_degree;local_intrinsic_dimensionality_LPCA;local_intrinsic_dimensionality_MLE;local_intrinsic_dimensionality_MLENB;local_intrinsic_dimensionality_TLE
0;62;7;3.4166030110078713;3.4166030110078713;3.3583288062242835
1;77;7;4.736070107206119;4.736070107206119;5.139126881113663
2;74;6;3.4616902832312193;3.4616902832312193;3.721833411099805
3;44;6;3.398070029023955;3.398070029023955;3.5457176106355153
4;7;4;12.432149957973534;12.432149957973534;4.529544997967815
5;21;2;1.7792862447843165;1.7792862447843165;1.7814641235817794
6;63;8;4.193068087626636;4.193068087626636;4.2589294109860925
7;51;5;3.120377206879274;3.120377206879274;3.3595263999424785
8;46;5;3.55787587959974;3.55787587959974;3.5424515723323844
9;61;5;2.312934635617057;2.312934635617057;2.5382710448427077
10;73;7;3.3257342305870883;3.3257342305870883;3.6291281821120482
11;54;5;3.9281639784289712;3.9281639784289712;3.825874648158543
12;63;8;4.053735787586827;4.053735787586827;4.064119589886498
13;82;8;4.70190549302879;4.70190549302879;4.9367395693161935
14;38;4;2.9274209080174276;2.9274209080174276;3.1428968966239794
15;29;5;4.066000888796015;4.066000888796015;3.6530878273313507
16;41;5;1.8911715567852068;1.8911715567852068;2.1857288363871925
17;63;5;2.6803656248141157;2.6803656248141157;2.897201843489254
18;84;7;3.2242941746310443;3.2242941746310443;3.482880370483202
19;63;7;3.4447635999834616;3.4447635999834616;3.6084899622796924
20;101;7;4.815705832060613;4.815705832060613;4.92184509206067
21;61;5;2.7811583827048114;2.7811583827048114;3.152981313972091
22;47;7;5.008630880139863;5.008630880139863;4.982634007805351
23;74;7;4.864951202279931;4.864951202279931;5.058119413898119
24;58;5;2.9452839629467347;2.9452839629467347;3.072621090002171
25;88;7;4.73615856178818;4.73615856178818;4.942592800458875
26;79;6;3.2156890401583773;3.2156890401583773;3.307273474705688
27;112;7;4.078368567331625;4.078368567331625;4.274853785804046
28;50;5;3.269246570775009;3.269246570775009;3.209609453066578
29;41;7;4.801904615436755;4.801904615436755;3.745660265225123
30;111;8;4.194910218739153;4.194910218739153;4.572657242191875
31;79;7;4.18206313749272;4.18206313749272;4.264107949665022
32;40;5;3.463975955916153;3.463975955916153;3.4858606224627193
33;46;6;4.263350082008159;4.263350082008159;4.030113533336265
34;49;5;2.3630487206508484;2.3630487206508484;2.526401258257833
35;58;8;3.5600594218818618;3.5600594218818618;3.637921599758001
36;62;6;3.1702600783803474;3.1702600783803474;2.90699233774181
37;6;4;8.182231172458545;8.182231172458545;3.764876243528103
38;58;7;3.566420242063993;3.566420242063993;3.640974728913275
39;44;6;5.0801008470747595;5.0801008470747595;4.776583137895285
40;65;6;3.032426811806663;3.032426811806663;3.228969970799617
41;35;5;1.9443349349480799;1.9443349349480799;2.1950211791898697
42;51;7;2.524954536115712;2.524954536115712;2.889109602896105
43;68;5;2.747702091197855;2.747702091197855;2.934985559167584
44;36;6;4.301952064039757;4.301952064039757;3.7610465067176224
45;61;7;2.7905995895774973;2.7905995895774973;3.058189785271277
46;83;8;3.771502613260169;3.771502613260169;4.012777562653644
47;63;8;1.8472293164297278;1.8472293164297278;2.0621677755413113
48;68;8;3.9255995191432267;3.9255995191432267;4.154508141624498
49;57;5;3.5337082848981405;3.5337082848981405;3.757120116035086
50;30;4;5.518525162763732;5.518525162763732;4.681721053860118
51;52;5;3.44419929303242;3.44419929303242;3.5262426525631074
52;21;5;4.259721366484502;4.259721366484502;3.736410366741291
53;44;7;5.18203468174663;5.18203468174663;4.819121479480477
54;21;2;1.8318231971163814;1.8318231971163814;1.7702515155329275
55;47;6;3.144863696418321;3.144863696418321;3.3083325607837124
56;67;5;2.2313720196361304;2.2313720196361304;2.5112004655912172
57;48;7;2.8487162803775545;2.8487162803775545;3.136513491172824
58;66;6;4.335635259836762;4.335635259836762;4.29788268334023
59;105;7;3.9309484647750566;3.9309484647750566;4.033213630899088
60;74;5;3.374778445158591;3.374778445158591;3.426316179527907
61;108;7;4.5602187754513235;4.5602187754513235;4.7199018277107125
62;59;7;3.710716413739285;3.710716413739285;3.8563832273175187
63;75;7;4.220227815866255;4.220227815866255;4.513177178809174
64;68;5;2.4862757575359096;2.4862757575359096;2.7637318123484658
65;67;7;6.983048345781759;6.983048345781759;6.522756149601749
66;73;8;2.0348853204106363;2.0348853204106363;2.3009336946719445
67;59;6;2.7306708050546353;2.7306708050546353;2.694676906658543
68;55;6;3.2604602584774223;3.2604602584774223;3.56584048287708
69;57;5;3.6025171105483333;3.6025171105483333;3.449927938318329
70;36;6;2.8157900670893783;2.8157900670893783;2.808602813538375
71;66;7;3.0882057825429667;3.0882057825429667;2.9249161969968434
72;68;5;2.328231619245954;2.328231619245954;2.6639603609690146
73;51;5;3.4001340417950527;3.4001340417950527;3.3744660928595867
74;57;8;5.745069122948058;5.745069122948058;5.817922351817272
75;63;5;2.8503850536335587;2.8503850536335587;3.005726051558487
76;61;5;3.3427983774781436;3.3427983774781436;3.5529050035122904
77;80;7;5.855485485431501;5.855485485431501;4.9029933216116985
78;75;7;3.984909545103234;3.984909545103234;4.089313028014628
79;40;9;2.3710102395541863;2.3710102395541863;2.1823206386088203
80;67;8;4.402826749004739;4.402826749004739;4.486955045799802
81;84;7;4.542491875187725;4.542491875187725;4.468683037272258
82;64;6;3.966101039557423;3.966101039557423;4.0141534690556115
83;25;6;4.947828526248902;4.947828526248902;4.740391381918892
84;56;7;4.683791326501993;4.683791326501993;4.602563675394451
85;17;2;1.9154849597942618;1.9154849597942618;1.7481408362597568
86;70;8;5.010974500030559;5.010974500030559;5.4657272856528305
87;53;5;2.1291516414262146;2.1291516414262146;2.3699210386207707
88;70;5;4.577407164898669;4.577407164898669;4.260633836256609
89;69;5;2.8755053430199204;2.8755053430199204;3.1918082712029743
90;68;7;3.4089402250750265;3.4089402250750265;3.525906441130896
91;56;5;3.7620792251863224;3.7620792251863224;3.6157536013451472
92;42;5;3.0859465860822324;3.0859465860822324;3.0555945097920683
93;74;8;3.2950035096821417;3.2950035096821417;3.5921223116973398
94;62;7;3.3924064097099813;3.3924064097099813;3.617339060637618
95;78;7;5.091105215953755;5.091105215953755;4.773102449757565
96;68;7;5.852178930533723;5.852178930533723;5.522617372448271
97;96;8;4.388929649043784;4.388929649043784;4.711035381411551
98;59;6;4.014069504937932;4.014069504937932;3.7787228841009535
99;66;8;1.7270530998251987;1.7270530998251987;2.0941056610764766
100;7;4;8.334728576779622;8.334728576779622;3.9676597487404375
101;69;8;5.113570360266095;5.113570360266095;5.148597923847767
102;43;6;3.4717605518935817;3.4717605518935817;3.6569492518989923
103;40;5;2.3003473221470303;2.3003473221470303;2.367851204233492
104;46;5;3.2403176612044606;3.2403176612044606;3.123381634008229
105;101;7;2.771454601554488;2.771454601554488;3.125702795427469
106;41;5;2.9915836869261994;2.9915836869261994;2.937169840366502
107;63;7;4.41482452970862;4.41482452970862;4.306344960973561
108;108;8;3.414565468916699;3.414565468916699;3.5700659932994894
109;66;5;2.4521875933351702;2.4521875933351702;2.7050222982823815
110;83;7;3.632371607826691;3.632371607826691;3.9968981225308773
111;92;8;3.6499417345703873;3.6499417345703873;4.037547017189426
112;40;6;5.077415059240463;5.077415059240463;4.6730886133980425
113;35;5;2.0480542585669435;2.0480542585669435;2.0926268821331253
114;48;7;4.14533925560451;4.14533925560451;4.344567402323943
115;80;8;3.370721026655321;3.370721026655321;3.541292674539267
116;68;6;2.953847262750398;2.953847262750398;3.124844764019974
117;76;7;2.7261212518468136;2.7261212518468136;2.8574822934136828
118;80;9;2.1959514655914676;2.1959514655914676;2.5137160976741995
119;54;5;3.0895497948661688;3.0895497948661688;3.2257315394244364
120;54;7;2.9746833225293403;2.9746833225293403;3.2170341151951893
121;64;7;2.599200229474493;2.599200229474493;3.0517106617292047
122;48;7;3.917654190936036;3.917654190936036;4.042650661014672
123;54;5;3.294097958491485;3.294097958491485;3.222085957506838
124;58;6;3.5946568944189026;3.5946568944189026;3.789514392480048
125;68;7;3.4908813259863445;3.4908813259863445;3.6850747371805683
126;87;8;4.855602079454331;4.855602079454331;5.067102457699075
127;69;8;4.6084040158574675;4.6084040158574675;4.450830884546471
128;76;8;4.2902177959387915;4.2902177959387915;4.396704789731721
129;72;6;2.808776828569664;2.808776828569664;3.1076446868946825
130;62;6;3.274540237935112;3.274540237935112;3.3673728544430275
131;47;6;3.5128302277635313;3.5128302277635313;3.6299686636004953
132;51;5;3.240697914717729;3.240697914717729;3.1251892766791562
133;60;7;4.078252185151235;4.078252185151235;4.064071976168949
134;37;6;3.5435747392334522;3.5435747392334522;3.3401966627198267
135;5;3;9.167268524281198;9.167268524281198;3.7918714437181205
136;39;7;2.7174982520048547;2.7174982520048547;3.026616285652745
137;54;7;2.5688878896975513;2.5688878896975513;3.132851792288883
138;92;6;4.8481332734593225;4.8481332734593225;4.773875009595731
139;92;8;3.919851054473949;3.919851054473949;4.071863189194491
140;36;5;3.301774137782073;3.301774137782073;3.3630703764696745
141;67;9;1.9462151839827257;1.9462151839827257;2.2831244529453922
142;24;6;5.070699822642701;5.070699822642701;4.303161199122389
143;63;8;1.6055860046461907;1.6055860046461907;1.8783013594895643
144;63;5;3.071267498412505;3.071267498412505;3.3680824647950844
145;83;7;2.824289184583875;2.824289184583875;2.8240473652019964
146;42;6;5.237898536059061;5.237898536059061;4.574828602289462
147;77;7;3.501221927182524;3.501221927182524;3.8353160370272303
148;61;7;5.474506678086884;5.474506678086884;5.241867065312395
149;34;6;4.158254666581189;4.158254666581189;4.061532037394738
150;67;5;2.681924771679761;2.681924771679761;2.9341365617803623
151;49;5;2.657307679052795;2.657307679052795;2.710657257796392
152;37;6;3.5673430610026915;3.5673430610026915;3.483774505596666
153;56;6;3.9641915271817925;3.9641915271817925;4.033474635185939
154;95;8;3.839316691085721;3.839316691085721;4.147086043340997
155;22;1;2.02141640608594;2.02141640608594;1.813067703892479
156;52;7;5.088978842488699;5.088978842488699;4.811805759858273
157;84;7;3.535459336329753;3.535459336329753;3.780455827268119
158;50;7;4.365770732705455;4.365770732705455;4.2298157309711515
159;67;7;5.021299467118929;5.021299467118929;5.225752865377871
160;52;7;3.202754674835486;3.202754674835486;3.3616630401596295
161;61;5;3.1388801556619206;3.1388801556619206;3.2079711284954735
162;57;5;2.793796774657271;2.793796774657271;3.0704572988517196
163;107;7;4.591112803259802;4.591112803259802;4.679358532007796
164;79;7;3.427877385795915;3.427877385795915;3.6889470006938394
165;51;6;4.186228334282525;4.186228334282525;3.7650350299220974
166;41;6;3.3428125672877043;3.3428125672877043;3.401270506852923
167;52;7;4.7330674829648895;4.7330674829648895;4.614688602102623
168;76;6;3.7943879108488514;3.7943879108488514;3.523385307684164
169;103;7;3.815596934683763;3.815596934683763;4.015927477597855
170;57;7;4.075663521620461;4.075663521620461;4.335718971555243
171;23;1;2.08486156084061;2.08486156084061;1.9339868586437277
172;48;7;3.550842895636657;3.550842895636657;3.6744994022960102
173;62;7;5.724142420083692;5.724142420083692;5.248854190859324
174;67;7;3.5015427201710767;3.5015427201710767;3.716061637936755
175;71;5;3.683067988096221;3.683067988096221;3.8850123431871526
176;43;4;2.5530955697004147;2.5530955697004147;2.6418785272664818
177;71;7;3.399610396320332;3.399610396320332;3.772060240279718
178;59;6;2.956334032090409;2.956334032090409;3.155754691290156
179;58;6;3.717175982669027;3.717175982669027;3.8210499018891624
180;35;6;3.9387171335650235;3.9387171335650235;3.7780060158510116
181;55;5;2.6747811009392706;2.6747811009392706;2.877922015786338
182;60;7;5.037575493708185;5.037575493708185;4.708639201203574
183;40;5;1.8816227361778302;1.8816227361778302;2.020137621291889
184;74;5;2.9120662002016378;2.9120662002016378;3.170670068819777
185;60;5;3.033531955345872;3.033531955345872;3.1592027992151492
186;71;5;2.879473816252055;2.879473816252055;2.955396102945675
187;70;8;3.7704131215496184;3.7704131215496184;3.9473474758941487
188;70;7;3.6927682326625275;3.6927682326625275;3.8898203353844
189;58;6;3.4095545969055387;3.4095545969055387;3.6300290920931717
190;65;5;2.9939467670763107;2.9939467670763107;3.044620963969291
191;98;7;4.039779254241482;4.039779254241482;4.190272365361742
192;83;7;5.362594353750227;5.362594353750227;5.54606757199346
193;23;1;2.4860979607575113;2.4860979607575113;2.046416974796004
194;52;6;3.8927706226867693;3.8927706226867693;3.954495027327659
195;95;7;3.882805791808896;3.882805791808896;3.7693351266043678
196;60;7;2.9506257443957202;2.9506257443957202;3.125365712764327
197;79;7;4.939013745417562;4.939013745417562;5.055391746240587
198;66;6;3.9296409257965292;3.9296409257965292;3.78316223263982
199;80;7;4.351635191024762;4.351635191024762;3.731403005511249
200;91;8;3.462376745422333;3.462376745422333;3.8841162501955724
201;44;5;2.7258367474459684;2.7258367474459684;3.0281997246442245
202;51;6;4.0049764233406195;4.0049764233406195;3.537168730691105
203;80;7;3.572892961341941;3.572892961341941;4.131563696152296
204;59;5;3.8725547341813513;3.8725547341813513;4.029420581784524
205;66;6;4.855661502083733;4.855661502083733;4.8537079203457445
206;65;5;3.10282673760334;3.10282673760334;3.224663808063007
207;59;9;1.6318936870104428;1.6318936870104428;1.9823763296776178
208;81;7;3.8012730665521874;3.8012730665521874;3.994231513467453
209;36;7;2.822994427701033;2.822994427701033;2.9321493881587766
210;45;5;2.666406915033659;2.666406915033659;2.623913483472288
211;55;7;3.889275398241984;3.889275398241984;4.183130216965873
212;93;7;4.36365010447018;4.36365010447018;4.709491771434786
213;29;7;5.310759400212222;5.310759400212222;4.304947463662366
214;58;7;4.407383994342759;4.407383994342759;4.825494203661541
215;55;5;4.551033653180809;4.551033653180809;4.649902246265982
216;94;8;4.857320245347323;4.857320245347323;4.994746414210641
217;81;7;2.730904434627679;2.730904434627679;3.017598169002898
218;93;6;3.883008867926545;3.883008867926545;4.083997156638334
219;37;5;2.5221099275646925;2.5221099275646925;2.504425263479781
220;92;7;3.6791037963245348;3.6791037963245348;3.7476887491823354
221;67;8;2.893468894202696;2.893468894202696;3.1300686582566315
222;65;5;2.85158796115988;2.85158796115988;3.0486462259113947
223;79;7;4.698449303988987;4.698449303988987;4.789669707818567
224;77;7;3.566650269098065;3.566650269098065;3.785514977000654
225;53;7;3.660856508646053;3.660856508646053;3.8683693386027347
226;92;7;3.2402144815871905;3.2402144815871905;3.5057483021397835
227;46;6;3.201430688375964;3.201430688375964;3.4865979464385264
228;74;6;3.4958303450351935;3.4958303450351935;3.7380680860143864
229;84;7;4.518896867582828;4.518896867582828;4.470728585125171
230;35;5;1.8730591962421623;1.8730591962421623;2.1918307547991764
231;28;6;2.085443936693918;2.085443936693918;1.966070146084972
232;63;8;1.8704483449307443;1.8704483449307443;2.0857655151115897
233;75;6;4.007031690210894;4.007031690210894;4.07966237616851
234;39;4;3.3871262704386784;3.3871262704386784;3.4621525129616684
235;40;7;2.2863604058922156;2.2863604058922156;2.5845775150819468
236;53;5;3.2979873393784542;3.2979873393784542;3.3986388767165425
237;76;8;2.6359859215158217;2.6359859215158217;2.758720346900888
238;75;7;3.046439224789945;3.046439224789945;3.1414518474093165
239;51;6;5.441509423094195;5.441509423094195;5.255514557908243
240;45;5;2.7255774460765005;2.7255774460765005;3.015437561270222
241;56;8;4.180005104232526;4.180005104232526;4.192502630089416
242;74;8;2.928921323367429;2.928921323367429;2.9631062042532808
243;63;6;3.6217966938475903;3.6217966938475903;3.717195352723783
244;30;5;3.7835778914103493;3.7835778914103493;3.592917286962619
245;55;7;4.142958898671603;4.142958898671603;4.237447578975968
246;46;5;2.461743734372284;2.461743734372284;2.6688736359833216
247;64;5;2.6404519802517727;2.6404519802517727;2.9971112008015166
248;35;6;4.590766711673733;4.590766711673733;4.032503134078607
249;40;5;1.8689918979397557;1.8689918979397557;2.0037159742894657
250;89;7;3.5800946965046943;3.5800946965046943;3.8302517035009727
251;46;6;3.5867813037656773;3.5867813037656773;3.09392493428374
252;68;7;4.718599665474562;4.718599665474562;4.695329031257265
253;41;7;3.5700154824140085;3.5700154824140085;3.7345432998245247
254;103;8;4.114141214846967;4.114141214846967;4.543632326221563
255;62;7;5.248251747712732;5.248251747712732;4.992807909598649
256;43;5;3.9122447633548783;3.9122447633548783;3.9181891016299177
257;66;8;5.7513344694078;5.7513344694078;5.338610707282245
258;74;6;3.0338137840043857;3.0338137840043857;3.234499983226416
259;59;6;3.1839761454690327;3.1839761454690327;2.9355129602926846
260;84;6;3.1107403534907356;3.1107403534907356;3.26557744457129
261;70;5;2.466516811861783;2.466516811861783;2.8033013897488033
262;50;5;3.199403067575525;3.199403067575525;3.345255202508412
263;48;5;3.09990804800415;3.09990804800415;3.286513130920836
264;64;5;2.543535336866046;2.543535336866046;2.755163960825709
265;90;7;3.0540244596011252;3.0540244596011252;3.084733458537596
266;51;9;2.138556073423845;2.138556073423845;2.1912008209545255
267;60;5;3.1902692473266354;3.1902692473266354;3.5632959934959443
268;51;5;3.4375710229448155;3.4375710229448155;3.534031446009467
269;57;5;2.6660569590945773;2.6660569590945773;3.0186627871666767
270;53;6;3.820939386412421;3.820939386412421;4.00486863452853
271;35;3;2.7962756008213345;2.7962756008213345;2.8930365074439512
272;30;8;5.304388513414862;5.304388513414862;4.552730602968686
273;65;7;4.428774668034782;4.428774668034782;4.519398197498498
274;21;2;1.8100048859498212;1.8100048859498212;1.7764316883812359
275;38;7;4.785620270594813;4.785620270594813;4.4646154691636895
276;91;6;5.01200363541473;5.01200363541473;4.740684505431277
277;70;7;3.8435114421506698;3.8435114421506698;4.013882924120183
278;53;7;4.069083386822958;4.069083386822958;4.119098531763782
279;48;6;2.9233291617730814;2.9233291617730814;3.1006386743410848
280;52;5;2.3467528215225326;2.3467528215225326;2.5149382348263476
281;83;8;3.8664493549610337;3.8664493549610337;4.237810822685038
282;70;6;3.2892811487091054;3.2892811487091054;3.2123603487053907
283;41;6;3.9074988840807485;3.9074988840807485;3.6715994612825424
284;45;6;4.601820527236303;4.601820527236303;4.483749605406305
285;43;4;2.8571242268248205;2.8571242268248205;3.1163272380412232
286;98;8;4.625818347108525;4.625818347108525;4.896999947423877
287;56;7;4.5220849797678175;4.5220849797678175;4.6606126282473825
288;64;6;2.6707254531541778;2.6707254531541778;2.9281927759460697
289;67;7;3.7641308052322477;3.7641308052322477;4.017236820362202
290;79;7;3.671059265266928;3.671059265266928;3.930453096804261
291;7;4;9.770978696517478;9.770978696517478;4.458391843474489
292;79;8;6.529929169665004;6.529929169665004;6.204528610301873
293;55;7;3.5035977782769074;3.5035977782769074;3.6963795478435673
294;23;1;2.327647567028068;2.327647567028068;2.0686713651786475
295;58;7;4.770193977943302;4.770193977943302;4.621995476704502
296;49;5;3.0158379409119833;3.0158379409119833;3.0590565965298606
297;108;7;3.7992120670671423;3.7992120670671423;3.942608774295356
298;62;5;3.2167261937406013;3.2167261937406013;3.2999691766875823
299;50;5;2.533576363800202;2.533576363800202;2.715499726134816
300;96;7;3.3028335231305483;3.3028335231305483;3.614952425562033
301;74;7;5.720749369323346;5.720749369323346;5.672439061818491
302;48;5;2.5619846206545187;2.5619846206545187;2.8073308684013427
303;47;6;2.9979678463035904;2.9979678463035904;3.299474617342945
304;88;7;3.3257654258673455;3.3257654258673455;3.2926986730309027
305;101;7;4.787492091880566;4.787492091880566;5.059276363254534
306;73;6;3.4723093524330424;3.4723093524330424;3.6654879023236604
307;57;7;4.283609281141227;4.283609281141227;4.19562745470946
308;65;5;3.167538077106747;3.167538077106747;3.2809028986237605
309;34;5;3.3239233535364874;3.3239233535364874;3.1861113961149
310;37;5;2.982725494751762;2.982725494751762;2.865056690013885
311;59;7;3.6458196711774358;3.6458196711774358;3.667382963505468
312;96;7;3.966462512107796;3.966462512107796;4.266545853438412
313;54;5;3.3343747072659937;3.3343747072659937;3.231159435896838
314;70;7;2.64614376361233;2.64614376361233;2.6542140013033486
315;63;7;3.299796869538649;3.299796869538649;3.5043972605188665
316;83;7;3.7058651379638476;3.7058651379638476;3.9102446537469504
317;49;5;2.610312488523474;2.610312488523474;2.6812702986244363
318;46;5;2.3006572570404034;2.3006572570404034;2.590616964496785
319;60;6;5.066242727454382;5.066242727454382;4.222453276103422
320;92;7;2.6540689465349794;2.6540689465349794;2.8724076419204203
321;18;2;1.8278090111702072;1.8278090111702072;1.7346916003916708
322;74;8;2.0668332196681742;2.0668332196681742;2.385393127485078
323;32;4;3.1490669652435863;3.1490669652435863;3.277099782375272
324;63;5;2.512227076201291;2.512227076201291;2.8221931996741296
325;63;8;2.1204895477825962;2.1204895477825962;2.2482483463968443
326;64;5;3.3627026041861563;3.3627026041861563;3.3221822401279963
327;63;8;6.6855807965009;6.6855807965009;6.424252730127243
328;57;7;4.891639376566899;4.891639376566899;4.822237277279074
329;54;5;3.0442160388045783;3.0442160388045783;3.2771697995869835
330;34;7;3.4951038506299668;3.4951038506299668;3.476036121026061
331;65;5;3.19864729972928;3.19864729972928;3.3662668661944726
332;67;7;3.6116342635252954;3.6116342635252954;3.228346994225634
333;70;9;1.8715960264029547;1.8715960264029547;2.1900370828839426
334;25;2;3.6499852759051215;3.6499852759051215;2.4009334515286356
335;102;7;3.2565502138258857;3.2565502138258857;3.534482359628425
336;47;5;5.576671930915973;5.576671930915973;5.143386883690138
337;61;5;4.2896088422825045;4.2896088422825045;4.045542560991945
338;32;7;6.538137064827493;6.538137064827493;5.957520436377273
339;97;8;4.168822297727526;4.168822297727526;4.490797892249383
340;90;8;3.7144293113126503;3.7144293113126503;4.0456712095774305
341;71;6;5.374553393168631;5.374553393168631;5.224972460630775
342;57;7;3.816694504164027;3.816694504164027;4.003518437554705
343;82;7;3.1703729514277152;3.1703729514277152;3.2158731557040436
344;78;7;2.621350206152355;2.621350206152355;2.7165463174182922
345;25;2;3.283221016273803;3.283221016273803;2.483310048998861
346;34;6;4.71757752026183;4.71757752026183;4.4159918466707735
347;48;7;5.387587276893789;5.387587276893789;5.302398717001163
348;56;7;3.8573903486873107;3.8573903486873107;4.076388160084158
349;57;6;4.050221517022738;4.050221517022738;4.1755183182774385
350;60;5;2.692074545640701;2.692074545640701;2.8341588547874235
351;31;7;5.718016478328251;5.718016478328251;4.171262614164432
352;21;7;6.341302532424302;6.341302532424302;5.348766711882956
353;45;7;4.286376808676476;4.286376808676476;4.258198178863089
354;64;5;3.214821059313178;3.214821059313178;3.52244343170459
355;71;5;2.7702579083098158;2.7702579083098158;2.94496739471087
356;68;7;4.747344925913338;4.747344925913338;4.9053289690955495
357;70;6;4.037645896144836;4.037645896144836;4.067124837478781
358;89;8;4.9890907650583385;4.9890907650583385;5.0396612225801745
359;66;5;2.3602467556979665;2.3602467556979665;2.6306290149142
360;73;7;3.83335102294019;3.83335102294019;3.8957124056955026
361;59;5;3.370249305583956;3.370249305583956;3.291198627545909
362;54;5;3.1681137517699276;3.1681137517699276;3.3968733875867425
363;90;8;4.867965753385905;4.867965753385905;4.902226727835985
364;102;8;5.847055822139679;5.847055822139679;5.730732941265108
365;45;5;3.1595947106176014;3.1595947106176014;3.116797613328748
366;82;8;3.8579658284675915;3.8579658284675915;4.042103091566107
367;67;7;4.179516228261887;4.179516228261887;4.417029151690946
368;66;6;3.862099861438708;3.862099861438708;4.171314496104447
369;44;6;4.565815656103878;4.565815656103878;4.022214242757733
370;51;5;2.93552166625116;2.93552166625116;3.0105413381098556
371;44;5;2.946247876165017;2.946247876165017;3.014277409433061
372;76;8;3.651512550835317;3.651512550835317;3.88894657778888
373;60;5;3.189285698275241;3.189285698275241;3.5043241840375945
374;42;5;1.859536818083401;1.859536818083401;2.2385057864333455
375;30;4;4.795836736582043;4.795836736582043;2.949718733996931
376;99;7;3.714024999605168;3.714024999605168;3.819256026401205
377;113;7;4.316959179544547;4.316959179544547;4.459011163355442
378;71;5;2.9664735944016707;2.9664735944016707;3.237436099910281
379;116;7;3.5214107898138045;3.5214107898138045;3.725354707333356
380;47;7;3.789944504317307;3.789944504317307;3.858364859052458
381;22;1;2.0922229388144173;2.0922229388144173;1.8672260452005705
382;61;7;4.589036018832993;4.589036018832993;4.699798761880997
383;69;7;2.7693002864473715;2.7693002864473715;2.824610394032551
384;48;6;4.257006697197755;4.257006697197755;4.242789747929851
385;49;7;5.347244660014203;5.347244660014203;4.594623297484091
386;64;5;2.0577835340552126;2.0577835340552126;2.345249264953943
387;85;7;5.186232269657487;5.186232269657487;5.184382327704612
388;3;4;9.955778674178157;9.955778674178157;3.4135033192147883
389;51;6;2.9148623355580066;2.9148623355580066;2.6908616463166686
390;46;8;2.0427947648648037;2.0427947648648037;2.0602424289271415
391;42;6;4.095316040671656;4.095316040671656;4.025901703431794
392;47;7;5.9875706341871355;5.9875706341871355;5.583180081071019
393;77;8;4.519536651252568;4.519536651252568;4.5550290463720895
394;22;3;3.3445428147906036;3.3445428147906036;3.409391050153695
395;47;5;3.786404779053277;3.786404779053277;3.8272847181184613
396;20;2;1.7886438908203726;1.7886438908203726;1.7852640315991881
397;79;7;5.222920592239628;5.222920592239628;5.233683911003701
398;52;5;2.5916967983337225;2.5916967983337225;2.85808606131184
399;56;7;2.6073554559563163;2.6073554559563163;3.1725224198455266
400;69;6;3.308497076909382;3.308497076909382;3.4272795858239546
401;57;6;3.8513101312248734;3.8513101312248734;3.8083620944159575
402;38;6;3.3901791820109155;3.3901791820109155;3.2831591024849556
403;28;6;3.9547914036848213;3.9547914036848213;3.866694508224625
404;45;5;2.528912931057109;2.528912931057109;2.650633604496969
405;83;7;4.131217637788537;4.131217637788537;4.461759719631714
406;83;8;3.890546075544768;3.890546075544768;4.093819505073287
407;67;6;5.421583747903829;5.421583747903829;5.367598114973746
408;93;7;4.041352703302143;4.041352703302143;4.289990168596217
409;57;5;2.3780094307924986;2.3780094307924986;2.666246993037294
410;64;5;3.622895984902966;3.622895984902966;3.6765044893336962
411;43;5;1.9503619121390434;1.9503619121390434;2.284058549041004
412;98;8;3.347624097518018;3.347624097518018;3.5609545242691896
413;32;5;3.978457648134997;3.978457648134997;3.9889381975039093
414;44;7;3.328505465993959;3.328505465993959;3.4834229163828114
415;54;7;4.641880980956685;4.641880980956685;4.3051870243229295
416;54;7;2.8204290688901845;2.8204290688901845;3.09033386177443
417;39;6;3.312686827418094;3.312686827418094;3.327044371667304
418;70;9;5.088004574588154;5.088004574588154;5.048449456348096
419;55;6;3.2833554282915856;3.2833554282915856;3.5382393309248
420;56;7;2.8615995476452762;2.8615995476452762;3.060690851929345
421;68;6;4.18011828698993;4.18011828698993;4.191675777408173
422;30;4;3.538089851242151;3.538089851242151;3.4263989684671645
423;58;8;2.051369073480616;2.051369073480616;2.2021320854634654
424;56;5;2.3579754420917283;2.3579754420917283;2.5259136106695794
425;43;7;3.9060846821587094;3.9060846821587094;3.9267010440428205
426;104;7;3.4045724229264716;3.4045724229264716;3.6861183737662135
427;64;5;3.1185172861640855;3.1185172861640855;3.431377471801354
428;61;6;3.542574175679931;3.542574175679931;3.653081660970487
429;89;7;4.934901272767512;4.934901272767512;4.901705600957489
430;119;7;4.521565894127361;4.521565894127361;4.6468034419228585
431;36;5;3.922794485121208;3.922794485121208;3.570546601980863
432;42;7;4.305788164284168;4.305788164284168;4.201575141932972
433;93;8;3.186436475288089;3.186436475288089;3.2786090593685477
434;37;6;4.048928236911035;4.048928236911035;3.9288214471156513
435;62;6;2.923588368990276;2.923588368990276;3.213018170037631
436;62;7;3.0813301096891785;3.0813301096891785;3.268807218750408
437;77;8;5.714409251654323;5.714409251654323;4.577609790893766
438;60;4;3.026615340119981;3.026615340119981;3.448080242322532
439;41;5;2.9563564697466815;2.9563564697466815;2.9141668431030356
440;58;5;2.700464569547344;2.700464569547344;2.8295424318253968
441;42;7;3.2918748583599915;3.2918748583599915;3.4747424183977564
442;53;5;3.0180505051935063;3.0180505051935063;3.056663678566835
443;66;5;2.3599936397820107;2.3599936397820107;2.6291050846212807
444;23;2;3.7754673902870217;3.7754673902870217;2.640629258464837
445;53;7;3.4905507468528842;3.4905507468528842;3.5883208338451693
446;66;5;2.8008252030675633;2.8008252030675633;2.998717580270617
447;39;5;3.914046602345215;3.914046602345215;3.629531258850615
448;69;7;4.087212725705427;4.087212725705427;4.0917900090796975
449;71;7;4.243179843568986;4.243179843568986;4.304076696390143
450;45;7;3.80419892285159;3.80419892285159;3.73878702836166
451;49;5;3.235310690672963;3.235310690672963;3.348834453626887
452;51;5;2.7950536362190475;2.7950536362190475;2.9714108440165505
453;83;8;4.682833822015281;4.682833822015281;4.844398787696054
454;71;6;3.2759221801186733;3.2759221801186733;3.564701471428747
455;107;7;3.997945846147207;3.997945846147207;3.83699825884452
456;36;4;4.9382856236095805;4.9382856236095805;4.74073477378858
457;46;6;3.1075949252397654;3.1075949252397654;3.4462044513920382
458;27;6;4.545935392327633;4.545935392327633;3.7660607320718316
459;52;5;2.623527228724416;2.623527228724416;2.7575677821890685
460;40;6;3.3327070579136064;3.3327070579136064;3.7441612891298153
461;74;6;3.0934114101370658;3.0934114101370658;3.3511715228245205
462;63;5;2.9581759812243855;2.9581759812243855;3.288204782531728
463;34;8;3.9844446833805724;3.9844446833805724;3.018839152939035
464;60;5;2.647359119635499;2.647359119635499;2.8933303009025177
465;90;8;4.166958376499494;4.166958376499494;4.340570128173976
466;85;6;5.187329278786488;5.187329278786488;5.004729324765396
467;51;7;2.684713486489116;2.684713486489116;2.8820343238510464
468;95;7;3.044225318242091;3.044225318242091;3.2708410508945005
469;45;6;3.4075700910691586;3.4075700910691586;3.5915587384441503
470;49;5;3.280205912907597;3.280205912907597;3.4920239534311013
471;61;7;3.1107734968434366;3.1107734968434366;3.2151072991874616
472;40;6;5.086223792042308;5.086223792042308;3.7359152705782024
473;87;7;3.4341474851265676;3.4341474851265676;3.4173203960633605
474;50;7;5.700911753117528;5.700911753117528;5.539950480284002
475;55;6;3.5459875767376596;3.5459875767376596;3.664847222284713
476;59;6;3.3814413591783072;3.3814413591783072;3.258485246634982
477;78;8;3.033908407762442;3.033908407762442;3.1890379841487637
478;65;5;2.553714449870133;2.553714449870133;2.802255213253709
479;59;9;1.8965208719626712;1.8965208719626712;2.1856504889194523
480;78;7;4.240076372547309;4.240076372547309;4.282219719264241
481;91;7;4.007121072039583;4.007121072039583;3.9271028019749954
482;44;4;2.6857368014403056;2.6857368014403056;2.8950340801205097
483;62;7;3.954109647794684;3.954109647794684;4.057617780416719
484;55;7;3.00383428526728;3.00383428526728;3.372753518054592
485;30;7;4.7004736592344045;4.7004736592344045;4.372749015060892
486;89;7;2.310827555615793;2.310827555615793;2.5403039518850434
487;62;6;3.192601899548502;3.192601899548502;3.3056151072545563
488;32;7;4.46964508217289;4.46964508217289;4.192224109794486
489;49;7;4.030190894401991;4.030190894401991;4.137922909689964
490;98;7;3.2220866928042575;3.2220866928042575;3.3652754349031486
491;72;8;4.357491041731051;4.357491041731051;4.327589300645532
492;90;8;2.5667755397645564;2.5667755397645564;2.688370909000417
493;63;6;3.5651315448651566;3.5651315448651566;3.572953012576047
494;23;1;2.1017974902509002;2.1017974902509002;1.936735413962732
495;54;7;3.667851130677481;3.667851130677481;3.7461016833495684
496;60;7;3.927619043683689;3.927619043683689;4.049027541248659
497;50;7;5.583886609502112;5.583886609502112;5.358133963027931
498;39;5;1.846997481885221;1.846997481885221;2.2330195100806534
499;36;6;3.548051537565015;3.548051537565015;3.386238263478248
500;48;6;3.0225180534131644;3.0225180534131644;2.746145724732673
501;89;7;3.0208113093330304;3.0208113093330304;3.1739556539139557
502;99;7;4.069975862021575;4.069975862021575;4.273565795207794
503;49;6;4.7421894154327955;4.7421894154327955;4.571176320120829
504;75;5;2.8629533162217466;2.8629533162217466;3.0533777713793273
505;88;7;3.313342361347364;3.313342361347364;3.497530808148499
506;50;6;4.8706392934765805;4.8706392934765805;4.489641512365981
507;51;7;4.276400041352984;4.276400041352984;4.362728658959012
508;72;7;3.9888194148411364;3.9888194148411364;3.9303741983647464
509;59;7;3.008761146342819;3.008761146342819;3.3078270942908774
510;74;8;2.1635066504554112;2.1635066504554112;2.4586458233815365
511;47;5;4.282115591651822;4.282115591651822;4.3009547613177945
512;75;7;3.5540962701713363;3.5540962701713363;3.4034247822218924
513;34;5;3.544040752459765;3.544040752459765;3.4057195473654605
514;77;7;4.0994514904468;4.0994514904468;4.4787398869944175
515;51;7;3.4265038649650914;3.4265038649650914;3.5423903483516197
516;34;7;5.403265346359232;5.403265346359232;4.619443137851146
517;59;7;3.430658789393187;3.430658789393187;3.5277582070173312
518;72;7;5.572195209751334;5.572195209751334;5.264245708593107
519;48;5;3.1432110253961225;3.1432110253961225;3.3359401540657934
520;62;5;2.554458379605511;2.554458379605511;2.887572131635437
521;90;7;4.381270053482118;4.381270053482118;4.483415438063831
522;29;4;4.073213601697862;4.073213601697862;4.0154039606269425
523;7;5;11.10847529009469;11.10847529009469;5.4038973701929836
524;92;7;3.8322047864243713;3.8322047864243713;3.906575133016375
525;77;8;4.0930660895283975;4.0930660895283975;4.212163889187629
526;65;5;2.4280384644281185;2.4280384644281185;2.723942424667112
527;62;5;3.8783395131493354;3.8783395131493354;3.841879924606937
528;55;5;3.054436920587237;3.054436920587237;3.410661723091943
529;55;8;1.7154697731713986;1.7154697731713986;1.9984342923770069
530;47;5;3.0783297528616944;3.0783297528616944;3.1513905499491623
531;23;1;2.0799627463280657;2.0799627463280657;1.886755052953793
532;36;5;3.218822868757084;3.218822868757084;3.113453246472735
533;78;5;4.134086948617384;4.134086948617384;4.0271409488222405
534;49;7;2.457858040876486;2.457858040876486;2.6987730544652373
535;80;7;4.619672323294799;4.619672323294799;4.638210283548174
536;100;7;2.6956736975975337;2.6956736975975337;2.8877339329862255
537;57;5;3.557883108569845;3.557883108569845;3.630742331597215
538;59;5;2.582609853613306;2.582609853613306;2.8129395635107883
539;24;2;2.565555021949667;2.565555021949667;2.1329439240669683
540;56;7;3.7890894872704033;3.7890894872704033;3.856374317082641
541;47;5;3.1524839980456805;3.1524839980456805;3.454462741028852
542;54;5;2.672969615693159;2.672969615693159;2.929184939242378
543;56;5;2.748826171443053;2.748826171443053;3.020486935384907
544;46;8;7.2642911473595975;7.2642911473595975;6.463157963468886
545;56;7;3.9241021089696364;3.9241021089696364;4.154529364953603
546;37;7;3.4776680185982816;3.4776680185982816;3.4592188601628284
547;62;7;3.7506962707663045;3.7506962707663045;4.029371406184246
548;68;6;3.6543588548680144;3.6543588548680144;3.8609693294879355
549;67;7;3.2191227517039134;3.2191227517039134;3.3774195583965856
550;46;5;2.3591663212918466;2.3591663212918466;2.5346069434716014
551;46;6;4.395029312029776;4.395029312029776;4.424930114458115
552;69;5;2.559799321871827;2.559799321871827;2.876948851482042
553;63;8;2.475868472911228;2.475868472911228;2.568783772265955
554;56;6;3.400475598995882;3.400475598995882;3.4267856591892083
555;40;4;2.8749748024734236;2.8749748024734236;3.234722329244458
556;23;2;3.6806390398278945;3.6806390398278945;2.5454934869441703
557;101;7;4.103619050647237;4.103619050647237;4.193406155579564
558;59;8;1.5991663203853759;1.5991663203853759;1.9062615419437772
559;58;7;3.20306225751564;3.20306225751564;3.3018474649388176
560;80;7;3.1232107263281064;3.1232107263281064;3.178885838979511
561;67;5;4.189251844083328;4.189251844083328;4.173447879761134
562;82;7;4.5094228530067815;4.5094228530067815;4.465887628189356
563;47;7;6.339724472373567;6.339724472373567;5.9065608895837
564;40;5;2.577902487137597;2.577902487137597;2.695945201542599
565;58;5;3.4062956689761297;3.4062956689761297;3.3901227132246117
566;40;6;3.750086736615569;3.750086736615569;3.6298781345435964
567;70;6;4.819074624938554;4.819074624938554;4.85903156828895
568;61;9;1.6900659826125872;1.6900659826125872;1.9750776734885758
569;35;6;3.6497420168163233;3.6497420168163233;3.6834713915428403
570;78;7;3.28314272497725;3.28314272497725;3.5141126502798867
571;61;8;5.547989198155229;5.547989198155229;5.3847017703801345
572;72;8;4.414098025774194;4.414098025774194;4.720214211727552
573;40;7;2.5947790379939804;2.5947790379939804;2.852495471291979
574;68;6;2.758983924824713;2.758983924824713;3.0334527737390253
575;76;7;3.711562505454927;3.711562505454927;3.9313767759620193
576;93;7;2.569664770206768;2.569664770206768;2.880575620843871
577;36;5;3.036027101206412;3.036027101206412;2.9662366827150284
578;66;5;5.5380774216906845;5.5380774216906845;5.313035770943208
579;96;6;4.771291552332878;4.771291552332878;4.732532395627313
580;55;8;2.124951662191552;2.124951662191552;2.2802149546887662
581;49;7;4.106803751316499;4.106803751316499;4.428624807500754
582;83;7;3.301007919143022;3.301007919143022;3.440846970967273
583;74;7;3.449297889032481;3.449297889032481;3.8782535963648472
584;76;6;3.6044106220751195;3.6044106220751195;3.7296023048589713
585;39;5;2.8172145437680953;2.8172145437680953;2.725472035772468
586;47;6;4.221294565398147;4.221294565398147;3.5240371758452915
587;63;7;4.819725647013984;4.819725647013984;4.86780272331819
588;68;8;4.202250708277421;4.202250708277421;4.422801482890188
589;71;6;2.6287739062831252;2.6287739062831252;2.627824896238059
590;76;8;2.028383605029916;2.028383605029916;2.3451976765671287
591;95;7;4.139905234485706;4.139905234485706;4.325179981887126
592;99;8;4.662041535349175;4.662041535349175;4.80542620580864
593;50;7;3.8434966749006674;3.8434966749006674;3.8991922692319676
594;64;6;2.782823488151779;2.782823488151779;3.005564597058748
595;37;4;3.100125999675179;3.100125999675179;3.3329744836354123
596;63;5;2.6487031516237294;2.6487031516237294;2.980218780453297
597;62;5;3.8852269283753245;3.8852269283753245;3.8834404083714738
598;32;5;4.448205092429092;4.448205092429092;3.576868162499896
599;54;6;3.334891539392457;3.334891539392457;3.6811427076097862
600;56;5;2.8091822467972345;2.8091822467972345;3.2549320232606704
601;35;5;3.438775766576067;3.438775766576067;3.5954712234719035
602;73;7;2.9804891218241103;2.9804891218241103;2.9853593521292177
603;52;5;2.9882858855216634;2.9882858855216634;3.103616682192442
604;61;5;2.4055681094025925;2.4055681094025925;2.715111012595558
605;69;7;2.9162914555718205;2.9162914555718205;3.0550304342090704
606;43;6;3.153095332692906;3.153095332692906;3.36679573294317
607;44;5;2.8042898303458452;2.8042898303458452;2.9336986338243736
608;60;7;3.9573366639450165;3.9573366639450165;3.9619376821438816
609;49;8;1.8233232654463056;1.8233232654463056;1.9627232179236707
610;67;7;3.5290794462487436;3.5290794462487436;3.633028758678441
611;50;8;2.2669294867660215;2.2669294867660215;2.6056442070546115
612;30;6;2.1027261630255274;2.1027261630255274;2.0612909843266194
613;55;5;2.5508732653601425;2.5508732653601425;2.829897497303611
614;31;5;2.145965275639162;2.145965275639162;2.079630542972717
615;34;4;3.279522910698052;3.279522910698052;3.2780434612258937
616;74;6;6.972421571336462;6.972421571336462;6.617741906839048
617;49;5;2.7969714133426784;2.7969714133426784;3.0200644490360173
618;94;7;4.125376774590346;4.125376774590346;4.351708025996057
619;41;6;3.0440265752763884;3.0440265752763884;3.1680797740337763
620;61;7;2.5361366531648026;2.5361366531648026;2.642516955993558
621;24;6;5.426032343675905;5.426032343675905;4.832172597525109
622;56;5;3.1145455307232037;3.1145455307232037;3.14638274069583
623;58;7;4.360606083144133;4.360606083144133;4.307099259449554
624;41;7;5.314512781480495;5.314512781480495;4.990871943372566
625;86;7;3.6864781382466614;3.6864781382466614;3.7893978863231794
626;53;7;3.2473678840362425;3.2473678840362425;3.585313556863026
627;70;7;3.397803058108646;3.397803058108646;3.7896366704335445
628;60;4;2.585439314465933;2.585439314465933;2.8439974744664887
629;43;6;2.9072379557683155;2.9072379557683155;3.2271795939496233
630;69;7;4.157225315612528;4.157225315612528;4.310635366654596
631;45;6;3.8984214232645105;3.8984214232645105;3.838073039783868
632;85;6;4.38521558854691;4.38521558854691;4.058837808427539
633;67;5;2.8120996049429;2.8120996049429;3.023168010774276
634;57;7;2.7190957300377137;2.7190957300377137;3.0309376960862986
635;72;8;3.732873467922832;3.732873467922832;3.8926866779851887
636;45;6;3.5934743608484996;3.5934743608484996;3.6458250297825505
637;80;8;2.266129970120736;2.266129970120736;2.497363563875749
638;65;5;3.689082474224286;3.689082474224286;3.6237658233206913
639;64;7;2.637032072893769;2.637032072893769;2.8460156595667736
640;29;4;2.691023720908328;2.691023720908328;2.6611261193009095
641;66;8;7.107697202439718;7.107697202439718;6.355361563235656
642;61;5;2.5519562148770274;2.5519562148770274;2.75005080088251
643;66;5;3.2207241738320596;3.2207241738320596;3.3116954784819286
644;60;8;4.383644208442269;4.383644208442269;4.3841438691693435
645;89;8;5.184829868894114;5.184829868894114;5.386058977197292
646;55;5;2.5874383985772944;2.5874383985772944;2.872498339674938
647;40;6;4.56326740463657;4.56326740463657;4.5200326860897295
648;76;7;3.5840614695748276;3.5840614695748276;3.8856892638072082
649;90;7;4.397411732672212;4.397411732672212;4.560882781855529
650;66;5;3.094071428970201;3.094071428970201;3.396565067682886
651;43;5;6.037076413052012;6.037076413052012;5.618807718027332
652;41;5;2.75350408399061;2.75350408399061;2.817700645488924
653;45;4;2.5923134397433123;2.5923134397433123;2.733534287483133
654;69;5;4.564438012885266;4.564438012885266;4.3473329350876755
655;35;5;2.162197610362521;2.162197610362521;2.4208787642707597
656;78;8;3.92876431943774;3.92876431943774;4.130951171975567
657;81;8;3.498161798674862;3.498161798674862;3.608462428670759
658;44;6;2.982737027294617;2.982737027294617;3.1758879567440514
659;49;4;2.8742455379175;2.8742455379175;2.9861532086381297
660;32;6;3.212016762882059;3.212016762882059;3.412220840131238
661;54;5;3.131491059226253;3.131491059226253;3.1695415082062643
662;56;7;5.99212789851855;5.99212789851855;4.621375910108491
663;42;4;3.30233032125098;3.30233032125098;3.209723231955979
664;42;5;3.0836987027472036;3.0836987027472036;3.2443044411524515
665;55;7;3.9454693694397713;3.9454693694397713;3.677214715156377
666;45;5;2.4750562113313723;2.4750562113313723;2.574260619807866
667;65;6;4.3077195837098055;4.3077195837098055;4.389169964436884
668;46;8;3.871910512001291;3.871910512001291;3.670920807989302
669;65;8;2.7241248377601956;2.7241248377601956;2.8371164315194997
670;29;5;2.7919578340079148;2.7919578340079148;2.8256596127694316
671;51;5;2.5021860891420964;2.5021860891420964;2.610870438128367
672;58;6;4.07284145146335;4.07284145146335;3.8696512117431765
673;38;5;4.268444187561437;4.268444187561437;3.950179398486258
674;72;6;3.7455154214756554;3.7455154214756554;4.020646163259752
675;46;6;2.9092451219410065;2.9092451219410065;2.5264439704224126
676;67;8;4.95194471562049;4.95194471562049;5.007165419627061
677;70;5;3.0293060027314915;3.0293060027314915;3.088818153640642
678;60;8;2.071020862978202;2.071020862978202;2.2426899719496496
679;73;6;4.453734983750161;4.453734983750161;4.555387830995726
680;77;8;4.306304665220103;4.306304665220103;4.148098933953791
681;67;5;3.1763014322609835;3.1763014322609835;3.4299217862745435
682;47;7;2.7995000692927974;2.7995000692927974;3.138926878532324
683;23;2;1.89620525580926;1.89620525580926;1.7885041360069218
684;59;5;2.589130047484853;2.589130047484853;2.878599073675685
685;54;8;2.3805715248581554;2.3805715248581554;2.4047490146230177
686;81;7;4.38018408899479;4.38018408899479;4.402279006560279
687;19;1;2.2241091370543677;2.2241091370543677;1.790005809186655
688;58;5;2.39620563246933;2.39620563246933;2.7062457615817435
689;64;5;2.9641103010652032;2.9641103010652032;3.0748917560203624
690;55;5;3.033724023690167;3.033724023690167;3.1789267432840718
691;47;7;4.241575317035543;4.241575317035543;4.015198890334866
692;68;6;2.8382301866083806;2.8382301866083806;3.0647272181022194
693;38;7;2.990920035844295;2.990920035844295;3.1498284655027535
694;64;5;2.355562654987175;2.355562654987175;2.551766906709181
695;56;7;3.4966743065034085;3.4966743065034085;3.6556579727455865
696;50;5;5.842755041401764;5.842755041401764;5.412182406203964
697;49;6;2.999027535755178;2.999027535755178;3.143567682531085
698;96;6;3.9939796573355344;3.9939796573355344;4.292357159156706
699;30;3;3.7032685007271042;3.7032685007271042;3.431877186599914
700;76;7;4.446195845260964;4.446195845260964;4.496577612344452
701;79;6;3.397624802152502;3.397624802152502;3.5970354738910535
702;42;4;3.1420494813041655;3.1420494813041655;3.236268283821951
703;41;5;4.502880884801882;4.502880884801882;4.2961397322576635
704;58;7;3.2597532461457206;3.2597532461457206;3.3986108122903724
705;90;7;3.302248711965451;3.302248711965451;3.6407259310245714
706;7;4;10.518205923745944;10.518205923745944;4.239251601621577
707;55;5;3.620103826168316;3.620103826168316;3.69208727085346
708;56;7;2.4395580186760966;2.4395580186760966;2.917018957714323
709;61;5;2.5378542200526044;2.5378542200526044;2.744373805761264
710;36;5;4.533157440336852;4.533157440336852;3.1471949016506247
711;37;5;3.039285409172033;3.039285409172033;2.968106424737471
712;67;6;2.3191624713287795;2.3191624713287795;2.5618357109592274
713;88;7;3.418037551331752;3.418037551331752;3.6715320104903193
714;53;8;4.335478648826889;4.335478648826889;4.227649602130887
715;73;7;3.0426684512253726;3.0426684512253726;2.892166169762822
716;66;5;2.887616770993662;2.887616770993662;3.0636744755990253
717;38;4;3.0632532388457476;3.0632532388457476;3.171570084687303
718;63;6;4.03379043206272;4.03379043206272;3.7840081761793676
719;89;7;3.5357266192192096;3.5357266192192096;4.07113796132462
720;63;5;2.9718481353975865;2.9718481353975865;3.1846856328732613
721;41;6;3.767419614967183;3.767419614967183;3.7735371587664357
722;82;8;3.9914678366807843;3.9914678366807843;4.242886652040941
723;59;5;2.8078052550173993;2.8078052550173993;2.8588945385750777
724;78;8;4.677542933723178;4.677542933723178;4.637122479285288
725;75;7;3.0382455218899227;3.0382455218899227;3.2797808633814713
726;59;5;2.6427293887669143;2.6427293887669143;2.820751465277262
727;58;7;5.03046149491619;5.03046149491619;4.8120069147849795
728;69;5;4.285341900144646;4.285341900144646;4.1882484423844595
729;53;5;3.529051883788856;3.529051883788856;3.4862162838778645
730;78;7;3.802503537514092;3.802503537514092;3.606834824699976
731;25;2;3.705094167114153;3.705094167114153;2.516742429223528
732;48;6;3.4335871055876424;3.4335871055876424;3.6835046311812456
733;20;2;1.7722858911767756;1.7722858911767756;1.773994688859284
734;60;6;3.00403214636295;3.00403214636295;3.0724633746179952
735;37;6;5.0123935005549765;5.0123935005549765;4.593170176598735
736;71;5;2.5393647862942914;2.5393647862942914;2.7530333750699363
737;27;6;4.237700421767919;4.237700421767919;3.5928531881918744
738;97;7;3.969321318874184;3.969321318874184;3.727948854385715
739;81;8;4.961427882902125;4.961427882902125;5.045056978980792
740;112;7;4.144763941093601;4.144763941093601;4.2484013434741525
741;64;7;3.434939627744465;3.434939627744465;3.6325490705243344
742;74;6;4.550919179021452;4.550919179021452;4.525072374473658
743;61;5;2.2492199043702374;2.2492199043702374;2.4535745757602454
744;63;8;3.5092994027704076;3.5092994027704076;3.7066027331902256
745;90;6;4.467836056135132;4.467836056135132;4.365153920386521
746;68;7;2.7627696948183345;2.7627696948183345;3.0064373470481227
747;66;8;1.7874145643266983;1.7874145643266983;2.062140019454401
748;61;7;5.039266944155543;5.039266944155543;5.010993547628286
749;31;4;2.8532596439321787;2.8532596439321787;2.684481232608099
750;65;5;2.970323110130099;2.970323110130099;3.140053906420487
751;42;5;1.8787412092218165;1.8787412092218165;2.1765207350652758
752;43;5;2.719494566125444;2.719494566125444;2.8044051097933442
753;44;5;3.6695524720991375;3.6695524720991375;3.667882826819523
754;68;7;3.744199182660865;3.744199182660865;4.0205911830311845
755;46;5;2.3214254935215113;2.3214254935215113;2.5138725927790135
756;34;4;2.621675404083378;2.621675404083378;2.6874618819548695
757;67;7;6.141401250090871;6.141401250090871;5.789902491095123
758;94;7;3.5515510868718305;3.5515510868718305;3.5225019578779957
759;42;7;3.2461404796141675;3.2461404796141675;3.338536412087505
760;57;5;2.2679951446343365;2.2679951446343365;2.483818985942512
761;61;5;3.3832117293107515;3.3832117293107515;3.288576574457026
762;51;6;3.5828108364728366;3.5828108364728366;3.8659606168543386
763;62;6;4.662859729552924;4.662859729552924;4.398643962707638
764;49;7;3.2878880868278997;3.2878880868278997;3.4199087320145454
765;73;8;2.0183466509541756;2.0183466509541756;2.2647391922482942
766;67;5;2.7678729742369166;2.7678729742369166;3.0151210432789135
767;77;7;3.8619571556725374;3.8619571556725374;4.170631570654452
768;66;5;3.282664620925029;3.282664620925029;3.510853263863892
769;45;6;5.234252443530285;5.234252443530285;4.936657345584952
770;53;7;2.6134175340885557;2.6134175340885557;2.48119144134301
771;42;5;2.707566160939376;2.707566160939376;2.743357336469504
772;27;4;3.125946000726351;3.125946000726351;3.0919920937884355
773;92;6;5.232445568848246;5.232445568848246;4.865079818991785
774;78;7;3.8603091264465377;3.8603091264465377;4.151793209556815
775;50;5;2.538201959637784;2.538201959637784;2.6095431697180977
776;69;5;3.509017507646447;3.509017507646447;3.4913793676593947
777;24;2;3.5878914404592845;3.5878914404592845;2.6058384309938973
778;63;7;4.17212666335825;4.17212666335825;4.466113877057444
779;50;7;3.4738389519477613;3.4738389519477613;3.4706712301774307
780;68;6;2.390129830389957;2.390129830389957;2.6637639994551314
781;32;6;3.0798060698954965;3.0798060698954965;3.2646624386809817
782;59;5;2.645784677510117;2.645784677510117;2.8271674197644114
783;116;7;3.64259676461111;3.64259676461111;3.907110869277624
784;38;5;1.951835753085975;1.951835753085975;2.1009053912552713
785;68;8;1.7196926275610922;1.7196926275610922;2.071887946102145
786;88;7;2.742813778597517;2.742813778597517;3.124966538207129
787;84;7;3.7395597055924097;3.7395597055924097;3.847800313208824
788;106;7;4.449537335171084;4.449537335171084;4.635168726590245
789;57;6;4.474348432148988;4.474348432148988;4.339383519435843
790;58;9;1.810855988524531;1.810855988524531;2.0611750315010298
791;46;5;3.0087929707393277;3.0087929707393277;3.1354650053990674
792;25;5;4.840185056019565;4.840185056019565;4.263028591451968
793;62;5;3.539785776675387;3.539785776675387;3.572995398085911
794;105;8;3.729963785858224;3.729963785858224;4.075274107698367
795;59;6;2.8318533923758347;2.8318533923758347;2.971112871186495
796;61;5;3.594692586946185;3.594692586946185;3.607393765501465
797;65;6;4.024025781763332;4.024025781763332;3.8788330952427197
798;72;7;3.1893395302273513;3.1893395302273513;3.4245083765428324
799;74;6;3.543183204641756;3.543183204641756;3.809417753748501
800;97;7;5.318230966514631;5.318230966514631;5.355418202210913
801;99;7;3.663143822396472;3.663143822396472;3.876427601874894
802;61;6;3.1722177878643105;3.1722177878643105;3.3336997568291102
803;55;4;3.571215793564406;3.571215793564406;3.6794861530054246
804;65;6;2.7093707953826156;2.7093707953826156;2.931273709770015
805;81;7;3.831146935807355;3.831146935807355;3.978419594126827
806;104;8;5.860319309856889;5.860319309856889;5.817993124434265
807;60;6;3.348345060026639;3.348345060026639;3.485534539956265
808;101;6;4.95426630001489;4.95426630001489;4.908485866806976
809;27;5;5.6331513989528;5.6331513989528;5.170872448180018
810;85;7;3.5010059745486433;3.5010059745486433;3.781550837435665
811;69;7;4.497716074059436;4.497716074059436;4.528674250163738
812;60;5;3.067359581656477;3.067359581656477;3.2416154002512845
813;44;7;3.1604659405076245;3.1604659405076245;3.2919612162122487
814;70;9;1.71755979941312;1.71755979941312;2.050540574525385
815;25;6;7.041111819500237;7.041111819500237;5.412975641035201
816;60;7;3.380957128398772;3.380957128398772;3.372255518024759
817;94;7;3.505656255786031;3.505656255786031;3.851379060948684
818;59;5;2.472159975125935;2.472159975125935;2.6997848427907973
819;71;5;2.8827872151243867;2.8827872151243867;3.0807713953093887
820;69;7;3.9687783806831427;3.9687783806831427;4.055646225528315
821;63;6;2.653317337531132;2.653317337531132;2.807143734724819
822;57;7;4.063884650898256;4.063884650898256;4.191655955832153
823;70;5;2.818744765116035;2.818744765116035;2.9767908684961397
824;111;7;2.991167689501358;2.991167689501358;3.2526856278796052
825;36;6;6.136001061082993;6.136001061082993;5.407662720376434
826;68;5;3.5729095904385764;3.5729095904385764;3.5048026547210425
827;58;6;4.480593620971314;4.480593620971314;4.132192041822656
828;65;7;3.8526901721052265;3.8526901721052265;3.947494729971029
829;58;7;2.2491459869897468;2.2491459869897468;2.708905478803821
830;38;6;3.467818775138042;3.467818775138042;3.5035044495203116
831;54;5;3.5751376871641862;3.5751376871641862;3.7591287519159553
832;89;7;4.89180632926078;4.89180632926078;4.912640371815778
833;63;8;3.686326612639944;3.686326612639944;3.55284076163252
834;38;7;2.9823790277048223;2.9823790277048223;3.071561875320672
835;16;2;2.125481831305073;2.125481831305073;1.7219715646131863
836;43;6;5.297111755728661;5.297111755728661;5.015691780232586
837;74;8;3.994668146858574;3.994668146858574;4.2334351862247654
838;48;7;5.859542047328168;5.859542047328168;5.784638300631333
839;45;5;2.790008151480568;2.790008151480568;2.977493048478088
840;31;6;3.230945915231576;3.230945915231576;3.2629731483806124
841;72;5;3.517164089406278;3.517164089406278;3.8546044341090506
842;77;8;3.9503652473880306;3.9503652473880306;4.128927050129327
843;86;7;2.905566123260767;2.905566123260767;3.047289890446161
844;71;7;6.749945240239141;6.749945240239141;6.208065875447212
845;57;5;2.4569106880734513;2.4569106880734513;2.6314950777865973
