Skewness: 0.229156434764527, Average LID: LPCA: 6.388888888888889  |||  MLE: 3.9805912029916084  |||  MLENB: 3.9805912029916084  |||  TLE: 3.995081640256192
LPCA: 0.4747518414202546  |||  MLE: -0.04132806190463513  |||  MLENB: -0.04132806190463513  |||  TLE: 0.18077923608323287
node;in_degree;local_intrinsic_dimensionality_LPCA;local_intrinsic_dimensionality_MLE;local_intrinsic_dimensionality_MLENB;local_intrinsic_dimensionality_TLE
0;46;7;4.593126563298576;4.593126563298576;4.370992113965851
1;52;8;4.446438781904827;4.446438781904827;4.959743056787743
2;51;7;3.5805979636727687;3.5805979636727687;3.9035282500154556
3;30;6;3.7229561556521866;3.7229561556521866;3.892435440826263
4;7;4;10.63111853489157;10.63111853489157;4.642200672014035
5;20;2;1.2712102159848973;1.2712102159848973;1.5106853634077244
6;39;8;4.580954799298032;4.580954799298032;4.636865416249136
7;33;5;3.3025423508635185;3.3025423508635185;3.6332624923862813
8;22;5;3.619259882761888;3.619259882761888;3.803161422350077
9;41;5;2.5788506806508527;2.5788506806508527;2.8310673592777706
10;53;8;3.3068399445712666;3.3068399445712666;3.621285482018125
11;24;5;4.112983866973664;4.112983866973664;4.123928395164845
12;45;8;5.488925067407262;5.488925067407262;5.520770977187587
13;48;8;4.589355342199583;4.589355342199583;4.857816707241812
14;22;4;2.632859525183283;2.632859525183283;2.9708218255278664
15;17;5;4.308195810803326;4.308195810803326;3.9309241871196687
16;34;6;2.0463067279454807;2.0463067279454807;2.362577271831593
17;45;5;2.768685117880245;2.768685117880245;2.9732022155027744
18;56;7;3.3141892068983645;3.3141892068983645;3.5358878340964415
19;40;7;3.532875030174101;3.532875030174101;3.7193990793881517
20;56;8;4.916257802416127;4.916257802416127;5.076560070218406
21;46;6;2.5714424948021004;2.5714424948021004;2.897661839064548
22;29;7;4.879536766489992;4.879536766489992;4.991286049377357
23;48;7;4.669633380564393;4.669633380564393;4.929108339214983
24;39;6;3.316239885296038;3.316239885296038;3.412988156763499
25;60;6;5.02418972862097;5.02418972862097;5.291003164013249
26;51;6;3.7102864258146315;3.7102864258146315;3.8359218548750964
27;75;8;4.654539808897077;4.654539808897077;4.881618517446411
28;29;6;4.143730406808029;4.143730406808029;4.104527865155576
29;15;6;7.280524830811216;7.280524830811216;5.171697262741696
30;83;8;4.1760586458241455;4.1760586458241455;4.568715749249366
31;54;7;4.286009877279623;4.286009877279623;4.368535798311551
32;29;7;3.8970399081518896;3.8970399081518896;3.918963448526184
33;29;6;4.842504384746211;4.842504384746211;4.564281524126098
34;40;5;3.1903878530227114;3.1903878530227114;3.261812772210068
35;45;8;4.620478080775692;4.620478080775692;4.701999213018778
36;28;7;4.411990330632819;4.411990330632819;3.760796369491649
37;5;4;6.091672820411792;6.091672820411792;3.4779461602367814
38;43;7;4.04545316266312;4.04545316266312;4.1462995725508485
39;30;8;5.4280993069357715;5.4280993069357715;5.16063504788957
40;52;7;3.4777671348724755;3.4777671348724755;3.637012157156729
41;32;6;2.0143875953943895;2.0143875953943895;2.283365256392736
42;38;7;2.7811020251203553;2.7811020251203553;3.1812231533790776
43;46;5;3.1907026012110826;3.1907026012110826;3.314555897123456
44;20;6;6.696117135984141;6.696117135984141;5.64417685815378
45;45;7;3.2075815150174383;3.2075815150174383;3.5000053184169504
46;52;6;4.120431779902465;4.120431779902465;4.367171691598521
47;44;8;2.78414946568913;2.78414946568913;2.8852336464707578
48;53;7;3.673042900541976;3.673042900541976;3.8537653078340752
49;32;5;3.323253171056125;3.323253171056125;3.495615928985944
50;14;5;6.4691009448556365;6.4691009448556365;5.865041421480022
51;40;5;4.054810081721403;4.054810081721403;4.134364719514125
52;14;6;4.471080627638321;4.471080627638321;3.9410688677681884
53;20;7;5.984172053118722;5.984172053118722;5.6914659417325835
54;20;2;1.3376816619342542;1.3376816619342542;1.5556170351437537
55;36;7;3.452097619461415;3.452097619461415;3.640062840762485
56;51;5;2.818899150842421;2.818899150842421;3.240831017210875
57;38;7;2.942520705831651;2.942520705831651;3.15234336664755
58;38;6;5.160907444225626;5.160907444225626;5.0908305292380005
59;63;7;4.304164116120834;4.304164116120834;4.3749373716937185
60;49;6;4.104909430974482;4.104909430974482;4.200557681545263
61;50;7;3.966558736343699;3.966558736343699;4.153214674408117
62;46;7;4.671217373708057;4.671217373708057;4.8977067860826216
63;36;6;3.9189369211191445;3.9189369211191445;4.237195327100162
64;54;6;2.945245630784134;2.945245630784134;3.2461322205601824
65;35;7;7.874471499458753;7.874471499458753;7.580155971410889
66;57;7;2.9198438850349957;2.9198438850349957;3.09710937246537
67;48;6;3.0126311136433794;3.0126311136433794;3.0944172322313035
68;44;7;3.6427481475362944;3.6427481475362944;3.97272801563789
69;35;5;4.608448272505948;4.608448272505948;4.31704017927746
70;22;7;3.4367434170583495;3.4367434170583495;3.563298957640977
71;42;6;3.894608790560163;3.894608790560163;3.6823395097719933
72;45;5;2.0818973392501436;2.0818973392501436;2.3686457809889334
73;34;5;3.243369984710397;3.243369984710397;3.1600642283145617
74;29;7;5.45294023157451;5.45294023157451;5.708762941084647
75;41;5;2.991764400867439;2.991764400867439;3.161286758793014
76;46;6;3.2242071070888976;3.2242071070888976;3.3590481205780924
77;29;8;6.954009006719978;6.954009006719978;6.103904471606684
78;44;8;5.130953010742062;5.130953010742062;5.324455303173435
79;21;7;3.5631922164747905;3.5631922164747905;2.8997797760881654
80;43;7;5.554599036675819;5.554599036675819;5.712015594113192
81;43;8;5.376416216492063;5.376416216492063;5.205658693429009
82;32;6;3.9884476098725736;3.9884476098725736;4.066014005596285
83;17;7;4.5063516768502225;4.5063516768502225;4.5017616589313905
84;36;6;4.569907721533248;4.569907721533248;4.584296641535016
85;17;2;1.3722197866174848;1.3722197866174848;1.5267220788691778
86;42;7;5.018173704116658;5.018173704116658;5.804511664690954
87;45;7;3.2325588128938314;3.2325588128938314;3.463123742308349
88;56;6;5.629890338113141;5.629890338113141;5.087170351534083
89;52;6;3.0376262580287645;3.0376262580287645;3.416660239479465
90;48;7;3.5584857594599186;3.5584857594599186;3.6283228572377273
91;38;5;4.705151127891586;4.705151127891586;4.419405880673496
92;22;6;3.243727581087806;3.243727581087806;3.286239849337772
93;53;7;3.993805686347184;3.993805686347184;4.353039081857451
94;41;7;3.656923715392317;3.656923715392317;3.9135866484284234
95;40;7;6.7815794626813;6.7815794626813;6.370634116932302
96;43;7;5.738233975568087;5.738233975568087;5.397076448191604
97;67;8;4.635303438437805;4.635303438437805;5.042005234352911
98;37;6;4.671400308771748;4.671400308771748;4.2199155201503755
99;57;8;2.0136772975753408;2.0136772975753408;2.3508303375614736
100;7;3;6.47022526319361;6.47022526319361;3.817468723411167
101;43;7;4.847299617335782;4.847299617335782;4.898050739306838
102;27;6;3.3894560530971325;3.3894560530971325;3.6029486697948103
103;35;5;3.1484561078222115;3.1484561078222115;3.089044037445877
104;25;6;3.956714223979428;3.956714223979428;3.7718472132754797
105;79;8;3.0373528760281614;3.0373528760281614;3.413371838249537
106;25;6;3.297291577813873;3.297291577813873;3.281028815917267
107;46;8;5.007202488967701;5.007202488967701;4.819254014586219
108;83;9;4.123459445004457;4.123459445004457;4.385314794863634
109;47;6;3.214233866666126;3.214233866666126;3.4667715472192406
110;51;9;3.5921633992662296;3.5921633992662296;4.0246360345866545
111;68;8;3.7189419358572358;3.7189419358572358;4.149545458450506
112;18;7;5.090686553608343;5.090686553608343;4.688096030363937
113;31;7;2.398064578135391;2.398064578135391;2.3409758673186776
114;30;7;4.299303336659327;4.299303336659327;4.662846740943732
115;57;8;4.402521595566649;4.402521595566649;4.546385693626961
116;45;5;4.069512909744588;4.069512909744588;4.249875029708243
117;51;7;4.147443215253327;4.147443215253327;4.148646101924515
118;67;7;3.445188457364257;3.445188457364257;3.7091167963774407
119;32;5;3.3136612511146777;3.3136612511146777;3.52292653202925
120;40;7;3.6951110742890623;3.6951110742890623;3.9142963234565347
121;48;7;2.5173963569354174;2.5173963569354174;2.962822121523326
122;38;8;3.9897041473802135;3.9897041473802135;4.084540306135927
123;45;6;5.292881674890146;5.292881674890146;4.859947357239189
124;39;6;3.2702436223051303;3.2702436223051303;3.4396757874719803
125;49;7;3.6568671345810078;3.6568671345810078;3.7624987836161297
126;55;8;4.697483252561826;4.697483252561826;4.941424224260445
127;43;7;5.8540471044207;5.8540471044207;5.478759897370611
128;36;8;4.327365341833613;4.327365341833613;4.430638237443283
129;60;6;3.3611461561548026;3.3611461561548026;3.724161374017855
130;43;6;3.540574408753545;3.540574408753545;3.593111047581865
131;30;6;3.9363519414808117;3.9363519414808117;4.142773706313905
132;31;5;3.9680143503440655;3.9680143503440655;3.719437862905553
133;33;7;4.532653610912575;4.532653610912575;4.57703031560669
134;29;7;4.4056915662481915;4.4056915662481915;4.04881849501688
135;5;3;7.00921787941368;7.00921787941368;3.507073106153092
136;31;7;2.56317577300302;2.56317577300302;2.879064150543198
137;37;7;2.557577070300587;2.557577070300587;3.2159309395374285
138;66;7;4.865687323315441;4.865687323315441;4.789989031334741
139;63;7;4.871231963269457;4.871231963269457;4.915665139542089
140;28;5;3.0599140797594444;3.0599140797594444;3.1271449045722792
141;52;8;2.110117549517318;2.110117549517318;2.3829390183183645
142;13;6;5.103446067067521;5.103446067067521;4.59214898191388
143;51;8;3.6747180038554177;3.6747180038554177;3.950174429442604
144;37;6;3.2375340818617224;3.2375340818617224;3.596830079357934
145;41;6;4.370401990372791;4.370401990372791;4.254209790633156
146;33;7;5.398057450061493;5.398057450061493;4.733755189244061
147;57;7;3.557739586574267;3.557739586574267;3.9457571235633737
148;31;7;6.118548558000686;6.118548558000686;5.880511562451701
149;25;7;4.01002382889361;4.01002382889361;3.917626002366285
150;45;5;2.8771437319388906;2.8771437319388906;3.162036371865065
151;33;5;3.1665326696826535;3.1665326696826535;3.1255299590933645
152;21;5;3.8926658280908124;3.8926658280908124;3.9218663100630815
153;33;6;3.6955120364937843;3.6955120364937843;3.8093343571950107
154;69;8;3.893639380889481;3.893639380889481;4.261702118862378
155;21;2;1.5253339605309852;1.5253339605309852;1.6411001997167756
156;37;7;5.408808565878873;5.408808565878873;4.9790681651642075
157;49;7;3.933840907894806;3.933840907894806;4.327398837573779
158;36;7;5.215013563711333;5.215013563711333;5.0231101107299025
159;38;8;4.80169631307143;4.80169631307143;5.104607376542619
160;34;7;3.613781466916185;3.613781466916185;3.822522104348484
161;41;6;4.331693096597796;4.331693096597796;4.307017056751129
162;41;5;2.6318211743631656;2.6318211743631656;2.901235175079037
163;77;7;4.9684688782125095;4.9684688782125095;4.979875241169569
164;54;7;3.7120772609961445;3.7120772609961445;3.9991589649863357
165;33;7;6.529886461011191;6.529886461011191;5.526186051563028
166;26;6;3.4458206469651897;3.4458206469651897;3.572493385517469
167;24;7;4.6025579171055275;4.6025579171055275;4.608407381127852
168;33;7;4.728621501975655;4.728621501975655;4.599630274289563
169;49;7;3.852080785019598;3.852080785019598;4.0919257574275685
170;30;7;3.913010346213708;3.913010346213708;4.38522578312284
171;23;2;1.6065971455831014;1.6065971455831014;1.774067987500596
172;35;7;3.6045848935463582;3.6045848935463582;3.695482362750264
173;44;8;5.872058384387051;5.872058384387051;5.25479786366519
174;47;7;3.3580316556803234;3.3580316556803234;3.5147691206904725
175;52;6;3.87195104236838;3.87195104236838;4.142587688590496
176;27;5;2.8047962357727636;2.8047962357727636;2.8439710370470146
177;51;7;3.5049124561778955;3.5049124561778955;3.9411757571459485
178;42;6;3.5995369973532454;3.5995369973532454;3.7887111203258987
179;34;6;3.60188279538527;3.60188279538527;3.6746244830344432
180;26;6;4.346565652574431;4.346565652574431;4.221311153440253
181;42;6;3.1778605622838287;3.1778605622838287;3.3353540300583386
182;40;7;6.758444880717866;6.758444880717866;6.142939980146857
183;35;6;2.7778142579142524;2.7778142579142524;2.8791381005153887
184;59;7;3.1015195374314937;3.1015195374314937;3.3925730333984263
185;37;5;3.4123075930033817;3.4123075930033817;3.5066898461220863
186;55;6;4.066452491217375;4.066452491217375;4.009035473656147
187;49;8;4.6440977441212565;4.6440977441212565;4.949168819083203
188;52;7;4.190298727494128;4.190298727494128;4.366839697187198
189;46;6;3.538556223585233;3.538556223585233;3.762815151364754
190;49;6;3.758264373020314;3.758264373020314;3.7264660294236873
191;61;7;5.052225524973709;5.052225524973709;5.2153282859710215
192;49;7;5.229385146485574;5.229385146485574;5.4754275505085355
193;23;2;2.024220051507773;2.024220051507773;2.01012507356542
194;43;6;4.6751544095952084;4.6751544095952084;4.712028404337817
195;47;7;3.990806310663444;3.990806310663444;3.8423190213463765
196;39;7;3.4195660912166956;3.4195660912166956;3.666157446553428
197;36;7;5.802088454479859;5.802088454479859;6.143380297053883
198;30;7;4.421123697519143;4.421123697519143;4.126600166928794
199;37;7;5.439957913243185;5.439957913243185;4.422222989368648
200;55;8;3.6732395398043227;3.6732395398043227;4.218707984577137
201;37;5;2.7413468499000913;2.7413468499000913;3.0868688162241114
202;27;7;4.017911853995574;4.017911853995574;3.625357953053429
203;64;7;2.9472025275504783;2.9472025275504783;3.431930143971425
204;31;4;3.2747037926987645;3.2747037926987645;3.4792923899072608
205;43;6;5.997116032552502;5.997116032552502;6.0759458984754025
206;40;6;3.1533092985282494;3.1533092985282494;3.3456217007889006
207;51;8;1.9925073544825633;1.9925073544825633;2.3356898187412694
208;51;8;3.8929347219955033;3.8929347219955033;4.092905988554731
209;24;7;3.046023920745026;3.046023920745026;3.2655961906393864
210;30;6;3.4432303812630547;3.4432303812630547;3.20412378614861
211;38;7;4.0466100898998425;4.0466100898998425;4.4027624885057195
212;64;7;4.257604821745106;4.257604821745106;4.62393308407595
213;15;7;6.081631121536566;6.081631121536566;4.818253536899091
214;40;7;3.954702908045649;3.954702908045649;4.450588202929604
215;33;5;3.8405368111216407;3.8405368111216407;3.949756666968743
216;55;7;5.245931512854172;5.245931512854172;5.396474780435751
217;55;8;3.278563648852111;3.278563648852111;3.6006366639801946
218;53;7;3.5778863791025577;3.5778863791025577;3.8482976779534233
219;29;5;2.9351940000940013;2.9351940000940013;2.886031839329758
220;56;7;4.072225738272706;4.072225738272706;4.144120751058809
221;51;8;3.9244210533855113;3.9244210533855113;4.110925499184898
222;42;6;3.2676740428273217;3.2676740428273217;3.5346873724955548
223;39;8;4.422015071197715;4.422015071197715;4.614399022970963
224;57;7;4.434039424763777;4.434039424763777;4.792905959427703
225;37;7;3.6399476325735685;3.6399476325735685;3.8452854642612064
226;55;7;3.5295484768715153;3.5295484768715153;3.8109849639985427
227;36;6;2.9139938473408025;2.9139938473408025;3.2018621481957856
228;48;7;3.3440721114632197;3.3440721114632197;3.611046207900912
229;46;8;5.656433538951528;5.656433538951528;5.590948704004133
230;31;7;1.7850468375704678;1.7850468375704678;2.0886613919004535
231;17;7;2.315076195660889;2.315076195660889;2.1275882472854146
232;50;7;3.779937358881457;3.779937358881457;3.8817664984899243
233;46;7;4.047785999605646;4.047785999605646;4.140593416791152
234;24;6;3.3778866231895464;3.3778866231895464;3.4635133793748185
235;30;7;2.2548962608303573;2.2548962608303573;2.545464704661069
236;33;5;3.171293427084059;3.171293427084059;3.2655683487758123
237;63;8;3.5368245913441614;3.5368245913441614;3.6056120087672436
238;61;6;3.199858028795118;3.199858028795118;3.3507423044848776
239;25;7;4.86847516868275;4.86847516868275;4.762168704198045
240;39;5;2.7301129901316328;2.7301129901316328;3.0437471571517674
241;41;7;4.669049988104542;4.669049988104542;4.923221130837329
242;51;8;4.063369891380248;4.063369891380248;3.830745935198481
243;39;7;4.0721059165666205;4.0721059165666205;4.298942355740978
244;24;7;3.94896444810518;3.94896444810518;3.781434755144866
245;35;7;4.370915505273369;4.370915505273369;4.5366219103912995
246;39;5;2.4742911982827813;2.4742911982827813;2.6871360402711444
247;49;5;2.6858078947352975;2.6858078947352975;3.1024002707906355
248;20;7;6.189458838060799;6.189458838060799;5.146344967847507
249;36;5;2.990008556097173;2.990008556097173;3.052685523524352
250;61;7;4.040631693214114;4.040631693214114;4.322392751581166
251;17;7;4.3563008468770645;4.3563008468770645;3.6471451098938448
252;50;7;5.736951215731834;5.736951215731834;5.754082522110352
253;31;7;3.512327258716064;3.512327258716064;3.6723643656412053
254;60;7;3.9174893602401024;3.9174893602401024;4.420204834755901
255;40;8;5.369835623932015;5.369835623932015;5.061287184289551
256;31;5;4.367262759438732;4.367262759438732;4.3881533530977945
257;35;8;7.884224346224612;7.884224346224612;7.190734119812709
258;59;6;3.99493041404232;3.99493041404232;4.260507932224133
259;45;7;3.68349122803196;3.68349122803196;3.461515810471659
260;52;7;3.144356986552659;3.144356986552659;3.262631654543641
261;48;6;2.3129074871323074;2.3129074871323074;2.6161806607354348
262;41;5;2.989683474330127;2.989683474330127;3.211421700221783
263;27;6;3.030956368551763;3.030956368551763;3.261110514645264
264;50;6;2.910090591645827;2.910090591645827;3.0311175272127464
265;50;7;3.4520175804179547;3.4520175804179547;3.4608120648840384
266;37;8;3.8795107526651282;3.8795107526651282;3.5355766459960782
267;36;5;2.816404488859232;2.816404488859232;3.22864568989631
268;31;5;3.1755829399828173;3.1755829399828173;3.4199716621526477
269;48;6;2.5185021308866444;2.5185021308866444;2.828475113370569
270;36;6;3.7083523981164404;3.7083523981164404;3.993691500268488
271;26;5;2.686034671242154;2.686034671242154;2.861960706084713
272;14;7;6.054443513054917;6.054443513054917;5.021997089780132
273;42;7;4.437818049495536;4.437818049495536;4.517085522543547
274;20;2;1.3163226182778471;1.3163226182778471;1.5461150458046575
275;29;7;4.805407733812187;4.805407733812187;4.568790138662106
276;44;7;5.747542881820291;5.747542881820291;5.595648294852101
277;51;7;4.536991455635437;4.536991455635437;4.745722126166822
278;27;6;4.341284005095858;4.341284005095858;4.5889639101726605
279;36;5;3.699199643828263;3.699199643828263;3.899174474365189
280;38;5;2.961474663816032;2.961474663816032;3.146805827813722
281;55;9;3.48968041266715;3.48968041266715;3.8863279634685615
282;39;8;3.6439764207168794;3.6439764207168794;3.511770908118131
283;24;7;4.501094864197117;4.501094864197117;4.247149186287033
284;29;6;4.545514389286029;4.545514389286029;4.570531595173487
285;32;4;2.4362786904938423;2.4362786904938423;2.6899603281370568
286;65;9;4.7793754430315865;4.7793754430315865;5.178715591140561
287;35;7;4.896260959499458;4.896260959499458;5.2049829409851
288;49;6;3.3097157411975595;3.3097157411975595;3.5869840483912214
289;35;7;3.5281930048230454;3.5281930048230454;3.802976924901467
290;42;6;4.30702652423785;4.30702652423785;4.6444397520404515
291;7;5;8.522575253321012;8.522575253321012;4.439072956294615
292;48;7;7.334920571201775;7.334920571201775;7.015138206450559
293;40;7;3.9561000570102043;3.9561000570102043;4.1992727771554375
294;23;2;1.8525405994881001;1.8525405994881001;1.9613173484407573
295;40;6;5.205293799096267;5.205293799096267;5.031956730846319
296;33;5;3.5836401622369034;3.5836401622369034;3.600358589425482
297;62;7;5.600335297999227;5.600335297999227;5.758221967694982
298;45;5;4.079194562242255;4.079194562242255;4.145127277451545
299;39;5;3.081262368927209;3.081262368927209;3.16328262196342
300;71;8;3.457774370628228;3.457774370628228;3.768710510271244
301;44;7;5.781804855447284;5.781804855447284;5.7616614371474935
302;35;5;2.6609599564697213;2.6609599564697213;2.899564147057641
303;35;7;2.9745133724524977;2.9745133724524977;3.289182216116043
304;49;7;4.028618600385286;4.028618600385286;4.00983220154212
305;73;7;4.331890274624925;4.331890274624925;4.605203464764862
306;48;7;4.2357169596694435;4.2357169596694435;4.517683550465031
307;32;7;5.30436938137172;5.30436938137172;5.386408776669977
308;50;6;3.9555590415671285;3.9555590415671285;4.0955703714659775
309;23;5;4.193543955971578;4.193543955971578;4.051173344390293
310;23;5;3.0769053753165347;3.0769053753165347;2.9212707544743286
311;45;7;4.580306983984147;4.580306983984147;4.325295417885145
312;65;8;4.075209465177776;4.075209465177776;4.349926841940365
313;30;6;4.081743158810155;4.081743158810155;3.9067267857422343
314;49;7;3.9090727937625482;3.9090727937625482;3.6166970392986872
315;37;7;3.484759226295906;3.484759226295906;3.75005356073265
316;45;7;4.115353952597005;4.115353952597005;4.461306784607109
317;35;5;3.22050545793543;3.22050545793543;3.2129624234403815
318;37;6;2.613579257156131;2.613579257156131;2.92734264066539
319;45;6;5.3269597351071525;5.3269597351071525;4.391445859739883
320;57;7;3.510221532313399;3.510221532313399;3.7088504615850653
321;17;2;1.3177876239779953;1.3177876239779953;1.5203948644008973
322;58;9;2.646992144135494;2.646992144135494;2.937552742180703
323;23;4;2.5710029040663867;2.5710029040663867;2.7310012279175826
324;42;6;2.3131405838009624;2.3131405838009624;2.6113269465055025
325;46;7;3.7994723041303025;3.7994723041303025;3.6926269627291055
326;51;5;4.901829185032003;4.901829185032003;4.744641120004229
327;35;8;6.10316043033854;6.10316043033854;6.101848567432745
328;33;8;4.878587933573767;4.878587933573767;4.813399008089704
329;45;5;3.254960473349168;3.254960473349168;3.4786891678485614
330;24;7;3.3134530547137984;3.3134530547137984;3.266742615656373
331;37;5;3.3980042049713175;3.3980042049713175;3.62702988259453
332;34;7;5.061761497777078;5.061761497777078;4.352861966180009
333;58;9;2.7679375280513887;2.7679375280513887;3.039208062239256
334;25;2;3.207678395265383;3.207678395265383;2.404121815016352
335;74;7;3.83321266889598;3.83321266889598;4.15141101215937
336;24;6;5.915569731730349;5.915569731730349;5.736578576563854
337;28;6;5.3660574807839385;5.3660574807839385;5.012139223729984
338;21;7;6.903264365532956;6.903264365532956;6.305407176042052
339;66;8;3.912869394128087;3.912869394128087;4.232483089872
340;59;7;3.833351260993762;3.833351260993762;4.150823197350914
341;38;7;5.937858221448377;5.937858221448377;5.869819250237039
342;39;7;3.924999167820437;3.924999167820437;4.205247567377279
343;44;7;3.8839894175020064;3.8839894175020064;3.9837359802737478
344;60;7;3.540663503281546;3.540663503281546;3.6692433847069066
345;24;2;2.7199133572665226;2.7199133572665226;2.4762966857673456
346;24;6;5.0936011575176385;5.0936011575176385;4.830508521162704
347;26;8;6.110133706722253;6.110133706722253;6.193734505140847
348;40;7;4.053152927999625;4.053152927999625;4.282752677553292
349;36;7;3.799956296283767;3.799956296283767;3.9860005952441124
350;42;6;3.61239459234321;3.61239459234321;3.9328146942727122
351;13;6;6.6008675440317806;6.6008675440317806;4.601553107297931
352;10;7;5.982962779324661;5.982962779324661;4.977852075775019
353;30;7;4.553350104107957;4.553350104107957;4.551742465991675
354;26;5;3.0561229174690197;3.0561229174690197;3.623477345854987
355;56;5;3.1005743621383566;3.1005743621383566;3.3031838467419434
356;44;7;4.7016993254062855;4.7016993254062855;4.964432396004313
357;39;7;4.681002471852604;4.681002471852604;4.790657102600629
358;60;9;5.874846222796684;5.874846222796684;5.841527230434807
359;51;6;2.847423861632079;2.847423861632079;3.0687827927539115
360;47;8;4.504005545259752;4.504005545259752;4.556546015858389
361;39;6;4.953648199766259;4.953648199766259;4.541716511383841
362;33;5;2.9110655696306016;2.9110655696306016;3.2286729415135245
363;68;8;6.3005711112124185;6.3005711112124185;6.353631467038022
364;51;9;7.239796459294876;7.239796459294876;7.0291056421909905
365;29;5;3.5550456745969665;3.5550456745969665;3.489547657673038
366;64;8;4.329292078871833;4.329292078871833;4.476517253753873
367;40;8;3.953730958315106;3.953730958315106;4.266422755666809
368;49;6;3.54540662950461;3.54540662950461;3.9160567543783724
369;27;7;4.91786442150855;4.91786442150855;4.294300201833653
370;32;5;2.7528876692340556;2.7528876692340556;2.8130940300056704
371;30;5;3.1417007075366277;3.1417007075366277;3.2185377525235728
372;53;8;4.479513720858312;4.479513720858312;4.724875182539012
373;34;5;2.8181982965297636;2.8181982965297636;3.2118311790843515
374;38;7;1.9473562031471772;1.9473562031471772;2.3242435291520476
375;28;5;5.401269766005371;5.401269766005371;3.532038448846378
376;60;8;4.31550447257983;4.31550447257983;4.376463052466218
377;74;7;4.46521838979072;4.46521838979072;4.634600791902639
378;49;5;3.077090979132958;3.077090979132958;3.386877312164167
379;78;8;5.019661753362006;5.019661753362006;5.321409794990227
380;33;7;3.963170011775898;3.963170011775898;4.053520369487245
381;21;2;1.5620028619309783;1.5620028619309783;1.662794956772013
382;38;8;4.313761552458016;4.313761552458016;4.510300940946529
383;49;8;5.277612676298956;5.277612676298956;5.02372011124496
384;36;6;4.85658917378787;4.85658917378787;4.899219688030489
385;24;7;6.477743439155968;6.477743439155968;5.27041854253506
386;50;6;2.515355145643172;2.515355145643172;2.8899288709779114
387;56;7;6.202407457331866;6.202407457331866;6.285665448360848
388;3;4;7.718021081495734;7.718021081495734;3.525773230354133
389;44;6;3.3444429340155453;3.3444429340155453;3.282433557422007
390;29;8;3.671532432732961;3.671532432732961;3.217743400814139
391;28;6;4.36763073903303;4.36763073903303;4.221328664577561
392;22;7;5.846679736497972;5.846679736497972;5.522003223386679
393;52;8;5.875923570567819;5.875923570567819;5.925079145608779
394;14;4;2.8758067674189665;2.8758067674189665;3.093961364995991
395;34;5;4.266355317041013;4.266355317041013;4.2080290092178565
396;18;2;1.270239564557728;1.270239564557728;1.5053275544253364
397;51;7;5.59464061790172;5.59464061790172;5.614896728952671
398;39;5;2.457683638194527;2.457683638194527;2.7349661230771924
399;33;7;2.5247273625946183;2.5247273625946183;3.163944622127064
400;45;7;3.8542618078071063;3.8542618078071063;3.941163553738598
401;40;6;5.220665514121055;5.220665514121055;4.998702554505546
402;30;7;4.800792415415986;4.800792415415986;4.568148655268474
403;21;5;4.27519607511822;4.27519607511822;4.211598100775123
404;35;6;3.1325100098737426;3.1325100098737426;3.2514064004026517
405;56;7;4.282229542410521;4.282229542410521;4.68741068692942
406;48;8;4.183161831234802;4.183161831234802;4.454257839595334
407;39;7;5.307988026851569;5.307988026851569;5.371118614679741
408;64;7;3.6983613279313095;3.6983613279313095;3.8896441289255015
409;38;5;2.6785885161932144;2.6785885161932144;3.0575465987479493
410;42;6;3.7950192983453483;3.7950192983453483;3.8930869611117234
411;35;6;2.073042814444905;2.073042814444905;2.406921357274715
412;74;8;3.9509410385514534;3.9509410385514534;4.23321248742163
413;21;7;3.639364844013117;3.639364844013117;3.737100622949756
414;32;8;3.2571746268854356;3.2571746268854356;3.34315307823973
415;27;7;5.320427863239958;5.320427863239958;4.98014316378201
416;39;7;2.9485660742459228;2.9485660742459228;3.1556475406569184
417;33;5;3.722605865799784;3.722605865799784;3.765602505280554
418;44;8;5.750760953121425;5.750760953121425;5.707875476939609
419;37;7;3.314911900457947;3.314911900457947;3.5873588295269596
420;36;8;3.324205379099191;3.324205379099191;3.535171181271129
421;42;7;4.598536706789385;4.598536706789385;4.6812172665732215
422;21;5;4.482882348184633;4.482882348184633;4.262388155157025
423;41;8;3.2075542278222895;3.2075542278222895;3.2715067820228874
424;41;5;2.979242485068103;2.979242485068103;3.1172432261687884
425;31;7;3.8057021147471506;3.8057021147471506;3.8588821064181666
426;82;8;3.8124181267467434;3.8124181267467434;4.097276193606267
427;40;5;3.1709157283323557;3.1709157283323557;3.569863572240337
428;39;6;4.154764311764323;4.154764311764323;4.399052144447894
429;63;6;5.086931633908352;5.086931633908352;5.058086876643338
430;74;8;4.593430397258757;4.593430397258757;4.690395512192435
431;19;6;4.742565100329841;4.742565100329841;4.1749553227166585
432;27;8;4.492223821087362;4.492223821087362;4.432062178017686
433;76;8;4.065029469337572;4.065029469337572;3.960283514899669
434;17;6;4.117537202536496;4.117537202536496;4.091123166805941
435;45;7;3.377056127006707;3.377056127006707;3.741632182601643
436;45;7;3.7179318953423284;3.7179318953423284;3.921540402211861
437;30;7;7.530773215747663;7.530773215747663;5.558788630424662
438;22;5;2.653126400291223;2.653126400291223;3.2648501533510874
439;25;6;3.7009592777544404;3.7009592777544404;3.609348424865298
440;36;6;2.847635208259595;2.847635208259595;2.980968430671154
441;28;7;3.2533056578752664;3.2533056578752664;3.4448655410032565
442;45;6;4.025109841480381;4.025109841480381;4.035365016955827
443;48;5;2.7402914591679326;2.7402914591679326;3.094106727809747
444;23;2;3.162536064741188;3.162536064741188;2.6972247707899473
445;41;7;4.815448421580413;4.815448421580413;4.690734537587461
446;41;5;3.0177486532317572;3.0177486532317572;3.266755240212162
447;23;6;4.477867822193624;4.477867822193624;4.17345029026169
448;46;7;4.9544820565780245;4.9544820565780245;4.956908695779809
449;52;7;4.880393107719676;4.880393107719676;4.81561238864438
450;31;8;4.370109344680155;4.370109344680155;4.272141174561401
451;38;5;3.560875930974909;3.560875930974909;3.610367855110488
452;39;5;2.7822113082210564;2.7822113082210564;2.93969830470761
453;53;8;4.959172189149251;4.959172189149251;5.10556496493974
454;56;5;3.2892635986901912;3.2892635986901912;3.583273091346255
455;67;7;5.0671300825357575;5.0671300825357575;4.611192926122332
456;21;5;4.248528739135409;4.248528739135409;4.272174497456022
457;36;7;3.105550404146177;3.105550404146177;3.483013376753146
458;13;6;5.03896329232238;5.03896329232238;4.153918352390234
459;31;5;2.9325921811083826;2.9325921811083826;3.078024240505271
460;24;5;2.9277481208187655;2.9277481208187655;3.4366831451954325
461;58;6;3.4809513864996706;3.4809513864996706;3.795138832474178
462;38;5;2.6100122357565576;2.6100122357565576;3.0045462551918867
463;11;8;5.983273271378528;5.983273271378528;3.8807688003115772
464;45;5;2.8392296798590086;2.8392296798590086;3.1588604967676814
465;61;7;4.776870806213426;4.776870806213426;4.89957288636723
466;50;7;5.6690296958971205;5.6690296958971205;5.586361687256152
467;37;7;3.2330079335755775;3.2330079335755775;3.5024201281952108
468;64;8;4.30546265308483;4.30546265308483;4.450957728466335
469;27;7;3.3248757074474145;3.3248757074474145;3.6506821187098257
470;36;5;3.550590109679912;3.550590109679912;3.8585390650076574
471;38;7;3.8586047820730807;3.8586047820730807;4.006347839802902
472;32;6;4.8861195409066305;4.8861195409066305;3.678881795342475
473;57;6;3.9405587194142284;3.9405587194142284;3.9203643159134796
474;40;8;5.960941122949572;5.960941122949572;5.829454028417432
475;41;6;3.9161706721180307;3.9161706721180307;4.000361156800216
476;46;6;3.080768690396058;3.080768690396058;3.049938092789475
477;60;7;4.284566416083781;4.284566416083781;4.214924387872749
478;48;6;2.7322480234680873;2.7322480234680873;2.953430434924467
479;45;9;2.2966071276450095;2.2966071276450095;2.563690776905359
480;52;7;4.565721933399752;4.565721933399752;4.553240734263336
481;48;7;4.89422397405343;4.89422397405343;4.636339860979784
482;29;4;2.7342059153822773;2.7342059153822773;2.9847264099728794
483;49;7;4.296996866562556;4.296996866562556;4.427435905464667
484;40;7;2.946104606357425;2.946104606357425;3.3557086256421162
485;19;7;6.04127063648346;6.04127063648346;5.6523607876083775
486;51;7;2.9074301838061265;2.9074301838061265;3.1556941824523537
487;45;7;3.21412540087884;3.21412540087884;3.3841456567988515
488;20;8;5.176869553224732;5.176869553224732;4.782632900425964
489;31;7;3.866111216723987;3.866111216723987;4.076408276368578
490;57;8;4.1876809076910275;4.1876809076910275;4.263604864557989
491;45;8;4.831629683135924;4.831629683135924;4.776145453722185
492;58;8;4.313959744856976;4.313959744856976;4.124720168380863
493;32;7;3.9775570900202157;3.9775570900202157;4.026559448832198
494;23;2;1.6309186583360193;1.6309186583360193;1.7959909022731293
495;40;7;3.9574099725987972;3.9574099725987972;4.1325337631386505
496;36;7;4.249458900529269;4.249458900529269;4.586946693821327
497;28;7;5.2163584961229965;5.2163584961229965;5.17049623765389
498;34;7;1.8035462773886382;1.8035462773886382;2.1786683349239726
499;26;7;3.616339707735448;3.616339707735448;3.4871082671876987
500;46;6;3.5413154420870407;3.5413154420870407;3.4439426907867836
501;55;8;3.8557354620619626;3.8557354620619626;4.054953942172566
502;55;8;3.967482657859994;3.967482657859994;4.282814293532756
503;31;7;5.5495677801569085;5.5495677801569085;5.8055883804167525
504;52;6;3.8612530553326514;3.8612530553326514;4.12306345205165
505;65;8;4.056943861323734;4.056943861323734;4.207861118998065
506;28;7;6.250251499562291;6.250251499562291;5.7376275206164875
507;29;7;3.9527007481442524;3.9527007481442524;4.08342008985254
508;41;7;5.202239957268635;5.202239957268635;5.085300604482977
509;37;7;3.266235294218764;3.266235294218764;3.6173125433696907
510;50;8;2.2711508928111246;2.2711508928111246;2.495714639053008
511;30;5;3.8865755527800623;3.8865755527800623;3.9474910912724055
512;40;6;4.126525905443514;4.126525905443514;3.9723590345478725
513;25;5;3.6971181138941662;3.6971181138941662;3.5243434800564484
514;50;7;4.155170887921821;4.155170887921821;4.5969174901281855
515;34;7;3.487474668951457;3.487474668951457;3.586134557965983
516;20;7;6.886933364058636;6.886933364058636;5.888913387213632
517;40;7;4.014924185356384;4.014924185356384;4.114571270702134
518;44;7;6.432696654679785;6.432696654679785;6.1145869608908825
519;36;7;3.658043562342842;3.658043562342842;3.94021820587295
520;39;5;2.5884868474165375;2.5884868474165375;2.9430065450387435
521;50;7;4.861380211039975;4.861380211039975;4.983999283443013
522;19;6;4.029957079060103;4.029957079060103;4.073460762455311
523;7;5;9.359208799693429;9.359208799693429;5.081014990591084
524;52;7;4.164816812173241;4.164816812173241;4.204685550181628
525;47;8;4.3192291256386435;4.3192291256386435;4.638028951926789
526;48;6;2.791699698734157;2.791699698734157;3.03972556536365
527;34;6;4.27701886918474;4.27701886918474;4.265370199892084
528;33;5;2.641365380923012;2.641365380923012;3.0191548009824034
529;46;8;2.33335153923017;2.33335153923017;2.5466743761424264
530;31;5;3.412436388996539;3.412436388996539;3.5493452567435906
531;23;2;1.5781592160292273;1.5781592160292273;1.6889413495636614
532;28;5;3.6911887177157556;3.6911887177157556;3.5912561349410743
533;53;6;5.514359472326119;5.514359472326119;5.413199212683265
534;41;7;3.206997788333116;3.206997788333116;3.466635812658051
535;38;7;5.026987664177286;5.026987664177286;5.18304155844447
536;63;7;4.686734338206838;4.686734338206838;4.867372177687708
537;34;5;3.954726306439851;3.954726306439851;4.114380294454885
538;43;6;3.405033884154421;3.405033884154421;3.7266580270759406
539;23;2;2.0658644958481953;2.0658644958481953;2.0551224103061405
540;38;6;3.8074883455554165;3.8074883455554165;4.01345698031802
541;28;6;2.8194196933415694;2.8194196933415694;3.167461451850537
542;37;5;2.4234769239841523;2.4234769239841523;2.655040374310575
543;46;6;2.8041043963997594;2.8041043963997594;3.0577787907342406
544;27;8;7.3786092353230375;7.3786092353230375;6.660008731018002
545;34;6;4.159510962606732;4.159510962606732;4.519373370147228
546;29;7;4.026207302169956;4.026207302169956;3.98106334315662
547;48;7;3.442054758716083;3.442054758716083;3.6743290654051077
548;51;6;3.937503816053147;3.937503816053147;4.222088406674442
549;47;7;3.7379853904814273;3.7379853904814273;3.8103081654428537
550;40;7;2.8045516498487713;2.8045516498487713;2.8973465123721334
551;27;7;4.261905958207364;4.261905958207364;4.341594127737711
552;46;6;2.5688431600087394;2.5688431600087394;2.891828510698723
553;46;8;3.560571619168184;3.560571619168184;3.3875131558832936
554;42;6;4.614723269022389;4.614723269022389;4.511913434319429
555;19;5;2.605248414904258;2.605248414904258;3.190878229180326
556;23;2;3.2496743450511;3.2496743450511;2.7679909453851037
557;68;7;5.121899843842423;5.121899843842423;5.1745084372436665
558;49;8;2.3756903680048156;2.3756903680048156;2.7084061087862388
559;36;7;3.8060362474184535;3.8060362474184535;3.875876866295689
560;40;7;4.431831598881975;4.431831598881975;4.540075065061335
561;47;5;4.327555254716376;4.327555254716376;4.347871688208868
562;45;7;5.052948626273219;5.052948626273219;5.050871992177097
563;29;7;7.258103262224067;7.258103262224067;6.915221258252984
564;30;4;2.7563852549661494;2.7563852549661494;2.8673753346814594
565;40;6;4.195378634684228;4.195378634684228;4.093784841663415
566;26;7;3.604768622740761;3.604768622740761;3.4896986895108637
567;33;6;4.482047288479895;4.482047288479895;4.616661859566718
568;53;8;3.154387527677583;3.154387527677583;3.4151844421831252
569;21;7;3.4566634315433356;3.4566634315433356;3.5598371463408403
570;41;7;3.3176442675397784;3.3176442675397784;3.6686004550714686
571;42;8;5.55523938457195;5.55523938457195;5.349750780666499
572;49;8;4.073892748893838;4.073892748893838;4.382310071299607
573;29;8;2.2839823859621586;2.2839823859621586;2.488745874305574
574;48;6;3.4317054986361706;3.4317054986361706;3.7887257290207006
575;49;7;3.9085066752306927;3.9085066752306927;4.268736100211948
576;71;7;3.235664303499288;3.235664303499288;3.5970332060190655
577;23;5;3.4741848057190796;3.4741848057190796;3.415880381372968
578;45;5;6.503663243585033;6.503663243585033;6.373486045054543
579;67;7;6.0658774798603865;6.0658774798603865;6.008798140637633
580;39;9;2.8087279339958298;2.8087279339958298;2.8082938006022715
581;38;7;4.277505678204356;4.277505678204356;4.805041449813736
582;47;7;4.143246966939202;4.143246966939202;4.3692508830035806
583;49;7;3.368760268639759;3.368760268639759;3.8692987978133453
584;52;7;3.890295225351797;3.890295225351797;3.9521525064147642
585;32;5;3.7620758571110837;3.7620758571110837;3.569923053422024
586;39;6;4.118688956076639;4.118688956076639;3.519828657273419
587;46;8;4.81696891753569;4.81696891753569;4.882077151863946
588;48;8;3.9972928167295585;3.9972928167295585;4.192287933391208
589;56;7;3.7039694180073637;3.7039694180073637;3.6716148383526335
590;65;8;2.719342364718869;2.719342364718869;2.937556849109295
591;53;7;4.203613489199101;4.203613489199101;4.43356490685958
592;55;7;4.8255676691155465;4.8255676691155465;4.9641393762525015
593;37;7;4.748957664441828;4.748957664441828;4.70666641735395
594;39;7;3.523148038046592;3.523148038046592;3.8857344724205753
595;23;4;2.658608833252911;2.658608833252911;2.9216282030076184
596;46;5;2.587629908832824;2.587629908832824;2.938728862180966
597;26;5;3.649489489786978;3.649489489786978;3.711233470259525
598;14;5;5.361266763452864;5.361266763452864;3.9324865571662437
599;29;6;3.073062304791921;3.073062304791921;3.508714389284364
600;36;5;2.386091442916163;2.386091442916163;2.855828595115566
601;26;5;3.5391251802568937;3.5391251802568937;3.7376444439498173
602;38;7;3.6467925163965274;3.6467925163965274;3.5908585781670808
603;38;5;3.566185369466083;3.566185369466083;3.600481800904489
604;40;5;2.54200961425189;2.54200961425189;2.86700569279654
605;50;7;3.912291421048591;3.912291421048591;3.9890385367727412
606;37;7;3.1354574536122564;3.1354574536122564;3.312052559314601
607;35;5;2.7541753636624398;2.7541753636624398;2.9371633262677848
608;34;7;4.398218900085961;4.398218900085961;4.368765126055979
609;37;8;2.6660617769981063;2.6660617769981063;2.629998297756706
610;45;7;4.058341001095655;4.058341001095655;4.185699851836513
611;42;7;2.487568637781849;2.487568637781849;2.820701156426615
612;21;7;2.1073860799415094;2.1073860799415094;2.0359718372167026
613;42;5;2.7165782203901085;2.7165782203901085;3.005248419064952
614;20;6;2.3556277282141473;2.3556277282141473;2.2393634033340035
615;24;7;3.135950726907809;3.135950726907809;3.1255232615081407
616;45;6;7.0024313364227595;7.0024313364227595;6.772012694674799
617;40;5;2.8077814000626833;2.8077814000626833;3.007914288319874
618;58;7;3.9060267777274085;3.9060267777274085;4.162248877429888
619;31;7;3.419177467867407;3.419177467867407;3.710764802011159
620;38;7;3.185199731704099;3.185199731704099;3.317271647334102
621;13;7;4.7490499588403825;4.7490499588403825;4.25845885893584
622;35;5;2.9783282884066136;2.9783282884066136;2.9538758176115776
623;24;7;4.15241181247279;4.15241181247279;4.225456117571903
624;26;6;5.985635980201211;5.985635980201211;5.603405942656493
625;61;7;5.093064338227155;5.093064338227155;5.013753942708558
626;40;7;3.3396109012423842;3.3396109012423842;3.7867797511368653
627;43;7;3.236434231516561;3.236434231516561;3.650151627365924
628;45;5;2.8262281195481576;2.8262281195481576;3.1900780737154304
629;34;6;2.732370198453679;2.732370198453679;3.023218393296605
630;52;7;5.0775567085636615;5.0775567085636615;5.281836141267066
631;21;6;4.04031625554376;4.04031625554376;4.036731471493994
632;37;7;4.411785200465238;4.411785200465238;4.278000047085659
633;46;6;3.170331094526513;3.170331094526513;3.364172261532883
634;42;7;2.9307537171483746;2.9307537171483746;3.2874372625864345
635;56;8;4.636122567640667;4.636122567640667;4.908789635624188
636;25;7;3.883711465412099;3.883711465412099;3.9216991813873023
637;62;7;3.338022733915198;3.338022733915198;3.4321424327446266
638;38;5;3.8263785585702985;3.8263785585702985;3.7511784360783182
639;43;7;3.3121198631238906;3.3121198631238906;3.5498101737987864
640;15;5;3.3379067335715593;3.3379067335715593;3.4440703384129465
641;35;7;7.661170696417415;7.661170696417415;6.8005910209027
642;43;5;3.471480120664298;3.471480120664298;3.867550847407581
643;52;5;3.9092750354833306;3.9092750354833306;3.9905594695209747
644;37;7;5.0309213368162204;5.0309213368162204;4.9820090332046485
645;56;8;4.954194581023196;4.954194581023196;5.164955812923606
646;44;5;2.5960306109109297;2.5960306109109297;2.880234701494107
647;21;7;4.45801625449947;4.45801625449947;4.755698633241898
648;57;7;3.608073878923118;3.608073878923118;3.8994284009671354
649;57;7;4.370315081043589;4.370315081043589;4.505982993701553
650;44;6;3.0984237452046863;3.0984237452046863;3.4873722542098147
651;28;6;6.4831917591207;6.4831917591207;6.311641940102584
652;27;5;2.8969614971944933;2.8969614971944933;2.9334737042644927
653;30;5;2.76487110181534;2.76487110181534;2.928257577266583
654;44;6;4.670108779807713;4.670108779807713;4.441194065420089
655;29;7;2.0928964228374225;2.0928964228374225;2.333493753195474
656;55;7;5.010412378639536;5.010412378639536;5.2128690880668485
657;62;7;4.6220773839406;4.6220773839406;4.5539928948894195
658;30;5;3.3298292504600018;3.3298292504600018;3.562738760266705
659;28;4;3.151965673042287;3.151965673042287;3.306671934764492
660;21;5;2.790797718785293;2.790797718785293;3.0680350626591197
661;36;6;4.010727642437893;4.010727642437893;4.153473564463638
662;16;6;6.942974121036104;6.942974121036104;5.538716958064754
663;31;5;3.5787018360447673;3.5787018360447673;3.528153514366105
664;26;4;3.290363744898183;3.290363744898183;3.5155786138206486
665;35;7;4.340952474644377;4.340952474644377;4.057192400686732
666;29;5;2.8904812476942667;2.8904812476942667;3.000515272482998
667;49;6;4.7796514838949085;4.7796514838949085;4.9097875421420705
668;26;8;4.4987819234832225;4.4987819234832225;4.304402369017012
669;45;8;3.609276572271655;3.609276572271655;3.5729144345426698
670;21;5;2.7421624989768256;2.7421624989768256;2.8903377888228707
671;38;5;3.3228987986059786;3.3228987986059786;3.2827525097362424
672;35;6;4.763643398939125;4.763643398939125;4.430885607510383
673;25;6;5.100845201041243;5.100845201041243;4.632232261772854
674;50;6;3.93039672047043;3.93039672047043;4.254750274548013
675;37;6;3.6345125419116107;3.6345125419116107;3.2616844055925855
676;42;8;5.285577097504569;5.285577097504569;5.338386221988897
677;41;7;4.703207686430383;4.703207686430383;4.523878239970975
678;47;8;3.453730738736977;3.453730738736977;3.5628480993404867
679;54;6;4.571442681500491;4.571442681500491;4.802994202902482
680;43;8;4.796515197524389;4.796515197524389;4.63895922135491
681;39;5;3.121715461407858;3.121715461407858;3.4446672675795105
682;31;7;2.6034797405779644;2.6034797405779644;2.9536962368211968
683;21;2;1.4209591554646428;1.4209591554646428;1.592511625687225
684;41;5;2.578242282088921;2.578242282088921;2.8551188444024693
685;34;8;2.999164208165409;2.999164208165409;2.8295233368556705
686;54;6;4.514413063212566;4.514413063212566;4.5130425000869705
687;18;2;1.6257927151451605;1.6257927151451605;1.6122692838103936
688;46;6;2.695469737075441;2.695469737075441;3.0018922039625684
689;46;5;3.957718700376299;3.957718700376299;4.080532768793872
690;42;6;3.262055095444864;3.262055095444864;3.417059094651479
691;32;7;4.993850044063651;4.993850044063651;4.616248702938606
692;56;7;3.058508338303124;3.058508338303124;3.3225761694118687
693;30;8;2.669893388494001;2.669893388494001;2.7947344079402328
694;49;5;2.866419361332641;2.866419361332641;3.048600039724309
695;41;7;4.055761709976844;4.055761709976844;4.269319737954128
696;33;5;6.016576434465461;6.016576434465461;5.5601717040436425
697;37;5;3.3037120971986664;3.3037120971986664;3.452427702403425
698;60;8;4.522164736913725;4.522164736913725;5.0205306749824885
699;24;4;3.7665604705075286;3.7665604705075286;3.43680537425345
700;44;7;4.443594713043012;4.443594713043012;4.494584585880132
701;59;7;4.1099131376554;4.1099131376554;4.449813927547126
702;28;5;2.9988664236279985;2.9988664236279985;3.071799316711725
703;25;5;4.464201875826808;4.464201875826808;4.260410268202248
704;37;7;4.088928607011428;4.088928607011428;4.161420774147795
705;59;7;3.7961075332453396;3.7961075332453396;4.214146197556499
706;7;4;8.66599478207703;8.66599478207703;4.323342954071258
707;35;5;3.6621509980414824;3.6621509980414824;3.8510239759245004
708;41;7;2.373341106188085;2.373341106188085;2.8491154244382058
709;39;5;2.806783103594742;2.806783103594742;3.0565158211483463
710;33;5;5.125905138836111;5.125905138836111;3.7526875196780285
711;19;5;3.297839600442483;3.297839600442483;3.3201140934364037
712;45;7;2.9634046690188476;2.9634046690188476;3.1755898623772763
713;64;7;3.682743991160166;3.682743991160166;3.919638204007722
714;36;8;4.734380143293129;4.734380143293129;4.710714704033033
715;48;7;4.154619416256361;4.154619416256361;3.875143603219452
716;43;6;2.7071684783249554;2.7071684783249554;2.824249998371691
717;28;4;2.9346287749571394;2.9346287749571394;3.0497442031790833
718;29;6;4.43231506985668;4.43231506985668;4.2063188741688995
719;64;7;3.32450714081715;3.32450714081715;3.899627787788702
720;44;5;3.086383488130385;3.086383488130385;3.2944003358267113
721;25;6;3.8108754330155947;3.8108754330155947;3.942283549155856
722;53;9;4.269406946484807;4.269406946484807;4.520784910884221
723;40;6;4.288541039180823;4.288541039180823;4.470405100755109
724;43;8;4.536894888559963;4.536894888559963;4.604283430446129
725;48;8;4.267323088618095;4.267323088618095;4.594628572417478
726;42;6;3.1419506973814593;3.1419506973814593;3.3251884961448184
727;34;6;5.494658568696073;5.494658568696073;5.319218102357018
728;41;6;4.435013104373588;4.435013104373588;4.322034522555977
729;33;6;4.110989108055923;4.110989108055923;3.9654838213884016
730;54;6;4.625685989040038;4.625685989040038;4.401468583986824
731;25;2;3.462198213449639;3.462198213449639;2.796037294561977
732;37;6;3.3311376062545945;3.3311376062545945;3.649703127533887
733;18;2;1.2634131096597243;1.2634131096597243;1.5060251422544078
734;25;7;4.149011714900995;4.149011714900995;4.37394749487479
735;17;7;4.928455611033985;4.928455611033985;4.582146896384311
736;52;7;3.1729167426285034;3.1729167426285034;3.383055843591223
737;19;6;5.2810101330274986;5.2810101330274986;4.5276016158718555
738;50;7;5.727959381860992;5.727959381860992;5.048443094452293
739;47;8;4.823567884294446;4.823567884294446;4.928806458807996
740;68;7;4.882124750002183;4.882124750002183;4.885284257442992
741;52;7;4.197753557983546;4.197753557983546;4.30585516112951
742;46;6;5.054104979734258;5.054104979734258;4.9392863728043395
743;42;6;3.0314733022135907;3.0314733022135907;3.2071150045649235
744;48;8;3.9238499526548005;3.9238499526548005;4.1645492370598465
745;42;7;5.308481561678804;5.308481561678804;5.234604197425661
746;46;7;3.095685950065927;3.095685950065927;3.3164901459336273
747;54;8;3.4229561173756373;3.4229561173756373;3.6200565158920277
748;37;8;6.048215985155994;6.048215985155994;5.9955590258214615
749;22;4;3.320761911345211;3.320761911345211;3.0744746328553085
750;42;6;3.249302223595026;3.249302223595026;3.46277293438773
751;36;7;2.155692467688572;2.155692467688572;2.458858088961142
752;32;4;3.2982419573536093;3.2982419573536093;3.325428155666451
753;31;6;3.92594897027129;3.92594897027129;3.935659992445809
754;40;6;3.6302139947059424;3.6302139947059424;3.9435732092885547
755;41;6;2.8243159164910865;2.8243159164910865;2.9413859908019946
756;21;5;3.036941032759641;3.036941032759641;3.210119757614463
757;36;8;6.921058333930153;6.921058333930153;6.704145268497212
758;54;8;5.016992487740463;5.016992487740463;5.030650388549801
759;34;7;3.6358456587904078;3.6358456587904078;3.643890456600614
760;43;6;2.86294818520098;2.86294818520098;3.0920767048071274
761;33;6;4.062499462519862;4.062499462519862;3.859070783650913
762;33;7;3.4168930817896594;3.4168930817896594;3.721542082293606
763;31;7;5.611235208345651;5.611235208345651;5.424792220772267
764;32;7;2.9654795317361096;2.9654795317361096;3.0777438993106143
765;60;7;3.3557239462901816;3.3557239462901816;3.5223788524311255
766;48;6;2.635082309645016;2.635082309645016;2.89221540951153
767;55;7;3.87371095198967;3.87371095198967;4.23662255746239
768;51;6;3.4132578219626506;3.4132578219626506;3.6622361525082696
769;27;6;4.8137330291718685;4.8137330291718685;4.583144280746437
770;27;8;3.857463841971129;3.857463841971129;3.3847354977532347
771;28;6;3.6801598029152687;3.6801598029152687;3.7272631017646654
772;19;4;2.809069351538948;2.809069351538948;2.848855790826678
773;47;6;5.916188898360759;5.916188898360759;5.6727196266598465
774;56;8;3.987455747196643;3.987455747196643;4.300856273242326
775;38;5;3.32743526934687;3.32743526934687;3.18270339426544
776;54;6;4.095780816218296;4.095780816218296;3.9923330374201664
777;24;2;2.9943728890582335;2.9943728890582335;2.63210575972057
778;34;7;3.8875099656331766;3.8875099656331766;4.350058114721334
779;33;7;4.290652698824419;4.290652698824419;4.217656064079426
780;52;7;3.2067839895378962;3.2067839895378962;3.50793029518061
781;24;6;2.9581039022017763;2.9581039022017763;3.186760999670503
782;43;6;3.486297087667775;3.486297087667775;3.660424602553242
783;75;8;4.3828716844891495;4.3828716844891495;4.7361030160809845
784;34;7;2.132548204297817;2.132548204297817;2.225570511145842
785;52;8;2.116003717320807;2.116003717320807;2.478879048718537
786;67;8;2.7546913386457184;2.7546913386457184;3.1025391710684618
787;41;6;5.265639269000075;5.265639269000075;5.549205892142252
788;64;7;4.029882872437091;4.029882872437091;4.224448448929812
789;32;6;5.4681090317131185;5.4681090317131185;5.550360440037936
790;42;8;2.2151507199244853;2.2151507199244853;2.407284580753518
791;31;5;3.32682526856402;3.32682526856402;3.479994242546369
792;13;6;4.5491801017071065;4.5491801017071065;4.052784126965342
793;38;6;3.661595023635775;3.661595023635775;3.751971344308587
794;77;8;3.7578145003303685;3.7578145003303685;4.141755098937453
795;29;7;3.5480691338156136;3.5480691338156136;3.883365156498334
796;45;5;4.612529705183839;4.612529705183839;4.783282015206992
797;31;6;5.364370922153818;5.364370922153818;5.063174860769346
798;54;7;3.899308132473031;3.899308132473031;4.215687698190705
799;52;6;3.7061983577364894;3.7061983577364894;4.061240768837345
800;72;7;5.970625719723363;5.970625719723363;6.035453251375402
801;76;7;4.722736898004639;4.722736898004639;4.980224973620747
802;32;5;3.54158433896297;3.54158433896297;3.7451259988920045
803;24;5;3.2831348752651746;3.2831348752651746;3.5663028811160897
804;51;7;3.277450070748666;3.277450070748666;3.4953284519534966
805;50;8;3.989496449710316;3.989496449710316;4.133033106745378
806;55;8;5.703448661669922;5.703448661669922;5.73048029116198
807;30;7;3.738567585089234;3.738567585089234;3.9175489919057407
808;50;7;5.076016243250452;5.076016243250452;5.112349564943764
809;13;5;4.985655871263003;4.985655871263003;4.797391588147957
810;62;8;3.5228731875098065;3.5228731875098065;3.825487164123107
811;46;7;5.410847073364371;5.410847073364371;5.434066327119019
812;37;6;2.9425670327416658;2.9425670327416658;3.14154231608676
813;37;7;3.560162919725085;3.560162919725085;3.6483360149299173
814;53;7;2.854033841488246;2.854033841488246;3.19644712471591
815;11;6;7.200131663125377;7.200131663125377;5.367624758545472
816;45;8;4.116657002895438;4.116657002895438;3.986475002008753
817;61;7;3.2647315325148534;3.2647315325148534;3.6392284399062085
818;39;6;2.8631161021617433;2.8631161021617433;3.118047365182872
819;56;5;3.2733306050906443;3.2733306050906443;3.515003759363104
820;47;7;5.237675075111405;5.237675075111405;5.279276072682378
821;38;7;3.4233857242184382;3.4233857242184382;3.5914694426131164
822;38;7;4.214066878811231;4.214066878811231;4.384375883861431
823;51;6;3.927001979101491;3.927001979101491;4.050442160004599
824;69;8;3.448449629631647;3.448449629631647;3.7231842114418496
825;18;6;5.94602108047019;5.94602108047019;5.230566621573639
826;47;5;4.4364084549885145;4.4364084549885145;4.208802859953479
827;35;6;4.028910154363056;4.028910154363056;3.8464585451131414
828;51;7;4.539360074507316;4.539360074507316;4.683097845394537
829;47;7;2.177933441949445;2.177933441949445;2.6116609881801875
830;23;5;3.4516328847480273;3.4516328847480273;3.5541345886505176
831;30;5;3.0706329260894862;3.0706329260894862;3.233375784431325
832;63;7;5.42154313510037;5.42154313510037;5.40188221826044
833;37;7;4.620679772810759;4.620679772810759;4.403333662416576
834;28;7;3.1223205844549717;3.1223205844549717;3.1921126591744335
835;15;2;1.5349538699704803;1.5349538699704803;1.538422463436428
836;30;5;5.141733230668276;5.141733230668276;4.908921801426325
837;55;7;4.051368199808942;4.051368199808942;4.341562459989901
838;30;9;5.2940493772340105;5.2940493772340105;5.3152530363670465
839;31;5;2.941735675021364;2.941735675021364;3.1726436047772744
840;23;6;3.1228987618163244;3.1228987618163244;3.1810879390224476
841;51;6;3.4105930585713593;3.4105930585713593;3.822200147646466
842;50;7;4.115920676884014;4.115920676884014;4.331599433654371
843;47;7;3.786178483822063;3.786178483822063;3.8909214475966234
844;43;7;7.276057128658737;7.276057128658737;6.639984933101186
845;49;7;3.706727394788866;3.706727394788866;3.804613585223314
