Skewness: 0.36436793363198455, Average LID: LPCA: 3.0  |||  MLE: 3.0378306552778414  |||  MLENB: 3.0378306552778414  |||  TLE: 2.769140914009001
LPCA: nan  |||  MLE: -0.5788759544810365  |||  MLENB: -0.5788759544810365  |||  TLE: -0.09642724008948327
node;in_degree;local_intrinsic_dimensionality_LPCA;local_intrinsic_dimensionality_MLE;local_intrinsic_dimensionality_MLENB;local_intrinsic_dimensionality_TLE
0;39;3;2.6964917336343377;2.6964917336343377;2.678546125111185
1;33;3;2.8668433747289948;2.8668433747289948;2.991640754997563
2;26;3;3.2819918659482528;3.2819918659482528;2.9230475321693605
3;82;3;2.607850115465167;2.607850115465167;2.571031228449315
4;27;3;2.747115254857984;2.747115254857984;2.634121357755504
5;45;3;3.2523289330867318;3.2523289330867318;2.9122312158664503
6;14;3;2.7328064611204383;2.7328064611204383;2.5990274926983075
7;72;3;2.2277777479802694;2.2277777479802694;2.6062079342339604
8;5;3;4.865339411645482;4.865339411645482;2.6914060479817206
9;44;3;2.5767806296356293;2.5767806296356293;2.5876564820522945
10;21;3;2.8280098111624232;2.8280098111624232;2.6724164445581744
11;71;3;2.3139694904353747;2.3139694904353747;2.496918819527599
12;29;3;2.650137399731598;2.650137399731598;2.7560984644106625
13;84;3;2.017784033038289;2.017784033038289;2.293862863087853
14;23;3;3.4261140456308006;3.4261140456308006;3.23581944741544
15;48;3;2.694041789122585;2.694041789122585;2.801913681669704
16;44;3;2.7824653315655246;2.7824653315655246;2.7491181931058204
17;21;3;3.5136092992480683;3.5136092992480683;3.265949805564364
18;35;3;3.0450110176003076;3.0450110176003076;2.697779318507573
19;17;3;3.830645785423179;3.830645785423179;3.2726237840216252
20;45;3;3.0395575171506635;3.0395575171506635;2.911291251262954
21;9;3;3.1975591757953192;3.1975591757953192;2.35007256886822
22;25;3;3.493360514084022;3.493360514084022;2.951968012514776
23;13;3;3.5589589585920667;3.5589589585920667;2.7689902663583434
24;49;3;3.030616444521255;3.030616444521255;2.939129257592296
25;29;3;2.649698524361787;2.649698524361787;2.5972350917412617
26;3;3;5.01885331798802;5.01885331798802;2.0931046891151435
27;11;3;4.549962080825858;4.549962080825858;2.821255070534601
28;29;3;2.3263247890505223;2.3263247890505223;2.4065550872783366
29;28;3;3.4344304326397124;3.4344304326397124;3.0790992630575977
30;60;3;2.8865895721231056;2.8865895721231056;3.0200460906918614
31;31;3;2.725906361822314;2.725906361822314;2.5661489119856395
32;21;3;3.6546380348687433;3.6546380348687433;3.0355183847937397
33;14;3;3.4409371233176533;3.4409371233176533;2.479132814726928
34;84;3;2.315192973635614;2.315192973635614;2.363310696756782
35;84;3;2.9079263961276567;2.9079263961276567;3.0133123163025126
36;18;3;3.604147777910719;3.604147777910719;2.941741335313432
37;23;3;3.207543126022942;3.207543126022942;3.0335583222846862
38;61;3;2.799897956820017;2.799897956820017;2.880014972940051
39;18;3;2.809351636568305;2.809351636568305;2.365328037274358
40;35;3;2.1316974674960854;2.1316974674960854;2.2634354324466757
41;23;3;4.315248891588712;4.315248891588712;3.253028189059312
42;16;3;2.5644580226204248;2.5644580226204248;2.433084496749438
43;57;3;2.853596964100871;2.853596964100871;2.931760615903488
44;52;3;3.4879650526958397;3.4879650526958397;3.2941495277707227
45;79;3;2.3373464358607348;2.3373464358607348;2.607337015247819
46;14;3;2.567102455261893;2.567102455261893;2.30303416346268
47;27;3;2.807641984628508;2.807641984628508;2.7193551379841594
48;28;3;3.857588810545966;3.857588810545966;3.2115294482867838
49;53;3;2.731726545975616;2.731726545975616;2.749140409484312
50;55;3;3.0858918713337053;3.0858918713337053;2.9873410178794173
51;45;3;2.9085441335439643;2.9085441335439643;2.8787827075893833
52;69;3;2.372843475844339;2.372843475844339;2.5369958340930028
53;4;3;5.145692254614737;5.145692254614737;2.682092330721981
54;59;3;3.6312703463667493;3.6312703463667493;3.365807118390176
55;87;3;2.383079964862716;2.383079964862716;2.5817890161375483
56;37;3;3.412846524519465;3.412846524519465;3.0514707723449876
57;26;3;3.785553269771402;3.785553269771402;3.2511344300999525
58;61;3;2.503288696379847;2.503288696379847;2.6263408840982145
59;21;3;2.4530780447218143;2.4530780447218143;2.4179466695129648
60;33;3;2.7951232991526314;2.7951232991526314;2.7977624584615537
61;38;3;2.5118122808649557;2.5118122808649557;2.423131825443757
62;42;3;2.8813432403521935;2.8813432403521935;2.7325906387231838
63;59;3;3.0311365195986477;3.0311365195986477;3.0650096001126887
64;27;3;2.6048977350061002;2.6048977350061002;2.5231426616101977
65;24;3;2.5630523140118466;2.5630523140118466;2.4320825476964427
66;25;3;5.166197687882198;5.166197687882198;3.7642596670331483
67;72;3;2.4451002215710798;2.4451002215710798;2.4734290909645895
68;17;3;2.4272681040299147;2.4272681040299147;2.4203260948257057
69;9;3;3.525740292975322;3.525740292975322;2.1944332211647373
70;49;3;2.3058909551700397;2.3058909551700397;2.4459655992720566
71;85;3;2.252202516482335;2.252202516482335;2.5411352830614464
72;65;3;2.384153199878281;2.384153199878281;2.626576423567393
73;9;3;3.559269173270136;3.559269173270136;2.4848369186368657
74;34;3;2.649937909692396;2.649937909692396;2.74098927715188
75;30;3;4.468911062522848;4.468911062522848;3.833275890167976
76;32;3;3.8133917270611484;3.8133917270611484;3.5566241848729137
77;71;3;2.118320054449597;2.118320054449597;2.6002414303565726
78;28;3;3.6425941665908375;3.6425941665908375;3.2227686280354826
79;24;3;3.5981980086609058;3.5981980086609058;3.3206459286932426
80;36;3;2.9162895876396093;2.9162895876396093;2.969648938468991
81;57;3;2.5851125731508136;2.5851125731508136;2.6242730771433393
82;21;3;2.389555519568416;2.389555519568416;2.3886691204001504
83;13;3;4.700367349735383;4.700367349735383;3.416982041502658
84;17;3;3.9985490464618834;3.9985490464618834;3.0376604998377914
85;37;3;2.5765322146232004;2.5765322146232004;2.5754048683373876
86;28;3;3.465946749060198;3.465946749060198;2.992513647164681
87;12;3;5.971552950470394;5.971552950470394;3.5444173789307003
88;78;3;1.953835267324591;1.953835267324591;2.2786113918682904
89;67;3;2.586900278240522;2.586900278240522;2.7355469230592364
90;66;3;2.0383018152931593;2.0383018152931593;2.6503302967701368
91;54;3;3.099490098317864;3.099490098317864;3.0176236130812493
92;13;3;3.308050579474076;3.308050579474076;2.460405232653849
93;78;3;2.0766563362889086;2.0766563362889086;2.351582044019059
94;44;3;2.892495449816506;2.892495449816506;2.846168794759728
95;24;3;2.8507113712147047;2.8507113712147047;2.7309296255455386
96;59;3;3.1021164802470045;3.1021164802470045;2.9307153025890598
97;66;3;3.140978447203908;3.140978447203908;3.069994159158799
98;12;3;2.82325383109631;2.82325383109631;2.3327840727727978
99;31;3;2.6509109932878108;2.6509109932878108;2.71353462607681
100;68;3;2.51163094618608;2.51163094618608;2.774762072591886
101;16;3;3.326723038133916;3.326723038133916;2.713119720566085
102;73;3;2.5262059956729694;2.5262059956729694;2.759893311506431
103;49;3;3.0483742796089572;3.0483742796089572;3.07086567248632
104;72;3;3.193626799842523;3.193626799842523;3.021912270827616
105;58;3;2.2744562463121767;2.2744562463121767;2.435384880691462
106;52;3;2.649548229972806;2.649548229972806;2.6530177391994565
107;2;3;6.340752719014681;6.340752719014681;2.9661677569124616
108;74;3;1.9692453540831538;1.9692453540831538;2.2402115005945977
109;75;3;2.716411297367908;2.716411297367908;3.0064568934716647
110;34;3;3.8476221958165877;3.8476221958165877;3.377849487203549
111;79;3;2.273403903995464;2.273403903995464;2.4127362372262646
112;72;3;2.565897290057684;2.565897290057684;2.7062238854926073
113;44;3;2.9088990496963483;2.9088990496963483;3.039146496007034
114;16;3;2.5170370570131415;2.5170370570131415;2.5069365848339933
115;12;3;3.530676016505058;3.530676016505058;2.7723987612421737
116;34;3;2.205185487922487;2.205185487922487;2.353097950449617
117;17;3;2.4861508471491924;2.4861508471491924;2.56808448172739
118;37;3;3.2561889628061347;3.2561889628061347;2.8232417730657264
119;64;3;2.0629239418220595;2.0629239418220595;2.662959873773896
120;10;3;4.12826314201521;4.12826314201521;2.8189307762447333
121;16;3;3.169621084819485;3.169621084819485;2.5529652928405566
122;52;3;4.122408011511829;4.122408011511829;3.553687361954575
123;17;3;2.7099544013188184;2.7099544013188184;2.3924685899411897
124;67;3;2.2173700441358504;2.2173700441358504;2.5604973968567317
125;21;3;3.071969960576332;3.071969960576332;2.9009031809033865
126;76;3;2.257638725361852;2.257638725361852;2.550869081042623
127;50;3;2.701365645435166;2.701365645435166;2.7328625273102367
128;48;3;2.578610986450308;2.578610986450308;2.508070030496774
129;49;3;2.6922571802468886;2.6922571802468886;2.6805514243333435
130;17;3;3.2782221347862235;3.2782221347862235;2.5743790475517585
