Skewness: 0.5775740988175105, Average LID: LPCA: 19.54307116104869  |||  MLE: 8.229078161347463  |||  MLENB: 8.229078161347463  |||  TLE: 6.5812078800156595
LPCA: 0.5915163835802015  |||  MLE: -0.4994467735359185  |||  MLENB: -0.4994467735359185  |||  TLE: 0.03524876731358678
node;in_degree;local_intrinsic_dimensionality_LPCA;local_intrinsic_dimensionality_MLE;local_intrinsic_dimensionality_MLENB;local_intrinsic_dimensionality_TLE
0;58;20;7.4845618861343155;7.4845618861343155;6.5365504894890485
1;103;23;6.742281014870082;6.742281014870082;6.375789808550238
2;68;18;9.242207362837739;9.242207362837739;7.514022757134061
3;97;21;7.457226258305291;7.457226258305291;6.737325588158781
4;55;19;9.211526851888882;9.211526851888882;6.939869116476157
5;100;23;7.576856032849249;7.576856032849249;6.80398503068235
6;179;22;6.4665727408056854;6.4665727408056854;6.337601162154818
7;76;19;11.086557846486757;11.086557846486757;8.974898535377946
8;39;19;9.30219706276405;9.30219706276405;7.405120612474072
9;73;16;9.424933402828332;9.424933402828332;7.581063691974847
10;104;21;7.334030950471842;7.334030950471842;6.515863011411549
11;69;20;7.601617834667558;7.601617834667558;6.695513618148705
12;14;20;8.843530909141412;8.843530909141412;6.395304017647308
13;79;21;7.62404497320054;7.62404497320054;6.660340674707731
14;200;22;7.704698842834357;7.704698842834357;7.295001220580456
15;95;22;8.574506338580797;8.574506338580797;7.59735105043265
16;34;13;9.901542429439932;9.901542429439932;6.264770551905052
17;62;21;7.622771592766317;7.622771592766317;6.608552645749659
18;95;24;8.84713544670887;8.84713544670887;7.3861553512110145
19;144;23;5.96927473627907;5.96927473627907;5.632910440819532
20;37;20;8.197570672376917;8.197570672376917;6.360112025004315
21;60;26;9.985432055605362;9.985432055605362;7.839222131488577
22;27;21;10.219090275058608;10.219090275058608;7.277535914182524
23;10;8;12.828905079159911;12.828905079159911;6.312802547473959
24;7;15;19.185189880353818;19.185189880353818;7.1597007153312076
25;107;20;8.191204660637714;8.191204660637714;7.236002478585232
26;80;17;6.456522776497166;6.456522776497166;5.89231788586
27;72;17;6.7183419627553365;6.7183419627553365;5.813570513467452
28;103;23;6.3593974112626634;6.3593974112626634;5.97276987831326
29;21;22;13.851142699205022;13.851142699205022;8.645137444082959
30;43;21;10.443275973062141;10.443275973062141;8.221770192444318
31;42;12;6.495945986916354;6.495945986916354;5.192350223805032
32;31;12;6.81481951673517;6.81481951673517;4.9605799054370205
33;41;15;5.83539328813266;5.83539328813266;4.844896913617513
34;127;23;7.563944484414226;7.563944484414226;6.939771471695037
35;90;20;8.738534699814664;8.738534699814664;7.212554766680488
36;23;22;15.599454344794195;15.599454344794195;10.350100354847651
37;22;11;6.063114553074049;6.063114553074049;4.350303543131312
38;59;16;8.39806196968694;8.39806196968694;6.473653639943712
39;96;19;8.835082878548972;8.835082878548972;7.763788938558564
40;163;24;7.3542988186877105;7.3542988186877105;7.011872457739393
41;128;25;6.087144149955977;6.087144149955977;5.914114963728036
42;110;25;6.585438312577405;6.585438312577405;6.148957668890191
43;144;21;5.951992833565962;5.951992833565962;5.9182905913113055
44;75;24;5.957596802140395;5.957596802140395;5.347495365344561
45;45;20;10.96988084033783;10.96988084033783;8.115780069029668
46;39;24;8.902404868912633;8.902404868912633;6.93002283596856
47;129;24;8.452651307151221;8.452651307151221;7.4665519635045605
48;135;25;5.666417781533964;5.666417781533964;5.7668014953884015
49;23;23;9.379721184988215;9.379721184988215;7.014776945773076
50;77;21;5.9264702848134085;5.9264702848134085;5.596159938737414
51;83;21;6.729748134799692;6.729748134799692;6.083381904904167
52;125;22;5.415860931074259;5.415860931074259;5.412984326672606
53;195;25;7.452914985800403;7.452914985800403;7.205100350162123
54;119;21;7.495449770095982;7.495449770095982;6.917558676780135
55;141;20;6.827121318201598;6.827121318201598;6.373302821393785
56;109;24;7.337916543670059;7.337916543670059;6.71640729249377
57;112;22;5.725369611831042;5.725369611831042;5.4292539285810335
58;50;25;6.902817807720892;6.902817807720892;5.905065533705563
59;133;24;7.645167455688072;7.645167455688072;6.744821932246513
60;114;22;5.389495632062602;5.389495632062602;5.259934921831027
61;74;18;8.650087532879056;8.650087532879056;7.316645865594603
62;128;20;6.277272173258765;6.277272173258765;5.982398941542032
63;80;21;8.44515711791466;8.44515711791466;7.524589833565862
64;132;26;5.661336441466576;5.661336441466576;5.696562741260287
65;91;21;6.297321064446149;6.297321064446149;5.839160877960415
66;164;24;5.870289902376979;5.870289902376979;5.812736570438269
67;116;23;6.337581684073994;6.337581684073994;6.071154057427264
68;128;22;5.733183085027819;5.733183085027819;5.59846702753832
69;32;21;6.804691457650676;6.804691457650676;5.4305494718687
70;88;20;10.874794437574867;10.874794437574867;9.088680941994994
71;170;22;6.700900332201295;6.700900332201295;6.602431144916462
72;79;22;7.469821058485885;7.469821058485885;6.789173890997892
73;109;21;6.120569177579744;6.120569177579744;6.022529398125121
74;86;24;6.098219448645089;6.098219448645089;5.658016685697322
75;202;22;5.202039433257556;5.202039433257556;5.517697467892498
76;42;21;8.390307420595256;8.390307420595256;6.997445884713861
77;107;22;6.6757988600800235;6.6757988600800235;6.25715945638044
78;55;20;10.242540517219881;10.242540517219881;7.730653077377829
79;191;22;7.1858016417119295;7.1858016417119295;7.176517924290027
80;58;24;6.446106371359201;6.446106371359201;5.701174980670563
81;188;21;6.412846970580017;6.412846970580017;6.309685729501978
82;97;20;8.767585876213968;8.767585876213968;7.480673993354218
83;186;23;6.73830479955097;6.73830479955097;6.588002736470249
84;43;22;7.92622833700137;7.92622833700137;6.697453442931153
85;152;22;7.0327898561117275;7.0327898561117275;6.753994846272657
86;61;18;9.02064826283521;9.02064826283521;7.014329629782316
87;28;20;10.509913076163944;10.509913076163944;7.22810019395026
88;13;10;15.559852429487156;15.559852429487156;6.751504689981928
89;91;19;8.393245629963772;8.393245629963772;7.462926339419113
90;38;18;12.544791362481336;12.544791362481336;8.01390252049502
91;51;14;7.893554324132267;7.893554324132267;6.303211759582687
92;86;22;8.362557743652848;8.362557743652848;6.971595239042388
93;12;12;8.707290321180787;8.707290321180787;5.032549631527058
94;21;12;6.8600524925029545;6.8600524925029545;4.629425738034413
95;17;11;10.057624904104001;10.057624904104001;6.6090613213131775
96;185;23;5.966828366121877;5.966828366121877;6.033287576880713
97;38;22;7.33654297546814;7.33654297546814;6.249409256479009
98;18;18;12.000084456011468;12.000084456011468;6.638851205016931
99;31;24;7.44804590633632;7.44804590633632;5.535733303610458
100;64;15;9.125563843817943;9.125563843817943;7.422054233267973
101;29;10;7.500615433367128;7.500615433367128;5.157280104508336
102;51;13;6.2747688197710385;6.2747688197710385;5.2958126692364305
103;89;21;8.474404961894907;8.474404961894907;7.311995364919165
104;93;21;7.758561428237957;7.758561428237957;6.526884557278155
105;62;16;7.30938337753529;7.30938337753529;6.001725556101202
106;64;21;8.791025748856457;8.791025748856457;7.009156729395512
107;100;20;8.179722759536762;8.179722759536762;7.466404092392629
108;78;21;7.229338940878003;7.229338940878003;6.747956605937579
109;196;24;6.086711266340143;6.086711266340143;6.258333728131471
110;100;22;6.237513974791937;6.237513974791937;5.9739384829299045
111;141;24;6.399988222552735;6.399988222552735;6.351264147465372
112;21;13;7.337086840598765;7.337086840598765;4.676234830836768
113;56;20;10.89848225326738;10.89848225326738;8.1315003805808
114;122;23;6.494494918871012;6.494494918871012;6.080200263057118
115;37;24;8.698932234065685;8.698932234065685;6.761203166075123
116;166;21;5.38183291433408;5.38183291433408;5.3666656892572275
117;28;11;6.627906061951711;6.627906061951711;4.892071246087218
118;11;10;10.596320119173866;10.596320119173866;6.187136497907836
119;31;13;7.603864592803386;7.603864592803386;5.029718020268396
120;11;12;13.13848481215516;13.13848481215516;6.491642633277825
121;125;21;5.424528808652191;5.424528808652191;5.252317794754151
122;84;18;9.525413579364564;9.525413579364564;7.561827361049827
123;13;11;7.7653370765223775;7.7653370765223775;4.35524765713023
124;61;18;10.475050512027913;10.475050512027913;7.935358832869278
125;109;23;8.634990703027736;8.634990703027736;7.303651026622706
126;14;19;12.261328745531083;12.261328745531083;6.627407302408657
127;76;16;5.689379361216926;5.689379361216926;5.248067836837347
128;153;22;5.705121015429162;5.705121015429162;5.698566567904028
129;83;20;10.19909295061745;10.19909295061745;8.323330626534743
130;6;20;9.684355912890602;9.684355912890602;5.801957533252994
131;22;10;9.557742480959082;9.557742480959082;6.285698361819549
132;43;15;7.593112027815378;7.593112027815378;5.87796885481372
133;109;18;6.148939438010884;6.148939438010884;5.803148980225412
134;112;23;6.735927868660731;6.735927868660731;6.198690707809469
135;33;20;8.475953157342225;8.475953157342225;6.696565676699417
136;18;12;8.30580580307472;8.30580580307472;5.240801769200892
137;31;12;7.013616113186373;7.013616113186373;5.271646109229025
138;79;18;10.685569973603398;10.685569973603398;8.181134182473059
139;144;22;7.074466077717862;7.074466077717862;6.785772810537749
140;42;22;9.459584713644878;9.459584713644878;7.207788858388867
141;2;18;18.654731272310627;18.654731272310627;7.457685082595445
142;132;21;7.779478185811975;7.779478185811975;6.994900798009855
143;79;17;7.842322947141337;7.842322947141337;6.706679927658633
144;111;21;7.580579558584473;7.580579558584473;6.603384099849305
145;13;11;9.019456816901233;9.019456816901233;4.884996269221951
146;107;21;6.8273060136459085;6.8273060136459085;6.106364937724882
147;50;20;16.02180400455397;16.02180400455397;11.49637509670804
148;104;21;8.224685926575246;8.224685926575246;7.7751054163109705
149;24;13;6.689047297863226;6.689047297863226;4.66918540461156
150;43;18;12.428710549752298;12.428710549752298;8.838931728288586
151;47;21;7.63382020650632;7.63382020650632;6.093544202096954
152;75;23;12.457645308766557;12.457645308766557;9.396218342229693
153;15;10;8.630634312598819;8.630634312598819;5.452294439814416
154;109;23;6.930138812715682;6.930138812715682;6.427691751701897
155;121;19;8.657634422734448;8.657634422734448;7.69232744898505
156;54;15;5.739474409644085;5.739474409644085;5.013075808073299
157;102;19;7.684107610161261;7.684107610161261;6.631852034070718
158;79;23;8.314659817752549;8.314659817752549;6.885751574629984
159;46;12;6.388666160985396;6.388666160985396;5.346723912734966
160;40;13;5.921285366979084;5.921285366979084;4.952953314830311
161;43;21;9.230989051054728;9.230989051054728;7.055339870138719
162;43;14;10.932049327197975;10.932049327197975;7.248625446801341
163;201;23;5.88750493671469;5.88750493671469;5.953984707451599
164;20;19;13.45624565015278;13.45624565015278;7.416247272764925
165;18;12;7.907366598202666;7.907366598202666;5.142571439628817
166;53;19;8.686979989413812;8.686979989413812;6.369173563286388
167;28;12;5.5752262273540385;5.5752262273540385;4.266795951862962
168;83;22;10.013070909600168;10.013070909600168;8.24398281682468
169;29;21;10.13141210548923;10.13141210548923;7.096492829657364
170;32;21;7.651957815463167;7.651957815463167;5.863339487205999
171;18;12;6.5127469619313345;6.5127469619313345;4.447694021335783
172;125;20;6.760914239803288;6.760914239803288;6.1706317236486425
173;41;15;7.6241801279901855;7.6241801279901855;5.6996687451305865
174;28;21;6.70220221033096;6.70220221033096;5.7124230996557195
175;86;20;7.889519997123009;7.889519997123009;6.743113491885034
176;191;23;7.491424022192147;7.491424022192147;7.209507792816755
177;58;18;9.42847607117657;9.42847607117657;7.232582155166524
178;97;16;7.670826988249555;7.670826988249555;6.966924153821328
179;68;17;8.037997894511784;8.037997894511784;6.406857914815954
180;48;21;8.755464680698527;8.755464680698527;7.0091504451618665
181;92;23;7.334947018618924;7.334947018618924;6.724824688400147
182;36;21;9.326892258792622;9.326892258792622;7.327243491540612
183;58;15;5.9568938191084575;5.9568938191084575;5.1329186403550695
184;62;19;12.903354971216405;12.903354971216405;9.445154900474634
185;149;20;4.886881929877708;4.886881929877708;5.024249467619095
186;92;20;5.988115475235185;5.988115475235185;5.674286338481653
187;108;22;7.060446215085322;7.060446215085322;6.308335189777972
188;140;23;5.351496593776858;5.351496593776858;5.331784554933644
189;109;23;6.4051017464945;6.4051017464945;6.122165310710357
190;105;20;6.050882228487994;6.050882228487994;5.6225281551815
191;103;18;7.50569179904321;7.50569179904321;6.763501079244372
192;32;16;13.492654358614471;13.492654358614471;8.248046411428641
193;100;21;8.59749847293218;8.59749847293218;7.341770681414502
194;53;20;5.851738537035152;5.851738537035152;5.330108065505303
195;183;23;6.715373152891219;6.715373152891219;6.717499784034625
196;67;21;6.904108627329388;6.904108627329388;6.511634350550944
197;3;19;8.374347272841254;8.374347272841254;5.628405937108984
198;104;22;7.4391683545904375;7.4391683545904375;6.507169599033685
199;21;20;8.441384070659021;8.441384070659021;5.891404121676716
200;110;23;6.180031836263413;6.180031836263413;5.9042078319060325
201;48;21;7.866696857170117;7.866696857170117;6.832234110309803
202;195;23;7.458757585815183;7.458757585815183;7.207831133403952
203;122;27;6.795036432845042;6.795036432845042;6.469278015364504
204;108;20;6.540030190433936;6.540030190433936;6.155796095008186
205;29;21;9.426780352747649;9.426780352747649;7.144381622845648
206;117;23;9.876609843121756;9.876609843121756;8.543782103831198
207;126;20;5.982019593223546;5.982019593223546;5.858603885412025
208;63;22;7.172317467754643;7.172317467754643;6.32895199654334
209;39;21;13.06482301081127;13.06482301081127;9.272987219369991
210;30;13;9.959742517742889;9.959742517742889;6.379053319397925
211;71;16;7.763056847411789;7.763056847411789;6.1052203466795705
212;60;23;8.143116881709938;8.143116881709938;7.163242927962435
213;38;14;14.466676452523018;14.466676452523018;9.102863420026678
214;175;22;8.216056704678719;8.216056704678719;7.631464619608832
215;107;19;8.392199569032718;8.392199569032718;7.4279134875569355
216;13;9;11.551514347686025;11.551514347686025;6.74766752907975
217;49;20;13.148042762194496;13.148042762194496;9.2068693288483
218;85;20;8.069861161380349;8.069861161380349;6.735839557074127
219;17;12;5.986186683866346;5.986186683866346;4.029123154243666
220;50;17;14.461857717524644;14.461857717524644;9.749897387546058
221;12;9;11.18182976225233;11.18182976225233;5.847518090849059
222;106;19;8.917519161804588;8.917519161804588;7.70377853531013
223;100;20;9.164645764744462;9.164645764744462;7.9123603353699705
224;70;17;7.964253630715332;7.964253630715332;6.850511431968931
225;181;24;5.6782737478335;5.6782737478335;5.892832861179813
226;36;14;13.578584546118876;13.578584546118876;8.440353956859543
227;11;20;11.679510483533557;11.679510483533557;5.641142050883431
228;26;11;5.649151811385502;5.649151811385502;4.165278267998176
229;194;23;5.530904994834335;5.530904994834335;5.79356778481209
230;103;23;8.234335625080629;8.234335625080629;7.349051233091284
231;43;22;6.227311817611254;6.227311817611254;5.524375768116673
232;87;23;8.926709359053653;8.926709359053653;7.583133278705332
233;34;22;7.416460293681348;7.416460293681348;6.183698718107134
234;136;20;6.806995198994396;6.806995198994396;6.370176179739899
235;102;25;6.189636658040834;6.189636658040834;5.807163813417985
236;68;22;7.288999460825652;7.288999460825652;6.515860193513051
237;9;13;9.507648292222918;9.507648292222918;4.928600897482619
238;18;12;7.038878988003382;7.038878988003382;4.523348400517856
239;51;16;9.114709830999105;9.114709830999105;6.622725038585103
240;70;21;10.58778241115887;10.58778241115887;8.676913602150556
241;7;19;10.808474407114296;10.808474407114296;7.044665013672259
242;83;18;8.634003371574908;8.634003371574908;7.13375212015547
243;28;22;12.303511732527845;12.303511732527845;8.712808570987365
244;38;14;7.430298957012078;7.430298957012078;5.602646060844412
245;58;19;8.331004432579004;8.331004432579004;6.879076758787673
246;152;23;6.769266710224852;6.769266710224852;6.49940460409442
247;32;15;9.311297617430078;9.311297617430078;5.898902017474782
248;51;22;6.251145975047949;6.251145975047949;5.490476653746628
249;62;22;8.2780164982084;8.2780164982084;7.281394360083418
250;171;24;7.859398268053566;7.859398268053566;7.512043040314233
251;39;21;12.180104394318226;12.180104394318226;8.649411729496938
252;143;24;6.094584037772242;6.094584037772242;5.971761052525495
253;65;23;8.357114046204797;8.357114046204797;6.977695477267791
254;177;21;8.446718303365195;8.446718303365195;7.851995837607096
255;129;22;7.045167570951701;7.045167570951701;6.519085825720689
256;10;22;13.063436055088461;13.063436055088461;7.4551799181194305
257;115;23;7.088446857745268;7.088446857745268;6.461434337935713
258;114;18;5.9078492464435195;5.9078492464435195;5.683149144074224
259;38;22;7.4800142257137825;7.4800142257137825;6.1918351983158635
260;137;24;7.466793359568882;7.466793359568882;6.973445699442805
261;94;21;6.72063463718227;6.72063463718227;6.510895366242297
262;207;22;6.497779651761164;6.497779651761164;6.5590702491940585
263;129;22;8.30531576023309;8.30531576023309;7.328974454137971
264;113;23;5.539667544959127;5.539667544959127;5.473460436446442
265;121;24;6.481588317783831;6.481588317783831;6.329533174117147
266;172;23;6.409652587443794;6.409652587443794;6.257487959424622
