Skewness: 0.24555280438087285, Average LID: LPCA: 5.919137466307277  |||  MLE: 5.045740406849036  |||  MLENB: 5.045740406849036  |||  TLE: 4.992540174475512
LPCA: 0.1780178270585955  |||  MLE: -0.3098368424898665  |||  MLENB: -0.3098368424898665  |||  TLE: -0.1961210143024664
node;in_degree;local_intrinsic_dimensionality_LPCA;local_intrinsic_dimensionality_MLE;local_intrinsic_dimensionality_MLENB;local_intrinsic_dimensionality_TLE
0;54;6;3.283025982782207;3.283025982782207;3.442543638238657
1;39;6;5.242747713995644;5.242747713995644;4.90629286159197
2;63;6;3.7848712013413737;3.7848712013413737;3.95110257964852
3;40;6;4.158302059281906;4.158302059281906;4.415678202846601
4;49;6;4.655584682535361;4.655584682535361;4.7628516250956645
5;14;1;8.32304137432818;8.32304137432818;5.478929671610142
6;52;6;3.5892266558195565;3.5892266558195565;4.050927762999646
7;23;6;7.088060782281579;7.088060782281579;6.417678715888391
8;22;6;4.247766242755736;4.247766242755736;4.416332930541545
9;29;6;6.762416215980652;6.762416215980652;5.934682138886815
10;79;6;5.175167526197152;5.175167526197152;5.296863134275867
11;62;6;5.8568294426364105;5.8568294426364105;5.641597250148047
12;52;6;7.260300196901858;7.260300196901858;6.640751610559607
13;28;6;5.291806465923368;5.291806465923368;5.058366312330883
14;52;6;7.738561816766084;7.738561816766084;6.913705534056474
15;42;6;5.925953383916424;5.925953383916424;6.00623260299226
16;38;6;4.904306852754876;4.904306852754876;4.960007491715734
17;60;6;4.8917077606129284;4.8917077606129284;5.031919196774804
18;52;6;4.512163981844806;4.512163981844806;4.497498481319414
19;68;6;4.407650589489351;4.407650589489351;4.709101881957054
20;76;6;5.25044342118134;5.25044342118134;5.373460246646529
21;66;6;5.146978231254537;5.146978231254537;5.094998833862141
22;75;6;3.8889766875988236;3.8889766875988236;4.112612878421861
23;41;6;4.330710291104551;4.330710291104551;4.67325211916576
24;30;6;3.374867665242612;3.374867665242612;3.8425333325097557
25;91;6;3.938232541383996;3.938232541383996;4.244229772177074
26;23;6;5.830157379858198;5.830157379858198;5.350504127654683
27;51;6;3.6252586035215475;3.6252586035215475;4.106641435471017
28;40;6;6.070711628006004;6.070711628006004;5.900039883455282
29;19;6;4.067081439156324;4.067081439156324;3.5995977433480864
30;18;6;5.691969204155956;5.691969204155956;5.3208076732032215
31;8;6;4.041794391825385;4.041794391825385;2.827030335983927
32;12;6;7.813787994942706;7.813787994942706;6.253153027177443
33;21;6;4.758028927026473;4.758028927026473;4.479430723874651
34;71;6;3.678453216905192;3.678453216905192;3.833848588451515
35;54;6;4.379856369912496;4.379856369912496;4.341766761542327
36;68;6;3.7670684965385934;3.7670684965385934;3.9669068182062057
37;63;6;5.055936180027185;5.055936180027185;5.208827076653384
38;47;6;4.179293545706472;4.179293545706472;4.076073917403586
39;61;6;5.538220468748278;5.538220468748278;5.227240290394939
40;55;6;4.092530081153508;4.092530081153508;4.1974109778859425
41;34;6;5.711649987637554;5.711649987637554;5.026708948409307
42;44;6;4.215006567039006;4.215006567039006;4.210938350688767
43;68;6;4.032416657352515;4.032416657352515;4.345132939180832
44;93;6;4.646624972999229;4.646624972999229;4.949118952378847
45;17;6;8.838135886968614;8.838135886968614;7.88314331733655
46;12;6;8.546289197355673;8.546289197355673;6.782533905877087
47;55;6;4.8218427335773795;4.8218427335773795;4.956230728729239
48;44;6;5.364241262749871;5.364241262749871;5.095016461283909
49;17;6;4.691119198091158;4.691119198091158;4.203965167992254
50;70;6;4.893185693596756;4.893185693596756;4.943631537099868
51;35;6;3.371827341177447;3.371827341177447;3.458105150449684
52;40;6;5.763114385771124;5.763114385771124;5.758724412825335
53;66;6;3.9379598010805505;3.9379598010805505;4.28630990497857
54;41;6;3.7138819441825492;3.7138819441825492;4.198578520023841
55;40;6;3.6713915709675486;3.6713915709675486;4.073452429739046
56;39;6;4.856007064715934;4.856007064715934;4.50320464072834
57;47;6;4.833924294873702;4.833924294873702;5.020052037723154
58;88;6;4.3218855828283695;4.3218855828283695;4.704708583189272
59;40;6;3.1714218895343893;3.1714218895343893;3.55441004274952
60;30;6;5.1311760752551265;5.1311760752551265;4.95008869315711
61;42;6;5.703127507940698;5.703127507940698;5.437914895578783
62;52;6;4.091175226379525;4.091175226379525;4.549987273958301
63;40;6;5.002400521918571;5.002400521918571;5.0500419104997345
64;25;6;7.023932774270837;7.023932774270837;6.335136563001317
65;44;6;6.343278581713237;6.343278581713237;5.98437332719057
66;29;6;4.812971736998976;4.812971736998976;4.743245275205903
67;56;6;4.543888781568369;4.543888781568369;4.775528479641105
68;38;6;3.48659241070214;3.48659241070214;3.7770040025031184
69;41;6;4.278820291207672;4.278820291207672;4.062075237372329
70;61;6;6.266309356595112;6.266309356595112;5.85031897512044
71;30;6;5.902278944892209;5.902278944892209;5.754168884601103
72;34;6;6.781447981435271;6.781447981435271;6.115902057697912
73;43;6;2.801822116324971;2.801822116324971;3.163818069444422
74;54;6;5.025097630121542;5.025097630121542;5.2820054907370935
75;42;6;4.789073410301698;4.789073410301698;4.659020315721391
76;55;6;4.248855250618648;4.248855250618648;4.2954755510596225
77;94;6;3.782742733065287;3.782742733065287;3.91136933151849
78;20;6;6.433550037323814;6.433550037323814;5.2311128746066915
79;52;6;4.146981142404369;4.146981142404369;4.0729061210742445
80;76;6;4.4451108789102305;4.4451108789102305;4.5899977434649
81;49;6;4.635296215863076;4.635296215863076;4.531923804068874
82;31;6;6.505214321309787;6.505214321309787;5.497143142984665
83;31;6;3.8589823462193937;3.8589823462193937;4.36196158652853
84;12;2;3.556410619818527;3.556410619818527;4.032909090758054
85;4;6;7.588518691515743;7.588518691515743;5.131791801606949
86;55;6;4.989133929171635;4.989133929171635;5.352923543515306
87;71;5;4.345670195100521;4.345670195100521;4.321699358741845
88;39;6;5.956079962122347;5.956079962122347;5.7557577812612974
89;52;6;5.589457816197766;5.589457816197766;5.320310540435267
90;22;6;5.555751076243683;5.555751076243683;5.2182578834976425
91;61;6;6.492320189531012;6.492320189531012;6.329538696874042
92;69;6;4.9050005755471595;4.9050005755471595;5.00927648624519
93;27;6;5.287351481010961;5.287351481010961;4.943466497909305
94;49;6;5.571305124832102;5.571305124832102;5.470038537764043
95;31;6;5.626802917945887;5.626802917945887;5.695437587735883
96;54;6;4.70410956509613;4.70410956509613;4.591703472204165
97;24;6;5.465237560173991;5.465237560173991;5.446911012839665
98;85;6;2.957702700190374;2.957702700190374;3.1396732810774295
99;18;6;5.546838418080805;5.546838418080805;4.9277899011667845
100;30;6;5.1043582836592;5.1043582836592;4.881883128857009
101;46;6;4.642760668054207;4.642760668054207;4.853006478200762
102;28;6;6.243487040315532;6.243487040315532;5.524969444915379
103;17;6;7.984576832346107;7.984576832346107;7.003456775104615
104;65;6;4.849515526798462;4.849515526798462;5.352242481498023
105;43;6;3.0923282809475663;3.0923282809475663;3.415517993640793
106;61;6;4.053766109609526;4.053766109609526;4.2490461346849875
107;34;6;3.816265535421543;3.816265535421543;4.234831361513514
108;24;6;4.960825158126554;4.960825158126554;4.262360148939168
109;18;6;4.829639722099836;4.829639722099836;4.458329388807243
110;14;2;10.351730115242908;10.351730115242908;6.68163702223269
111;63;6;4.984661376760031;4.984661376760031;5.191314152495678
112;39;6;5.013913150661062;5.013913150661062;4.795518027640942
113;55;6;6.026327741853838;6.026327741853838;5.920597576511982
114;7;6;3.533570220094057;3.533570220094057;2.565801512533047
115;52;6;4.002649225768117;4.002649225768117;4.128680362738658
116;26;6;4.2598930515956805;4.2598930515956805;4.291102188468323
117;75;6;5.294430995612115;5.294430995612115;5.333897819782781
118;5;6;9.182970724519222;9.182970724519222;5.992829825887086
119;30;6;8.035600023013409;8.035600023013409;7.157379604250504
120;30;6;4.931853422408728;4.931853422408728;4.936054758502635
121;85;6;5.367602381091528;5.367602381091528;5.44452560212258
122;40;6;3.771131147113902;3.771131147113902;3.820182720231405
123;49;6;4.906367301950578;4.906367301950578;4.451757455782995
124;33;6;5.006515980596512;5.006515980596512;4.889320591771003
125;57;6;4.505094959099692;4.505094959099692;4.634522556036736
126;88;6;4.321452057036683;4.321452057036683;4.540306728751319
127;16;6;4.892870656305054;4.892870656305054;4.177066745572333
128;10;6;6.263962139054967;6.263962139054967;5.537832731854832
129;32;6;4.349940840753436;4.349940840753436;4.471614532776177
130;34;6;3.3218423830418353;3.3218423830418353;3.509660900819853
131;31;6;7.696641974384874;7.696641974384874;6.761796843879713
132;32;6;6.151472149048427;6.151472149048427;5.570404365011841
133;49;6;3.817846896254548;3.817846896254548;4.276622090537798
134;44;6;3.4865334667973578;3.4865334667973578;3.813197005263192
135;44;6;5.972298666038593;5.972298666038593;5.903467985521311
136;37;6;5.006288295408258;5.006288295408258;4.775434767432193
137;65;6;5.533994673951711;5.533994673951711;5.448336068206351
138;48;6;3.842144022882697;3.842144022882697;4.1225703568449426
139;7;6;8.502322965117571;8.502322965117571;5.957504734395993
140;66;6;4.154167565067481;4.154167565067481;4.47716668327901
141;57;6;3.6019782885708502;3.6019782885708502;3.812493773664831
142;32;6;3.9479131709978694;3.9479131709978694;4.0948859902046095
143;35;6;5.470577616865726;5.470577616865726;5.484989390783733
144;54;5;3.0903189782169203;3.0903189782169203;3.3780651428181327
145;21;6;4.855512116986845;4.855512116986845;4.3393493059277475
146;49;6;4.672457562357585;4.672457562357585;4.758754753206854
147;40;6;6.544729538549541;6.544729538549541;6.051510889896467
148;19;6;5.2143856500146795;5.2143856500146795;4.4111391847984684
149;46;6;4.347022123626638;4.347022123626638;4.515131662190918
150;55;6;4.519998742274061;4.519998742274061;4.683451676276663
151;46;6;4.311623050565696;4.311623050565696;4.433899285544854
152;31;6;6.061834660472082;6.061834660472082;5.625409150859505
153;42;6;6.082605629211885;6.082605629211885;5.923002488313208
154;26;6;4.597154907093963;4.597154907093963;4.559773951752147
155;44;6;4.2055539241151525;4.2055539241151525;4.40780230602527
156;41;6;4.923571605429246;4.923571605429246;4.998765814258558
157;13;6;6.322102020487265;6.322102020487265;4.789034496826455
158;73;6;4.013936755199973;4.013936755199973;4.253938182248368
159;26;6;4.989442175435029;4.989442175435029;4.755086664136799
160;12;6;0.0;0.0;5.637213578477847
161;12;6;0.0;0.0;5.637213578477847
162;73;6;3.8268795178954975;3.8268795178954975;4.081725170579082
163;43;6;4.357065768708917;4.357065768708917;4.390677463750902
164;58;6;4.962131395110096;4.962131395110096;5.181402496829939
165;23;6;7.201864466110119;7.201864466110119;6.6586707432948256
166;72;6;6.412031107051685;6.412031107051685;6.435999654526393
167;26;6;4.608872261386457;4.608872261386457;4.760190075023013
168;22;6;6.390343480669095;6.390343480669095;5.826907724828047
169;3;6;7.423092065278145;7.423092065278145;5.44307291227241
170;56;6;5.454633182438151;5.454633182438151;5.432797591338562
171;54;6;5.721122854112074;5.721122854112074;6.0256433424809055
172;33;6;6.411507860159189;6.411507860159189;6.030874633498668
173;22;6;4.2141959035584655;4.2141959035584655;4.319078265748065
174;11;6;7.350948212888672;7.350948212888672;5.631842716529138
175;14;1;2.5873995460093466;2.5873995460093466;3.3469680939258075
176;28;6;6.8024219507828745;6.8024219507828745;6.595111089451276
177;30;6;5.864953556267794;5.864953556267794;5.67427911367203
178;89;6;5.010219735923806;5.010219735923806;4.9160371085010715
179;30;6;4.257841410093742;4.257841410093742;3.904494790980452
180;9;6;5.646035965906252;5.646035965906252;4.501901979849092
181;47;6;6.661341210383511;6.661341210383511;6.311994882424382
182;45;6;5.252455189854003;5.252455189854003;5.389095407620852
183;56;6;4.156320941567334;4.156320941567334;4.228155951212807
184;10;6;10.101053390609978;10.101053390609978;7.623798802788152
185;40;6;3.741399391524712;3.741399391524712;4.2726715913685185
186;35;6;3.489925679364668;3.489925679364668;3.93574226698712
187;18;6;6.574629147345504;6.574629147345504;5.894101998904198
188;43;6;5.017005017308026;5.017005017308026;5.091054801570363
189;24;6;6.215123133118863;6.215123133118863;5.921624288093893
190;89;6;3.370147659447374;3.370147659447374;3.652393595934668
191;22;6;4.368994186418047;4.368994186418047;4.527771298020119
192;50;6;4.132818273151696;4.132818273151696;4.346163104785519
193;81;6;4.567514494246733;4.567514494246733;4.719768336207569
194;36;6;5.502495200652934;5.502495200652934;5.161598291047494
195;71;6;4.459545578106567;4.459545578106567;4.392085819234595
196;53;6;4.462440103857378;4.462440103857378;4.520166120326603
197;47;6;4.710405655487347;4.710405655487347;4.753914490461283
198;56;6;3.5949090621502866;3.5949090621502866;3.8795156247825275
199;28;6;6.552463261954308;6.552463261954308;6.340060215262256
200;56;6;7.422679771593844;7.422679771593844;6.536469281210772
201;19;6;4.5060363313843075;4.5060363313843075;4.295276338869155
202;56;6;3.405961046842827;3.405961046842827;3.7052655541727404
203;30;6;5.217794780684304;5.217794780684304;4.4042343673849045
204;44;6;4.869870048897499;4.869870048897499;4.707670459448698
205;15;6;4.547440638818898;4.547440638818898;4.486568964288029
206;52;6;4.406511466200276;4.406511466200276;4.531975708598045
207;8;6;8.271552782139132;8.271552782139132;5.960826366754773
208;24;6;5.798493888912085;5.798493888912085;5.121951891130912
209;26;6;4.635484796984752;4.635484796984752;4.048088064234866
210;14;6;6.2434563116626;6.2434563116626;4.992966857767794
211;46;6;5.4281905242310895;5.4281905242310895;5.024321401130694
212;62;6;4.609698606229914;4.609698606229914;4.641535521817686
213;42;6;5.092736188246161;5.092736188246161;5.077804622161027
214;38;6;4.41539225786942;4.41539225786942;4.224932537126292
215;28;6;5.075877733228096;5.075877733228096;4.938305126599131
216;33;6;3.184795514321837;3.184795514321837;3.3979475028022175
217;42;6;4.282035577793604;4.282035577793604;4.201743674109453
218;58;6;3.747310562288726;3.747310562288726;3.810412420571305
219;11;4;6.833095105290753;6.833095105290753;5.049554664170372
220;10;6;8.086503445600147;8.086503445600147;6.3106176978881106
221;45;6;3.8935897142827387;3.8935897142827387;4.294576548201946
222;45;6;4.870726976247091;4.870726976247091;4.790404187158455
223;38;6;4.47684512257036;4.47684512257036;4.615119629352092
224;46;6;3.8417288245100476;3.8417288245100476;4.051468301196275
225;54;6;2.8502178170417642;2.8502178170417642;3.433684083604913
226;25;6;5.900327418296042;5.900327418296042;5.24900651945971
227;15;6;7.426289934319814;7.426289934319814;5.586092780967431
228;68;6;3.5953347386581207;3.5953347386581207;4.063246074593194
229;14;1;9.260724281346096;9.260724281346096;5.992980176755481
230;95;6;6.237273599411912;6.237273599411912;6.284532131290981
231;16;6;5.704297612113617;5.704297612113617;5.303365800724964
232;36;6;3.875138115033594;3.875138115033594;3.8821219495606063
233;53;6;3.6899960659210516;3.6899960659210516;3.8787561508740653
234;37;6;3.27231600458222;3.27231600458222;3.4399547826833357
235;41;6;5.870103283281283;5.870103283281283;5.926698008481271
236;8;6;0.0;0.0;4.232937940080487
237;8;6;0.0;0.0;4.232937940080487
238;57;6;4.968511729157136;4.968511729157136;5.150155847610856
239;7;6;6.745972457146466;6.745972457146466;5.47400755350074
240;54;6;4.439969819535606;4.439969819535606;4.633322162191586
241;39;6;4.978806276246816;4.978806276246816;4.974313965710367
242;8;6;5.613494764454016;5.613494764454016;4.884180383235145
243;24;6;7.2770658336878284;7.2770658336878284;6.597006106747267
244;12;6;6.226704805929676;6.226704805929676;5.040405954414717
245;63;6;5.271768230195699;5.271768230195699;5.570708776480266
246;18;5;7.055775799238593;7.055775799238593;5.655742265338802
247;12;6;7.970651595841515;7.970651595841515;6.13343476438793
248;20;6;4.335963437905939;4.335963437905939;4.379795924953106
249;47;6;3.4940305512184686;3.4940305512184686;3.8108371846146696
250;14;1;2.21699914100329;2.21699914100329;3.248401170925884
251;39;6;5.910268938378051;5.910268938378051;5.893477780664365
252;18;6;6.358319247489687;6.358319247489687;5.181214195727256
253;64;6;4.146417122848734;4.146417122848734;4.333863756796119
254;15;6;4.390171833301568;4.390171833301568;4.028823917822672
255;13;6;12.140155514886576;12.140155514886576;8.936731288400562
256;46;6;5.204803521503733;5.204803521503733;5.358797578412024
257;58;6;4.866353322244693;4.866353322244693;4.782317000556635
258;10;6;5.799563472676303;5.799563472676303;4.77404415448298
259;59;6;4.6674726801852335;4.6674726801852335;4.827952456765129
260;32;6;4.8501369585278935;4.8501369585278935;4.454404935568946
261;60;6;4.560448002147334;4.560448002147334;4.602724736630498
262;13;6;5.529348186748685;5.529348186748685;4.807698201387638
263;46;6;3.8324335170382913;3.8324335170382913;3.9855517192208794
264;29;6;6.250192799824909;6.250192799824909;5.618509664520265
265;24;6;5.6345574638128895;5.6345574638128895;4.720871856605689
266;65;6;5.10797954968195;5.10797954968195;5.300268076587418
267;36;6;5.679313609885235;5.679313609885235;5.715772062494779
268;42;6;6.8366687926041205;6.8366687926041205;6.737597887186484
269;39;6;5.904163664816158;5.904163664816158;5.5746529508655085
270;68;6;5.656781496905076;5.656781496905076;5.236696375801801
271;6;5;7.216692559542132;7.216692559542132;5.21013420947575
272;13;6;10.350521891886933;10.350521891886933;7.336046549790079
273;68;6;4.342089999588722;4.342089999588722;4.703468238605506
274;11;6;6.005983263334789;6.005983263334789;5.092947126441586
275;55;6;4.787696899135508;4.787696899135508;4.740328047018152
276;5;6;5.812163330487392;5.812163330487392;4.354472779699076
277;70;6;4.7470521881552346;4.7470521881552346;4.951800573846568
278;50;6;7.319294953220016;7.319294953220016;6.7635590294750925
279;47;6;5.25713561296198;5.25713561296198;5.157821429057037
280;44;6;5.481752615870394;5.481752615870394;5.355244578089573
281;50;6;3.671882714773412;3.671882714773412;4.058452334401491
282;28;6;4.57933431762432;4.57933431762432;4.211072471087433
283;35;6;4.031682523126365;4.031682523126365;4.901972494167349
284;34;6;3.9002232465003375;3.9002232465003375;4.752204038828009
285;38;6;4.578453533513979;4.578453533513979;4.613307301267595
286;14;6;6.901074481011914;6.901074481011914;5.7584658420790635
287;46;6;3.341341645719955;3.341341645719955;3.8394941361319233
288;49;6;3.346051115250204;3.346051115250204;3.70664317961627
289;41;6;4.833737060748726;4.833737060748726;4.736985335235644
290;61;6;3.0572722712620917;3.0572722712620917;3.580847445086281
291;64;6;6.456237629335319;6.456237629335319;6.031683085410113
292;21;6;4.622367344568757;4.622367344568757;4.314669732428789
293;53;6;3.2232385816672906;3.2232385816672906;3.72634177923371
294;64;6;4.432753295263976;4.432753295263976;4.483773943693256
295;50;6;5.508140208411283;5.508140208411283;5.02532227089368
296;56;6;5.02523041525801;5.02523041525801;4.9802390561342325
297;43;6;3.768695477946117;3.768695477946117;3.932986567044046
298;61;6;6.293922363429276;6.293922363429276;6.539891539430702
299;60;6;3.265489381066887;3.265489381066887;3.7599869654392464
300;44;6;7.482994930445038;7.482994930445038;6.866220707317335
301;32;6;5.557375582488543;5.557375582488543;5.256973544814436
302;33;6;4.465700147244652;4.465700147244652;4.288807888383062
303;16;6;6.895525960750601;6.895525960750601;5.978879981992606
304;9;5;7.383404358820656;7.383404358820656;6.338649900094999
305;40;6;5.156874291894696;5.156874291894696;5.005981829772246
306;8;4;7.140349078156727;7.140349078156727;5.644717935474394
307;67;6;6.152725592047004;6.152725592047004;6.163104304840009
308;54;6;4.4666603619050385;4.4666603619050385;4.981771007605543
309;44;6;3.6198361522570615;3.6198361522570615;3.5937622514471883
310;48;6;4.854853672866632;4.854853672866632;5.106254915391479
311;35;6;4.894281460254849;4.894281460254849;4.95977514265117
312;62;6;4.368303353853587;4.368303353853587;4.465291996980729
313;23;6;7.906180882381805;7.906180882381805;6.790540420580045
314;35;6;3.8228872589833265;3.8228872589833265;3.807305249326051
315;45;6;5.924585065702601;5.924585065702601;5.58868791455379
316;29;6;5.202266077276979;5.202266077276979;4.6159724177306325
317;30;6;4.711568685821808;4.711568685821808;4.641461554662499
318;37;6;3.4226434892104525;3.4226434892104525;3.650288984177477
319;13;1;2.935561710339304;2.935561710339304;3.529288050336369
320;53;6;5.238261625910687;5.238261625910687;5.382970614303828
321;77;6;3.999489683204995;3.999489683204995;4.263124269631349
322;72;6;4.191975467340552;4.191975467340552;4.51977931291757
323;26;6;3.8233802261326053;3.8233802261326053;3.9416249816795164
324;65;6;4.139628252614682;4.139628252614682;4.6248958101397895
325;22;6;5.069574820272497;5.069574820272497;4.307243546287426
326;28;6;3.8771372014427783;3.8771372014427783;3.574165830740098
327;64;6;4.206720501441747;4.206720501441747;4.524606875574576
328;56;6;5.754948907275926;5.754948907275926;5.535911883158703
329;44;6;3.693525934789006;3.693525934789006;3.896551341995222
330;34;6;3.368250269604725;3.368250269604725;3.670031997013909
331;52;6;5.413414220918676;5.413414220918676;5.316543411116516
332;33;6;4.4996432667791835;4.4996432667791835;4.472715863175133
333;1;6;8.545948796268545;8.545948796268545;4.940775648467046
334;50;6;3.9136999278555624;3.9136999278555624;4.054577043371365
335;45;6;4.700730480486495;4.700730480486495;5.136792143362105
336;11;6;7.56804184177178;7.56804184177178;6.253611924853937
337;30;6;6.080476629329668;6.080476629329668;5.620339342773706
338;77;6;6.572026505355614;6.572026505355614;5.904627504615389
339;2;6;12.734718560943369;12.734718560943369;7.2936343715261645
340;56;6;3.710678174826369;3.710678174826369;3.979744921633616
341;52;6;4.722951861049034;4.722951861049034;4.821465951456709
342;69;6;6.84770848656874;6.84770848656874;6.27158150491931
343;59;6;4.208951403923809;4.208951403923809;4.426133256463423
344;47;6;4.989517449049623;4.989517449049623;4.988777360635752
345;11;6;9.491221550012344;9.491221550012344;6.997465606170649
346;63;6;5.201947716668924;5.201947716668924;5.168918727803855
347;34;6;4.341418429442054;4.341418429442054;4.030298636024791
348;102;6;4.30370547881329;4.30370547881329;4.518652096160491
349;26;6;5.343285316342805;5.343285316342805;5.386042321856404
350;52;6;6.925217214065313;6.925217214065313;6.54284402394378
351;80;6;5.08303772249148;5.08303772249148;5.069072616899909
352;29;6;8.066366233135572;8.066366233135572;7.069627947132316
353;22;6;6.207609702624151;6.207609702624151;6.029284226295175
354;42;6;4.47776289479921;4.47776289479921;4.506066825301524
355;67;6;4.996130776043263;4.996130776043263;5.191518500629893
356;53;6;5.189970089038819;5.189970089038819;5.444647749975014
357;69;6;4.253120323113452;4.253120323113452;4.422741057395635
358;19;6;6.221774850001883;6.221774850001883;5.709483676219412
359;51;6;4.347496045019507;4.347496045019507;4.5312428147544725
360;12;6;5.855783362014604;5.855783362014604;5.111470586813048
361;58;6;6.269214668547441;6.269214668547441;6.277909722453157
362;40;6;3.871534640482922;3.871534640482922;3.902365577831209
363;11;6;6.143097874135461;6.143097874135461;5.23744252464406
364;62;6;6.446992277755656;6.446992277755656;6.896282226480579
365;51;6;5.395609305873756;5.395609305873756;5.251640058014769
366;50;6;5.481690374956443;5.481690374956443;5.1793093318694226
367;17;6;5.701631806266422;5.701631806266422;5.067319770059208
368;48;6;3.764438268623427;3.764438268623427;4.251466440927926
369;55;6;4.695742829513584;4.695742829513584;4.643304546845485
370;71;6;3.290775757346391;3.290775757346391;3.6858223985467835
371;75;6;4.699090652591157;4.699090652591157;5.029331952309237
372;81;6;4.13350687692618;4.13350687692618;4.55448221353021
373;29;6;6.015137867635714;6.015137867635714;5.658961560647699
374;54;6;5.889219259230278;5.889219259230278;5.665545547424617
375;21;6;6.006205067001621;6.006205067001621;5.137429001127558
376;11;6;6.317486074742272;6.317486074742272;5.4690576202355805
377;13;6;7.126104411775483;7.126104411775483;6.082271064246423
378;19;6;7.276512504039269;7.276512504039269;6.408705604305597
379;28;6;5.603025793773052;5.603025793773052;5.114502283290407
380;53;6;4.19996112075984;4.19996112075984;4.570163322321586
381;65;6;5.250169929418337;5.250169929418337;5.501113216946284
382;66;6;5.421866913946006;5.421866913946006;5.4480515972387025
383;55;6;4.256846739996669;4.256846739996669;4.353856616368116
384;68;6;4.031470179789176;4.031470179789176;4.315024192261124
385;33;6;3.8415464882778383;3.8415464882778383;4.350490603123129
386;45;6;4.24408945402441;4.24408945402441;4.835365993301139
387;39;6;6.209615623229443;6.209615623229443;6.274103923747337
388;26;6;5.288017965489978;5.288017965489978;5.466714887779707
389;24;6;6.062863931178537;6.062863931178537;5.786741343708771
390;33;6;4.231979199901018;4.231979199901018;3.958267189219939
391;32;6;4.9767450978360985;4.9767450978360985;4.777912956872939
392;11;5;4.5522211561129255;4.5522211561129255;4.398862079239557
393;20;6;5.754990604811945;5.754990604811945;5.216543392733894
394;26;6;4.542730328630268;4.542730328630268;4.324255581479264
395;13;5;8.81991306611802;8.81991306611802;6.5328312307473455
396;21;6;4.764409479482948;4.764409479482948;4.537610484276203
397;55;6;5.39462080627274;5.39462080627274;5.332067639176868
398;36;6;6.369324074032645;6.369324074032645;6.206005222721792
399;62;6;5.889321465098813;5.889321465098813;5.551211485083623
400;30;6;6.238588741734423;6.238588741734423;5.492641146782119
401;39;6;6.317197168651553;6.317197168651553;6.0387646859441455
402;51;6;3.6352602453091727;3.6352602453091727;3.747837646163559
403;27;6;6.494858979808956;6.494858979808956;5.812442127475678
404;59;6;3.7243720392585717;3.7243720392585717;4.089193435098061
405;22;6;6.1737994663506415;6.1737994663506415;6.2925910998836585
406;52;6;0.0;0.0;6.304843538272693
407;51;6;0.0;0.0;6.304843538272693
408;20;6;0.0;0.0;4.397672061615319
409;20;6;0.0;0.0;4.397672061615319
410;31;6;4.657078677259986;4.657078677259986;4.740935227797241
411;28;6;5.13520701573568;5.13520701573568;4.766826479187336
412;31;6;4.3703190900940525;4.3703190900940525;4.451824780585021
413;61;6;5.527314827173195;5.527314827173195;5.780066151060111
414;24;6;3.9983897130892783;3.9983897130892783;4.03130602082656
415;24;6;6.12630783403568;6.12630783403568;6.136687806374053
416;17;6;5.685849324660521;5.685849324660521;5.3085877908409005
417;64;6;0.0;0.0;6.046935803686959
418;61;6;5.260649173577694;5.260649173577694;5.185934690904181
419;64;6;0.0;0.0;6.046935803686959
420;59;6;3.188799439833465;3.188799439833465;3.7045391101281138
421;10;6;9.043500588257887;9.043500588257887;7.348931126998389
422;44;6;4.8868474988542205;4.8868474988542205;4.826140983483995
423;27;6;3.8422575365954112;3.8422575365954112;3.786092097728145
424;10;6;0.0;0.0;4.43743634234555
425;46;6;5.5061360106661414;5.5061360106661414;6.0023454127258
426;39;6;3.287805817280784;3.287805817280784;3.623928995250847
427;59;6;4.426582583548361;4.426582583548361;4.529588149258654
428;58;6;4.30643034420273;4.30643034420273;4.229670385106696
429;54;6;3.4415286309410664;3.4415286309410664;3.5900292995203564
430;48;6;4.178487430091384;4.178487430091384;4.387698685613667
431;30;6;4.1666577428809894;4.1666577428809894;4.182002988836028
432;47;6;2.8800721767724067;2.8800721767724067;3.3319520515938508
433;22;6;3.676346023518661;3.676346023518661;3.1635618017102787
434;37;6;3.594760911851;3.594760911851;3.850980590019913
435;54;6;0.0;0.0;4.1461423965395054
436;54;6;0.0;0.0;4.1461423965395054
437;49;6;4.000427384770648;4.000427384770648;4.531396875382278
438;48;6;3.7187355101960353;3.7187355101960353;4.171830374172336
439;33;6;4.813128170494607;4.813128170494607;4.593607949475793
440;34;6;5.208681283735084;5.208681283735084;5.183378354644591
441;59;6;5.480845257804502;5.480845257804502;5.485397492940256
442;33;6;3.6790931026736957;3.6790931026736957;3.867036034255644
443;34;6;4.230614947723307;4.230614947723307;4.275659661496385
444;47;6;3.730810135443239;3.730810135443239;4.16125192825775
445;53;6;4.501169650223092;4.501169650223092;4.793874437870321
446;40;6;5.661241679669467;5.661241679669467;5.516267955383194
447;36;6;0.0;0.0;3.9925164491362675
448;36;6;0.0;0.0;3.9925164491362675
449;53;6;4.236782842120772;4.236782842120772;4.476426744964445
450;37;6;5.043759141250363;5.043759141250363;5.0423587705164135
451;79;6;3.7481126577734494;3.7481126577734494;3.901524676917001
452;54;6;3.1163974869582134;3.1163974869582134;3.453322762792736
453;50;6;6.703166056797076;6.703166056797076;6.278944196600126
454;86;6;3.503653351205487;3.503653351205487;3.8903560896514415
455;88;6;3.618859643610289;3.618859643610289;3.847884541518096
456;89;6;3.0645614675766106;3.0645614675766106;3.54537754876268
457;57;6;3.498897200861244;3.498897200861244;3.7205813985352383
458;28;6;3.56813222471007;3.56813222471007;3.464669302991477
459;33;6;3.6502297129150745;3.6502297129150745;3.8216851270502064
460;29;6;5.837771872508473;5.837771872508473;5.830022278912154
461;38;6;5.075021405535749;5.075021405535749;5.110733789962767
462;66;6;4.819961308458372;4.819961308458372;5.038120601298561
463;3;6;11.915041899759133;11.915041899759133;6.761399915875035
464;30;6;5.281301268228908;5.281301268228908;4.926811566602973
465;46;6;4.613484696106237;4.613484696106237;4.874190578967126
466;37;6;5.12855486774422;5.12855486774422;5.16172492471181
467;35;6;7.229054987402078;7.229054987402078;6.812814665710313
468;28;6;6.358651177588476;6.358651177588476;6.20622563817449
469;61;6;5.919006223005632;5.919006223005632;5.787187233220384
470;1;6;9.516598568816418;9.516598568816418;5.580226549962737
471;48;6;5.871424429606977;5.871424429606977;5.73868820610874
472;69;6;2.712148141387754;2.712148141387754;3.4082678169660743
473;31;6;5.308611721923887;5.308611721923887;5.187839358055883
474;24;6;5.456125725000898;5.456125725000898;4.977865557385918
475;3;6;6.999689942445987;6.999689942445987;4.287407474720999
476;35;6;6.412065460495571;6.412065460495571;5.865619542155543
477;23;6;6.9068222666235215;6.9068222666235215;5.918620229141166
478;45;6;4.147105970666221;4.147105970666221;4.526549886732816
479;54;6;5.433680214005392;5.433680214005392;5.445864434846049
480;41;6;3.3092623725623196;3.3092623725623196;3.5445533224033374
481;42;6;5.933600189151344;5.933600189151344;5.8071139138570596
482;48;6;6.4538692245392975;6.4538692245392975;5.932813173031037
483;44;6;4.342175878172903;4.342175878172903;4.326650833212912
484;52;6;5.538194190237824;5.538194190237824;5.246941185617081
485;21;6;4.658656145285307;4.658656145285307;4.955321948132323
486;21;6;5.399762824587414;5.399762824587414;5.020211078251335
487;19;6;9.09346898145819;9.09346898145819;7.659497446176123
488;10;4;10.900196683541365;10.900196683541365;6.149921140709281
489;29;6;4.797449268028277;4.797449268028277;4.8719921102855706
490;48;6;6.666432312721309;6.666432312721309;6.769055408613441
491;19;6;6.016915662994445;6.016915662994445;5.200420505254264
492;58;6;5.24947741855581;5.24947741855581;5.226698804907367
493;81;6;3.6393220409798035;3.6393220409798035;3.8059911509496085
494;28;6;5.743327343092251;5.743327343092251;5.0535355542137195
495;43;6;4.103476245552395;4.103476245552395;4.252700508311779
496;36;6;4.102354358165119;4.102354358165119;3.957365890443134
497;42;6;5.309647095865792;5.309647095865792;5.334065111602273
498;35;6;7.572052107871047;7.572052107871047;7.091720210060284
499;75;6;4.484324054692435;4.484324054692435;4.804194468752175
500;10;3;16.010827826771454;16.010827826771454;8.25598469190166
501;5;6;4.513525968729918;4.513525968729918;2.4111512597689773
502;59;6;7.946239060740378;7.946239060740378;6.876587459427859
503;5;6;5.617551778173015;5.617551778173015;3.849140294225482
504;23;6;3.8077245660287797;3.8077245660287797;4.016685734478762
505;9;6;5.797758010017855;5.797758010017855;4.2808658049131925
506;6;7;9.096327639472072;9.096327639472072;5.520340405138373
507;15;6;5.194912456412927;5.194912456412927;4.727543433082986
508;19;6;4.840476777988188;4.840476777988188;4.101964259926099
509;54;6;4.759095929113216;4.759095929113216;4.667246218909897
510;61;6;4.18369462343936;4.18369462343936;4.3460095882223
511;48;6;3.409326861667068;3.409326861667068;3.6113405529845437
512;37;6;4.667037386855495;4.667037386855495;4.478183317580047
513;20;6;5.010102269216561;5.010102269216561;4.917749148798951
514;9;6;6.574898848179455;6.574898848179455;4.874944842053614
515;49;6;4.832253450130909;4.832253450130909;4.99042216990943
516;72;6;4.863490716344143;4.863490716344143;5.184249928500022
517;66;6;3.5816335503041343;3.5816335503041343;4.034923505596469
518;48;6;4.804256548384196;4.804256548384196;4.936086389605651
519;51;6;6.584783087941937;6.584783087941937;6.116870345215757
520;65;6;3.3244018700710005;3.3244018700710005;3.6641704065554586
521;20;6;4.506708158710556;4.506708158710556;4.256473320809725
522;55;6;5.729957957889028;5.729957957889028;5.950162741951136
523;55;6;6.813458627459632;6.813458627459632;6.701337183912345
524;47;6;4.944121368324562;4.944121368324562;4.816479569469067
525;40;6;4.3460496385846294;4.3460496385846294;4.596278909391981
526;62;6;3.7186283191345995;3.7186283191345995;4.1103139466583345
527;52;6;5.917556441763984;5.917556441763984;5.79729668001574
528;16;6;7.814300304113677;7.814300304113677;5.6607461269517945
529;69;6;5.112412113576492;5.112412113576492;5.047110533462287
530;73;6;3.7698187000237273;3.7698187000237273;3.959536775267758
531;4;6;6.9353798268518325;6.9353798268518325;4.939789844379794
532;82;6;4.6096337685585675;4.6096337685585675;4.724217200656068
533;29;6;3.047632359046525;3.047632359046525;3.2215398300163014
534;72;6;7.04569403958922;7.04569403958922;6.63513311947362
535;70;6;4.111206832651669;4.111206832651669;4.474514945795837
536;35;6;5.596093994503687;5.596093994503687;5.083189374653579
537;16;6;5.03945564848637;5.03945564848637;4.308879380160667
538;4;6;8.695895512055856;8.695895512055856;6.018287780980206
539;15;6;6.151811898070451;6.151811898070451;4.880768082057583
540;24;6;4.482286571471045;4.482286571471045;4.245448493294101
541;50;6;2.9046126211948984;2.9046126211948984;3.5273314345200006
542;75;6;4.464836986967266;4.464836986967266;4.8245992850356645
543;49;6;4.561214079210773;4.561214079210773;5.050602438826151
544;53;6;2.961519431997665;2.961519431997665;3.6140608350910663
545;56;6;3.9884184786344443;3.9884184786344443;4.546897306194231
546;70;6;5.000553088061533;5.000553088061533;5.220968053531952
547;39;6;3.2216605728064565;3.2216605728064565;3.423836984131149
548;77;6;3.9533989480536897;3.9533989480536897;4.046664732152701
549;50;6;3.581255231847332;3.581255231847332;4.0347025332832915
550;54;6;4.72552595069005;4.72552595069005;4.731254015356523
551;25;6;4.689622285550832;4.689622285550832;4.179427606175924
552;53;6;6.391522516947595;6.391522516947595;5.903307081824804
553;1;6;12.115665336490334;12.115665336490334;5.050115413940018
554;21;6;5.449555317237538;5.449555317237538;5.110793974756762
555;39;6;3.778098755124663;3.778098755124663;4.162659732763794
556;44;6;4.348752714311646;4.348752714311646;4.495044922114575
557;73;6;3.8624273532774467;3.8624273532774467;4.164023003164872
558;13;1;2.707540043752342;2.707540043752342;3.37186524679426
559;61;6;5.422617471001064;5.422617471001064;5.187550055194273
560;33;6;3.731150613926354;3.731150613926354;3.925018225861732
561;51;6;3.230392807857678;3.230392807857678;3.6682923990416834
562;67;6;5.626514853210011;5.626514853210011;5.600666420047918
563;49;6;5.489715586657114;5.489715586657114;5.6809385072780545
564;52;6;3.952848328875518;3.952848328875518;4.1963825955330964
565;56;6;5.108796734011361;5.108796734011361;5.1984888255902195
566;44;6;3.8046573341324406;3.8046573341324406;3.8479349291918594
567;44;6;5.107345084565734;5.107345084565734;5.287166772837165
568;43;6;5.19808528229061;5.19808528229061;4.910104456568438
569;49;6;4.261123659214593;4.261123659214593;4.517319114244116
570;54;6;4.02056515721253;4.02056515721253;4.109669746143057
571;22;6;6.778552785749026;6.778552785749026;6.721863940316363
572;34;6;5.257513494355104;5.257513494355104;5.014963427058198
573;59;6;3.9074213108661375;3.9074213108661375;4.2514970272676385
574;42;6;3.9351892033964835;3.9351892033964835;4.035529013746083
575;2;6;10.084457088227552;10.084457088227552;6.576127201363962
576;39;6;4.354180425618394;4.354180425618394;4.625509541262669
577;37;6;5.491726600990624;5.491726600990624;5.6895132206971
578;48;6;5.743379426954744;5.743379426954744;5.46161233239724
579;37;6;3.9673081923409796;3.9673081923409796;3.7608877261927853
580;81;6;4.483657975422595;4.483657975422595;4.504387041807561
581;29;6;3.668073370807113;3.668073370807113;3.4532238295202955
582;38;6;3.187728734061363;3.187728734061363;3.2621673442243795
583;34;6;6.42168477900918;6.42168477900918;5.899451331292354
584;71;6;5.80862199015073;5.80862199015073;6.168571980909877
585;40;6;4.7497631480914135;4.7497631480914135;4.841030084962526
586;27;6;6.400403436409845;6.400403436409845;6.177779689525801
587;13;5;4.334884949291593;4.334884949291593;4.588888798257702
588;69;6;3.943263596402364;3.943263596402364;4.029893046723077
589;10;6;5.891190401615934;5.891190401615934;4.182253467030508
590;30;6;5.040050485649746;5.040050485649746;4.973994645999486
591;36;6;4.393515319935739;4.393515319935739;4.411161812331662
592;14;1;2.234225135024642;2.234225135024642;3.2565579914937914
593;14;6;6.4164479395145335;6.4164479395145335;5.500205500490495
594;30;6;3.9385893794300086;3.9385893794300086;3.968239206080179
595;17;6;5.839074404236024;5.839074404236024;4.6439978254514935
596;28;6;6.8763855119958075;6.8763855119958075;6.247515124742764
597;32;6;4.780321961620283;4.780321961620283;4.972554206657659
598;7;6;5.124489878885117;5.124489878885117;3.3583703287129723
599;55;6;5.035565810991749;5.035565810991749;5.226332345713872
600;34;6;5.295010246922705;5.295010246922705;5.095447843695278
601;45;6;3.780723877778135;3.780723877778135;3.901148906948961
602;43;6;4.644968411626495;4.644968411626495;5.10218352657485
603;63;6;4.987808900123363;4.987808900123363;4.976585458219421
604;62;6;5.127932220317163;5.127932220317163;5.353850748375483
605;15;6;8.260513394637018;8.260513394637018;6.458167856191459
606;62;6;4.388119297692222;4.388119297692222;4.3207076458371905
607;47;6;3.105530979364094;3.105530979364094;3.4084754992577984
608;31;6;5.335402795006065;5.335402795006065;5.301285593356123
609;14;2;2.8272481697969685;2.8272481697969685;3.292447282930939
610;37;6;4.5306254881199;4.5306254881199;4.3386848968279725
611;19;6;5.2016191517740475;5.2016191517740475;4.545831153144999
612;62;6;5.538334020118172;5.538334020118172;5.416401176376818
613;14;6;9.490377931230874;9.490377931230874;7.4922618662907094
614;6;6;8.75587522849273;8.75587522849273;6.8835896363176
615;30;6;6.8067259070221695;6.8067259070221695;6.134182400439323
616;15;6;7.5408831966626515;7.5408831966626515;6.133603014205796
617;39;6;7.378527638759317;7.378527638759317;6.662049455552696
618;39;6;3.719390058859486;3.719390058859486;4.252514396396183
619;46;6;3.5937185306967123;3.5937185306967123;3.842539001811844
620;32;6;4.650016693117107;4.650016693117107;4.49183774191292
621;46;6;3.7778545967074164;3.7778545967074164;4.191293047407988
622;41;6;4.60576635927291;4.60576635927291;5.05511236644169
623;42;6;3.716494630519649;3.716494630519649;4.1251475562367395
624;50;6;4.3380497152404365;4.3380497152404365;4.455440453461554
625;40;6;5.462886923525363;5.462886923525363;5.133930682822515
626;64;6;4.747078450696139;4.747078450696139;4.908562558041399
627;35;6;4.556164144742266;4.556164144742266;4.417010388645938
628;37;6;3.8831630792309886;3.8831630792309886;4.120365706792327
629;55;6;6.4974484541750845;6.4974484541750845;6.145422536467602
630;43;6;4.773873750802157;4.773873750802157;4.8508289777184785
631;41;6;4.617319614076029;4.617319614076029;4.313278677623817
632;47;6;4.301218172350176;4.301218172350176;4.332870122510026
633;27;6;4.622626827223997;4.622626827223997;4.761412240042558
634;55;6;3.922283994543941;3.922283994543941;4.388265409022896
635;34;6;6.953724985667879;6.953724985667879;6.202872623004517
636;40;6;5.3167965498528345;5.3167965498528345;5.172613401666887
637;48;6;5.971468559058779;5.971468559058779;5.6947966120972175
638;43;6;4.880422473281851;4.880422473281851;5.034972108446453
639;42;6;4.111567036514655;4.111567036514655;4.416315537297156
640;35;6;4.0505789985897;4.0505789985897;4.122895522724627
641;68;6;4.063415838358682;4.063415838358682;4.400169393264625
642;84;6;4.486460927782901;4.486460927782901;4.697299412554267
643;22;6;9.198667495899375;9.198667495899375;7.723972281681515
644;23;6;9.355503289651027;9.355503289651027;7.717794928894428
645;30;6;5.838274006253363;5.838274006253363;5.450076389596449
646;58;6;4.202236744116115;4.202236744116115;4.475969773134879
647;66;6;5.255101283428695;5.255101283428695;5.295091190203183
648;36;6;3.9320539669951926;3.9320539669951926;3.876572705636519
649;48;6;4.373956277952338;4.373956277952338;4.89422581292494
650;38;6;3.637963351632961;3.637963351632961;3.8799615946916375
651;72;6;5.437761229533401;5.437761229533401;5.318084537578195
652;45;6;3.9777792472529088;3.9777792472529088;3.977748538834142
653;54;6;3.1429057595089853;3.1429057595089853;4.221376573958002
654;34;6;7.069301766646679;7.069301766646679;7.083228861380776
655;47;6;4.7711528141765776;4.7711528141765776;4.872949114390652
656;50;6;5.0464524114441485;5.0464524114441485;5.206994989449805
657;65;6;4.3639144613961305;4.3639144613961305;4.335496137760036
658;21;6;5.844840744714301;5.844840744714301;5.514960790580123
659;12;3;6.516906343430942;6.516906343430942;6.5642553002823805
660;77;6;4.957368833448505;4.957368833448505;5.155726831220956
661;8;6;8.583536775798551;8.583536775798551;6.452175095337729
662;45;6;5.993051493402786;5.993051493402786;5.790522694771159
663;56;6;3.9832269347061837;3.9832269347061837;4.289868534890057
664;30;6;3.7279463916081585;3.7279463916081585;3.786380312160736
665;48;6;4.25754009144596;4.25754009144596;4.345766401759795
666;37;6;4.062526423534922;4.062526423534922;4.4932527571645275
667;10;6;8.79755540772664;8.79755540772664;6.583689809613766
668;29;6;5.334077121973406;5.334077121973406;5.02642521842639
669;78;6;4.7094365191902385;4.7094365191902385;5.028037263717344
670;62;6;3.8073623286416782;3.8073623286416782;4.053086537436762
671;40;6;5.810712952938627;5.810712952938627;5.714939894797911
672;35;6;6.218534332232002;6.218534332232002;6.000611889563601
673;69;6;4.723365640367092;4.723365640367092;5.265167211147181
674;32;6;6.381598843814512;6.381598843814512;5.879871618596723
675;35;6;7.860805113800182;7.860805113800182;6.571474905344544
676;28;6;6.002920285057314;6.002920285057314;5.570053359112815
677;18;6;5.728641715341931;5.728641715341931;5.913602316245301
678;25;6;5.833679451660095;5.833679451660095;5.517658627602188
679;56;6;5.2667462954009565;5.2667462954009565;4.929682119793623
680;59;6;5.912825731708663;5.912825731708663;5.465759563077637
681;52;6;4.396405278651823;4.396405278651823;4.5807579028636125
682;15;6;6.090186422902614;6.090186422902614;5.4900073991618115
683;21;6;7.783298373583176;7.783298373583176;6.396291004315741
684;5;6;8.076450362477665;8.076450362477665;4.78676725554829
685;44;6;5.809378755579462;5.809378755579462;5.749462115745838
686;21;6;5.178876874242143;5.178876874242143;4.950899601337285
687;43;6;6.223196772706027;6.223196772706027;6.041867755394184
688;50;6;6.593387725120375;6.593387725120375;6.339182488915577
689;83;6;3.3799665430550756;3.3799665430550756;3.7684299491873694
690;54;6;5.2062947022767245;5.2062947022767245;5.3491509967951485
691;23;6;6.304857903220998;6.304857903220998;5.7521849742144955
692;26;6;3.9262937648679865;3.9262937648679865;3.7530719728434643
693;15;6;6.834577306628952;6.834577306628952;5.8638823256629635
694;46;6;4.951179908992001;4.951179908992001;4.724356498030893
695;3;6;9.491850614920924;9.491850614920924;5.796821787871133
696;11;6;6.42937916510839;6.42937916510839;4.978579246121594
697;52;6;4.719756508819882;4.719756508819882;4.681773269216902
698;19;6;6.259522168528771;6.259522168528771;5.602622584000534
699;69;6;3.701550277520841;3.701550277520841;3.8555829370497157
700;35;6;4.636397677349389;4.636397677349389;4.778999118633806
701;19;6;6.941883943504076;6.941883943504076;5.893253407545963
702;18;6;4.941072510338405;4.941072510338405;4.954971959050559
703;10;6;5.349904865562346;5.349904865562346;4.433364375513272
704;15;6;8.106045603082684;8.106045603082684;6.270816209021633
705;46;6;5.072046954066358;5.072046954066358;5.079527688780628
706;13;6;6.653928420981035;6.653928420981035;5.388346856297896
707;11;4;9.798740918900403;9.798740918900403;6.167946435267935
708;10;6;8.704251664302314;8.704251664302314;6.323727470360072
709;42;6;5.230333345190905;5.230333345190905;5.279819967861582
710;29;5;6.242920566196283;6.242920566196283;5.621043993776295
711;29;6;5.483521622962067;5.483521622962067;5.121163107170806
712;10;6;7.14354496978203;7.14354496978203;5.915558267538347
713;62;6;4.802662973481873;4.802662973481873;4.943825046377571
714;20;6;6.070068791352036;6.070068791352036;5.398124255441058
715;65;6;4.850302803787403;4.850302803787403;4.8631630565440425
716;38;6;3.919856726056788;3.919856726056788;3.9783158485233487
717;49;6;4.4075501664814025;4.4075501664814025;4.553346163845147
718;17;6;5.517026518801044;5.517026518801044;4.81812255177393
719;67;5;4.592125693057627;4.592125693057627;4.663046712392973
720;14;1;3.148180847368584;3.148180847368584;3.417346082357062
721;41;6;5.291899350908398;5.291899350908398;5.22774698170705
722;5;6;8.007011086240883;8.007011086240883;5.617942354425702
723;46;6;5.408023423225411;5.408023423225411;5.38671945818035
724;57;6;3.952801352014898;3.952801352014898;4.14934428380919
725;85;6;5.745960451614806;5.745960451614806;5.59179317255734
726;40;6;5.7448524660593785;5.7448524660593785;5.89825404598371
727;25;6;7.047025518548298;7.047025518548298;5.576526397069087
728;69;6;4.154188562305828;4.154188562305828;4.270078821464867
729;27;6;4.2912957665128495;4.2912957665128495;4.168668318885114
730;32;6;5.072380291883454;5.072380291883454;5.075102845259073
731;63;6;3.530799566767528;3.530799566767528;3.6600328083137246
732;40;6;2.6305527396814568;2.6305527396814568;2.876236272724065
733;68;6;3.7830345946756956;3.7830345946756956;3.925239680986244
734;72;6;3.9609633397837984;3.9609633397837984;4.391148249569706
735;58;6;5.015355104852466;5.015355104852466;4.665521809205563
736;87;6;3.7880260921699533;3.7880260921699533;3.968864550412864
737;48;6;3.979206051296183;3.979206051296183;4.049758886710246
738;43;6;4.871426571827391;4.871426571827391;4.774715233621804
739;10;4;7.197885504497893;7.197885504497893;5.564420293089748
740;54;6;5.698983566452272;5.698983566452272;5.6325071340751345
741;21;6;6.950516173833893;6.950516173833893;5.67316134710154
742;32;6;5.064899480531043;5.064899480531043;4.932675038028671
743;50;6;6.044434687744961;6.044434687744961;5.752233140013208
744;31;6;5.033339439508572;5.033339439508572;4.9496192149246685
745;14;6;5.30189990201862;5.30189990201862;4.317196091882632
746;10;6;5.17883752209576;5.17883752209576;4.339773406379991
747;70;6;4.136356013438614;4.136356013438614;4.321301990992354
748;30;6;3.4277338556253976;3.4277338556253976;3.0657319969670636
749;42;6;4.706290633000456;4.706290633000456;4.744762764264514
750;76;6;3.739094760165831;3.739094760165831;4.1823551850785305
751;16;6;6.730039258384559;6.730039258384559;5.439997150911028
752;24;6;6.895643630526044;6.895643630526044;6.152417600632837
753;60;6;4.097468006427147;4.097468006427147;4.049877929788663
754;43;6;5.280212858339558;5.280212858339558;5.0082976856564905
755;9;6;6.616935142255105;6.616935142255105;5.543344548428661
756;35;6;5.976020809309028;5.976020809309028;5.757870092914407
757;29;6;4.533842169152997;4.533842169152997;4.324465993439272
758;61;6;4.121679932685217;4.121679932685217;4.3339589709912785
759;14;1;7.240430550449872;7.240430550449872;5.094802908777754
760;42;6;5.53542347474313;5.53542347474313;5.149231083120337
761;32;6;7.626636984218548;7.626636984218548;6.8822034869281605
762;72;6;5.165821031760426;5.165821031760426;5.293197385707611
763;35;6;5.825677068184657;5.825677068184657;5.5841360193661504
764;11;4;6.153012229460409;6.153012229460409;6.250090105814741
765;28;6;6.027131701220171;6.027131701220171;5.759497040612724
766;22;6;7.408779141139511;7.408779141139511;6.373555312044768
767;82;6;4.513010756546305;4.513010756546305;4.605615926741353
768;33;6;4.977740189400696;4.977740189400696;4.89890290475663
769;61;6;4.163654611392288;4.163654611392288;4.421941272933889
770;36;6;6.46220057628275;6.46220057628275;6.021985387520274
771;70;6;4.8912962136679905;4.8912962136679905;4.814760410649911
772;73;6;2.7815722705291264;2.7815722705291264;3.435422495396385
773;74;6;2.8662406648064445;2.8662406648064445;3.517275656765041
774;46;6;3.651532965819923;3.651532965819923;3.810866235635119
775;85;6;3.2548099401066604;3.2548099401066604;3.624741879401271
776;86;6;5.699153696039828;5.699153696039828;5.861138517605112
777;63;6;3.0754132216811665;3.0754132216811665;3.4671573217810523
778;5;6;10.332240687630684;10.332240687630684;6.8522403628419415
779;47;6;6.804660253379952;6.804660253379952;6.363877065751614
780;66;6;4.8825255496887525;4.8825255496887525;4.861717763746596
781;60;6;4.188846615674483;4.188846615674483;4.4481909306482335
782;28;6;3.760596803334805;3.760596803334805;3.8279144697221414
783;57;6;5.596246316480187;5.596246316480187;5.580925030507858
784;26;6;5.544481586934644;5.544481586934644;5.059029305505377
785;50;6;5.453651208998587;5.453651208998587;5.305604717230417
786;18;6;4.780389142937628;4.780389142937628;3.8211181779595615
787;19;6;3.5432170086052164;3.5432170086052164;3.339328236959347
788;9;5;5.922726133618867;5.922726133618867;4.911564599773353
789;22;5;4.237513425026992;4.237513425026992;4.018897493300201
790;56;6;3.9351488929054876;3.9351488929054876;4.1206233141134065
791;88;5;3.364785067885653;3.364785067885653;3.6593959901615913
792;11;6;7.240509228335925;7.240509228335925;7.031772113754679
793;5;6;7.749645690000875;7.749645690000875;5.8600604288610825
794;48;6;3.130699520987497;3.130699520987497;3.346237092634196
795;57;6;5.63976437957522;5.63976437957522;6.152501512338553
796;7;6;5.02384930657376;5.02384930657376;3.961257140430942
797;8;6;4.728359749233945;4.728359749233945;3.94809341164138
798;21;6;5.981518201408679;5.981518201408679;5.405352694704478
799;46;6;4.945568973220461;4.945568973220461;4.9378069059889995
800;47;6;5.414251471555295;5.414251471555295;5.6872026202009485
801;69;6;4.379179615872683;4.379179615872683;4.632404674918451
802;31;6;4.64573007572727;4.64573007572727;4.780939258156665
803;75;6;3.8864456130943528;3.8864456130943528;4.094781237895014
804;95;6;5.2506830109393805;5.2506830109393805;5.481105787005713
805;46;6;5.593134379406499;5.593134379406499;5.516369316881196
806;52;6;6.0184382204011335;6.0184382204011335;5.793024380489303
807;49;6;5.836918812828783;5.836918812828783;5.9122129278736155
808;11;6;7.179639649732803;7.179639649732803;5.782955032298497
809;63;6;5.373415640383976;5.373415640383976;5.324991356709544
810;58;6;4.69221861851392;4.69221861851392;5.069821960632232
811;19;6;4.54704876480994;4.54704876480994;4.317407845039523
812;48;6;4.835435997341927;4.835435997341927;4.75361275014172
813;23;6;6.0021510311903;6.0021510311903;5.530700889661742
814;19;6;5.212955315874988;5.212955315874988;4.510646580723302
815;83;6;4.947201731146386;4.947201731146386;5.097286604720521
816;39;6;5.7205501258160965;5.7205501258160965;5.450004617156314
817;46;6;4.2606999942438595;4.2606999942438595;4.196611362068223
818;9;6;8.603416796038855;8.603416796038855;6.803906867486216
819;59;6;4.665285144481972;4.665285144481972;4.755419605189766
820;46;6;3.8805942396247857;3.8805942396247857;3.925978460213544
821;36;6;4.498395283566318;4.498395283566318;4.501166571817457
822;41;6;4.078254998299234;4.078254998299234;4.426093307920056
823;60;6;3.2405678066997696;3.2405678066997696;3.437032229196426
824;69;6;5.3648832879066894;5.3648832879066894;5.641851142467866
825;91;6;5.921135554160806;5.921135554160806;5.627505386405268
826;37;6;5.104954315327106;5.104954315327106;4.880955393392008
827;72;6;4.383289816371999;4.383289816371999;4.705633011505031
828;70;6;4.034864125016335;4.034864125016335;4.129294500226818
829;88;6;3.7526483145214984;3.7526483145214984;4.1827834172976
830;42;6;5.808482988870118;5.808482988870118;5.645843737025599
831;39;6;3.6864557555781667;3.6864557555781667;3.7554617398140167
832;37;6;7.70307995246173;7.70307995246173;6.935957877409001
833;67;6;4.671194755158303;4.671194755158303;4.907021751234838
834;22;6;8.378991257858004;8.378991257858004;6.93832556424545
835;19;6;5.177393448017472;5.177393448017472;4.855226403416162
836;7;6;7.137712422722144;7.137712422722144;5.709182720250601
837;38;6;4.326473084644125;4.326473084644125;4.242079014056149
838;24;6;5.198821419150268;5.198821419150268;5.136223730389876
839;60;6;4.473377598633488;4.473377598633488;4.673253326955066
840;57;6;4.760669319337363;4.760669319337363;4.805271098708777
841;6;5;12.900069997612977;12.900069997612977;5.969345037073665
842;52;6;6.286290909737817;6.286290909737817;5.98257968463845
843;21;6;5.797172067819847;5.797172067819847;5.214148591847259
844;45;6;6.395510555001375;6.395510555001375;5.716558793146958
845;79;6;4.159565883002514;4.159565883002514;4.264834831137853
846;28;6;5.208464999444874;5.208464999444874;4.908983699826911
847;56;6;5.439246369039911;5.439246369039911;5.643536709293099
848;54;6;4.334613088808595;4.334613088808595;4.435947867747149
849;53;6;3.8953266341259916;3.8953266341259916;4.00261071141485
850;20;6;5.203575968014047;5.203575968014047;4.61915178240547
851;27;6;6.496088535881218;6.496088535881218;5.789484676057698
852;25;6;4.575006220086432;4.575006220086432;4.1860991363024755
853;43;6;5.731492089009848;5.731492089009848;5.657274811182096
854;29;6;4.843624317468803;4.843624317468803;5.105104038435377
855;26;6;6.220912883468989;6.220912883468989;5.849858492205663
856;17;6;5.868998473517964;5.868998473517964;5.413302086707753
857;76;6;4.117349997502793;4.117349997502793;4.391951962618996
858;44;6;4.795779106999386;4.795779106999386;5.063933430205461
859;53;6;3.9904777547563635;3.9904777547563635;4.465112487134482
860;62;6;3.6341595961419806;3.6341595961419806;3.9106423247222857
861;9;6;6.388064337517137;6.388064337517137;5.645303548325304
862;26;6;4.959179408972266;4.959179408972266;5.0042785829829635
863;59;6;5.596715888966312;5.596715888966312;5.406154843524195
864;70;6;6.938299694762528;6.938299694762528;6.754628715523531
865;63;6;4.615794197878763;4.615794197878763;4.808548521423188
866;33;6;3.998450759139489;3.998450759139489;4.290922528769007
867;64;6;4.917864592056205;4.917864592056205;5.320122686933287
868;31;6;5.3804702887617895;5.3804702887617895;5.177884582004813
869;79;6;4.969527618853725;4.969527618853725;5.299956863730274
870;53;6;4.612510211339371;4.612510211339371;4.549761828848749
871;37;6;5.251202354914124;5.251202354914124;5.064525522169942
872;30;6;4.063153958432637;4.063153958432637;4.140534235458541
873;26;6;6.017081815825932;6.017081815825932;5.105997336645981
874;5;6;9.072018917846416;9.072018917846416;5.849833360281796
875;17;6;5.4488781357315235;5.4488781357315235;4.997175477277118
876;58;6;3.394583260194865;3.394583260194865;3.872900860139143
877;79;6;5.445020361857676;5.445020361857676;5.468961183667385
878;74;6;5.4413452034422924;5.4413452034422924;5.490137879347173
879;57;6;5.488270923573913;5.488270923573913;5.517409338917845
880;80;6;4.205140080160513;4.205140080160513;4.4634305624765656
881;12;6;4.287962847325507;4.287962847325507;3.4551981088197015
882;50;6;4.133463360023631;4.133463360023631;4.2986793324783505
883;53;6;5.906621013271475;5.906621013271475;5.909095478641107
884;72;6;3.8439758682672167;3.8439758682672167;4.011700719372682
885;46;6;5.321682995158004;5.321682995158004;5.363424419364699
886;64;6;5.385904731988639;5.385904731988639;5.529092070495265
887;33;6;4.73912473651537;4.73912473651537;4.83035198434036
888;31;6;7.747045615705733;7.747045615705733;7.775587641874837
889;41;6;5.3894910478931015;5.3894910478931015;5.3000849288566005
890;36;6;3.7901063177731134;3.7901063177731134;3.9669749150979965
891;54;6;4.914948261532768;4.914948261532768;4.944763892918051
892;29;6;4.341944294421245;4.341944294421245;4.522137296701931
893;60;6;5.175134286240656;5.175134286240656;5.064498253745171
894;60;6;3.4918325230496086;3.4918325230496086;3.855766536599693
895;54;6;3.2183258484189023;3.2183258484189023;3.8836864134997198
896;40;6;3.4333837421502427;3.4333837421502427;3.7208871900136105
897;34;6;4.957065205426311;4.957065205426311;5.114288887556801
898;66;6;7.5114155988744296;7.5114155988744296;7.159242356822939
899;18;6;5.676772671601601;5.676772671601601;5.061986943330665
900;10;6;6.848413959168578;6.848413959168578;6.0399146067688845
901;28;6;6.549852973417053;6.549852973417053;5.854590424296716
902;68;6;4.052595046566023;4.052595046566023;4.330673800469271
903;44;6;7.45235922081477;7.45235922081477;6.8789164081424135
904;44;6;3.0875237470332926;3.0875237470332926;3.4670345017295285
905;23;6;5.380464180055119;5.380464180055119;5.2657501842631005
906;34;6;5.051057176475486;5.051057176475486;5.227137383992925
907;57;6;4.19592922635716;4.19592922635716;4.562373475035345
908;31;6;4.591630725786223;4.591630725786223;4.725494187781573
909;59;6;4.150443686850661;4.150443686850661;4.292447978321898
910;69;6;5.438584140983142;5.438584140983142;5.242973056987891
911;38;6;5.7326861624620795;5.7326861624620795;5.545554811138815
912;71;6;4.140117559447123;4.140117559447123;4.376106065551302
913;37;6;4.431573171968105;4.431573171968105;4.5402341041351395
914;19;6;5.489027004146547;5.489027004146547;5.189930921421867
915;12;6;8.089871631745932;8.089871631745932;6.914731736790136
916;32;6;5.083667201088141;5.083667201088141;5.006920872384969
917;49;6;5.097611931282165;5.097611931282165;5.2086842294180515
918;25;6;6.43460015507643;6.43460015507643;5.79100715242495
919;65;6;5.233980383401284;5.233980383401284;5.4452665478094255
920;71;6;3.4709827518789518;3.4709827518789518;3.9134162012833302
921;63;6;4.262260831607731;4.262260831607731;4.745684462255795
922;16;6;4.1211029754100945;4.1211029754100945;4.288963159642202
923;11;6;6.620749045307324;6.620749045307324;4.944999177174233
924;49;6;5.404667210865438;5.404667210865438;5.550965813122756
925;54;6;5.447140765950255;5.447140765950255;5.549160059821862
926;13;6;10.594422161232282;10.594422161232282;8.42541824136906
927;16;6;11.686284020416771;11.686284020416771;9.390573326569653
928;57;6;3.7799743215337527;3.7799743215337527;4.490252063629973
929;64;6;4.030993648028764;4.030993648028764;4.722289340384008
930;59;6;4.166422241541641;4.166422241541641;4.556229956297348
931;16;6;0.0;0.0;5.7846678317304345
932;16;6;0.0;0.0;5.7846678317304345
933;19;6;0.0;0.0;6.420807374578115
934;18;6;0.0;0.0;6.420807374578115
935;22;6;0.0;0.0;5.158842083973425
936;22;6;0.0;0.0;5.158842083973425
937;60;5;5.114501068703816;5.114501068703816;5.247365895933372
938;18;6;6.026079089728769;6.026079089728769;5.3244590980157565
939;60;6;5.796340857381354;5.796340857381354;6.055769097626978
940;53;6;5.23808327728067;5.23808327728067;5.088204588904117
941;25;6;5.809694070807756;5.809694070807756;5.567826844534407
942;42;6;4.35513442459892;4.35513442459892;4.450493727065621
943;34;6;4.753184816115523;4.753184816115523;4.765994378801796
944;61;6;4.31360902384193;4.31360902384193;4.650554339414679
945;75;6;4.595802823888719;4.595802823888719;4.8026720098384565
946;27;6;6.630455270392155;6.630455270392155;6.315563114762195
947;40;6;4.612874131808567;4.612874131808567;4.461234258335676
948;35;6;5.093145014469288;5.093145014469288;5.161978223444599
949;82;6;4.33506075905445;4.33506075905445;4.842678082852737
950;62;6;4.374131813984464;4.374131813984464;4.7794639634758145
951;25;6;7.7423269539971455;7.7423269539971455;6.768508674744176
952;26;6;7.111916499960845;7.111916499960845;6.217162665611646
953;42;6;5.888267487641532;5.888267487641532;5.698201275601431
954;11;6;7.721464908598255;7.721464908598255;5.654951273465116
955;2;6;12.4227383500548;12.4227383500548;7.843457362937437
956;65;6;4.433232139443903;4.433232139443903;4.716289562798921
957;64;6;6.6004592850680135;6.6004592850680135;6.393014778359803
958;41;6;5.807316077524122;5.807316077524122;5.720346080631773
959;59;6;4.678229358086268;4.678229358086268;4.897948055208877
960;27;6;5.448344323566718;5.448344323566718;5.120009862279354
961;23;6;5.361025286689295;5.361025286689295;5.211564953628811
962;12;6;0.0;0.0;4.820109151655579
963;11;6;0.0;0.0;4.820109151655579
964;13;6;0.0;0.0;6.807186941439432
965;13;6;0.0;0.0;6.807186941439432
966;45;6;0.0;0.0;5.506075475675144
967;45;6;0.0;0.0;5.506075475675144
968;28;6;7.4675919144692005;7.4675919144692005;6.642939800198535
969;45;6;0.0;0.0;6.226347385330547
970;46;6;0.0;0.0;6.226347385330547
971;3;6;10.860449032902897;10.860449032902897;7.29776254870079
972;32;6;5.8524698534955055;5.8524698534955055;5.1588049080324705
973;19;6;7.7396801534456925;7.7396801534456925;6.656655990170562
974;4;6;0.0;0.0;5.612423813703613
975;4;6;0.0;0.0;5.612423813703613
976;16;6;6.5501968285108205;6.5501968285108205;5.619469504669427
977;14;6;7.824035484268139;7.824035484268139;6.197370862647996
978;37;6;0.0;0.0;5.9456298300437
979;35;6;0.0;0.0;5.9456298300437
980;19;6;3.855744202690773;3.855744202690773;3.9181299190497216
981;19;6;3.991634739025626;3.991634739025626;4.142045224502559
982;54;6;5.707475105525524;5.707475105525524;5.884427991288807
983;9;6;9.464326335717159;9.464326335717159;6.845207834750429
984;44;6;0.0;0.0;4.59505443119315
985;43;6;0.0;0.0;4.59505443119315
986;16;6;0.0;0.0;4.02025441889463
987;16;6;0.0;0.0;4.02025441889463
988;2;5;7.2325963432796145;7.2325963432796145;3.3219338262262084
989;2;6;0.0;0.0;3.4643835046690348
990;2;6;0.0;0.0;3.4643835046690348
991;26;6;5.054118942064208;5.054118942064208;5.0654310167802645
992;25;6;5.091008035342935;5.091008035342935;4.925270983924001
993;63;6;4.9569552614952554;4.9569552614952554;4.879746106909058
994;57;6;5.210353710861508;5.210353710861508;5.517439539538764
995;59;6;8.310020141915542;8.310020141915542;7.907697908716665
996;35;6;5.162504370621099;5.162504370621099;5.0273346150805835
997;5;6;7.692214779636107;7.692214779636107;5.7438314447255125
998;3;6;7.214612548307007;7.214612548307007;5.387007415650074
999;5;5;6.463628741808532;6.463628741808532;5.2562284216572674
1000;3;6;5.675270989278839;5.675270989278839;3.756919284761507
1001;37;6;5.503492503172614;5.503492503172614;5.2836913296065315
1002;39;6;3.944718531776322;3.944718531776322;4.387083642698958
1003;51;6;5.821022966668733;5.821022966668733;5.763924405706744
1004;60;6;3.089562301113517;3.089562301113517;3.4621005829041835
1005;17;6;8.50600592282603;8.50600592282603;7.080977603233419
1006;53;6;0.0;0.0;4.607613162024336
1007;50;6;0.0;0.0;4.607613162024336
1008;30;6;0.0;0.0;4.909366929073775
1009;31;6;0.0;0.0;4.909366929073775
1010;59;6;4.757845450749644;4.757845450749644;4.992966011814314
1011;73;6;0.0;0.0;4.300214493684555
1012;73;6;0.0;0.0;4.300214493684555
1013;26;6;6.30479783149075;6.30479783149075;5.937956297874739
1014;44;5;0.0;0.0;4.064617356448984
1015;44;5;0.0;0.0;4.064617356448984
1016;29;6;4.8134876094397985;4.8134876094397985;5.481938804936284
1017;25;6;4.905081703177936;4.905081703177936;5.609044183887893
1018;6;6;0.0;0.0;5.248509681660856
1019;6;6;0.0;0.0;5.248509681660856
1020;59;6;5.8796167819523255;5.8796167819523255;5.851266594298699
1021;10;6;11.35172815070408;11.35172815070408;7.309550688388502
1022;12;6;4.901749932835472;4.901749932835472;4.478368506942339
1023;24;6;6.531083113404207;6.531083113404207;5.739043165855067
1024;40;6;0.0;0.0;4.378688366205158
1025;41;6;0.0;0.0;4.378688366205158
1026;26;6;0.0;0.0;5.128212863533009
1027;26;6;0.0;0.0;5.128212863533009
1028;30;6;4.000067466258008;4.000067466258008;3.9027896143902945
1029;46;6;4.449998519781881;4.449998519781881;4.815857546542279
1030;21;6;6.153427564195299;6.153427564195299;5.548953276495904
1031;54;6;5.18556472435868;5.18556472435868;5.27423745760687
1032;40;6;5.329221345120187;5.329221345120187;5.060638559379586
1033;10;6;5.933771297608195;5.933771297608195;4.936673330900232
1034;67;6;6.013537184579684;6.013537184579684;5.989922365486998
1035;21;6;5.684970417310411;5.684970417310411;5.378116967275977
1036;49;6;4.0649853753624825;4.0649853753624825;4.15773252523023
1037;70;6;6.676375040616135;6.676375040616135;6.465496473928041
1038;43;6;3.413680386394937;3.413680386394937;3.741228704570972
1039;1;5;10.516207348594786;10.516207348594786;5.62974424554402
1040;61;6;5.4395209836274425;5.4395209836274425;5.472655791224259
1041;67;6;3.781667419593161;3.781667419593161;4.024559757133612
1042;70;6;3.749245666900288;3.749245666900288;4.156823758668688
1043;58;6;4.727454253244687;4.727454253244687;5.027511197609544
1044;42;6;4.312296006901054;4.312296006901054;4.137323697008596
1045;77;6;4.713265902166077;4.713265902166077;5.154576775755082
1046;31;6;4.969279130473462;4.969279130473462;4.559874845030289
1047;56;6;3.5076071626037737;3.5076071626037737;3.8190620305697567
1048;65;6;5.486378408889122;5.486378408889122;5.573889270663253
1049;55;6;4.1812447357713145;4.1812447357713145;4.307149302705374
1050;29;6;3.6369767315650976;3.6369767315650976;3.7897563998926302
1051;46;6;6.982459150283041;6.982459150283041;6.3685270025735035
1052;24;6;5.7354721938715105;5.7354721938715105;5.315094590538269
1053;45;6;4.638222770432247;4.638222770432247;4.623349786446898
1054;75;6;5.605707608174302;5.605707608174302;5.797092335818581
1055;57;6;3.8890680604169536;3.8890680604169536;4.195285397966786
1056;71;6;4.755922039937837;4.755922039937837;4.889167958638164
1057;64;6;2.780952147802749;2.780952147802749;3.4318500884552248
1058;12;4;6.094177645433433;6.094177645433433;6.490810017368681
1059;33;6;6.2096872734408795;6.2096872734408795;5.870287412073816
1060;28;6;4.087319450012652;4.087319450012652;4.275115874663393
1061;23;6;7.281949297829994;7.281949297829994;6.904219791627625
1062;58;6;4.840945414510844;4.840945414510844;4.751661644593878
1063;52;6;7.374395032819462;7.374395032819462;6.833780704195367
1064;33;6;4.748293471711316;4.748293471711316;4.899909307143822
1065;79;6;4.981629130272224;4.981629130272224;5.211758842839113
1066;25;6;4.7326400322041415;4.7326400322041415;4.659707500134281
1067;32;6;4.764448663496792;4.764448663496792;5.309689187824522
1068;23;6;4.848361948726473;4.848361948726473;4.305930013309021
1069;62;6;4.141106888382333;4.141106888382333;4.3137382037197725
1070;17;6;3.801693321957518;3.801693321957518;3.9686321730344614
1071;56;6;5.183003438093992;5.183003438093992;5.173761262557329
1072;63;6;4.825823013797637;4.825823013797637;4.811468497344429
1073;59;6;6.070327742543204;6.070327742543204;6.151936394248565
1074;19;6;4.963156191372563;4.963156191372563;4.667288280489027
1075;50;6;8.787359839050515;8.787359839050515;7.834332758412819
1076;35;6;4.1490174532032515;4.1490174532032515;4.387569767897399
1077;12;4;7.122580043448044;7.122580043448044;6.670012340863529
1078;9;6;7.680029235034635;7.680029235034635;6.053633296136942
1079;5;6;4.927015842151275;4.927015842151275;3.4817606216096557
1080;36;6;5.7527150405485665;5.7527150405485665;5.625481043592967
1081;43;6;5.305369501275773;5.305369501275773;5.16920523491177
1082;96;6;3.2333048252195282;3.2333048252195282;3.5740315860213343
1083;45;6;3.9740333838932176;3.9740333838932176;4.534251415406312
1084;38;6;3.5829575922697474;3.5829575922697474;3.74039281491425
1085;35;6;5.0516521934631955;5.0516521934631955;4.668185396705104
1086;63;6;3.031276415572916;3.031276415572916;3.681731562944741
1087;62;6;3.489919262638905;3.489919262638905;3.6121481292708735
1088;68;6;3.759867353062167;3.759867353062167;4.025874958843306
1089;42;6;4.39842354612106;4.39842354612106;4.546363147727004
1090;16;6;4.889599877969385;4.889599877969385;3.7531654506794343
1091;67;6;4.351209357866602;4.351209357866602;4.432313767138806
1092;57;6;6.510611033658858;6.510611033658858;6.300768589939137
1093;54;6;4.767953886692734;4.767953886692734;4.671618090110803
1094;55;6;4.47482770811731;4.47482770811731;4.571945196308771
1095;48;6;6.279953373615578;6.279953373615578;6.036151032284193
1096;28;6;6.8503081120785385;6.8503081120785385;6.202248708781282
1097;69;6;5.67138646757246;5.67138646757246;5.60804847732066
1098;52;6;5.111913980141464;5.111913980141464;5.423256081710357
1099;56;6;4.312447957970707;4.312447957970707;4.748025990166853
1100;37;6;5.679139713798756;5.679139713798756;5.793089219691837
1101;34;6;3.9442237533135827;3.9442237533135827;4.080913364224436
1102;21;6;4.700730198874283;4.700730198874283;4.479384619599775
1103;42;6;5.162976640604844;5.162976640604844;5.052267038139876
1104;33;6;3.42370516941122;3.42370516941122;3.6877736169317945
1105;17;6;3.75146979264748;3.75146979264748;3.3161595817948366
1106;10;6;7.327744861076385;7.327744861076385;5.744307241918267
1107;54;6;4.364928185182386;4.364928185182386;4.387924734422999
1108;19;6;4.7363194502699315;4.7363194502699315;4.803143249452993
1109;5;6;6.564515958082438;6.564515958082438;4.520245460488212
1110;8;6;6.412484742187785;6.412484742187785;5.280910654879896
1111;30;6;5.317649345110845;5.317649345110845;5.529460164320086
1112;43;6;4.3262097890761915;4.3262097890761915;4.436752899331004
1113;19;6;4.319227448866803;4.319227448866803;4.491007653250011
1114;22;6;4.242948085570072;4.242948085570072;4.026493737651101
1115;22;6;5.605766975833198;5.605766975833198;5.759765268602242
1116;19;6;4.327279305881683;4.327279305881683;4.0230670895319705
1117;70;6;4.486474273044769;4.486474273044769;4.710370313396728
1118;23;6;5.08396266742405;5.08396266742405;5.135289795904333
1119;23;6;4.7655257350758555;4.7655257350758555;4.463122072893012
1120;12;6;3.896956574837639;3.896956574837639;3.4022879817953466
1121;37;6;5.891951171566998;5.891951171566998;5.761778580142112
1122;42;6;4.438879642692808;4.438879642692808;4.2668786476330895
1123;65;6;4.0472522961622195;4.0472522961622195;4.099570069305621
1124;66;6;5.249870346102909;5.249870346102909;5.546905476119834
1125;3;6;11.93852567482872;11.93852567482872;5.030800165005493
1126;26;6;4.883230284538877;4.883230284538877;4.691896747865235
1127;56;6;6.330918582955451;6.330918582955451;5.956960872789265
1128;13;6;7.031919431388747;7.031919431388747;6.209117151898465
1129;40;6;3.9438494816822156;3.9438494816822156;4.196111886690356
1130;25;6;6.328855627790238;6.328855627790238;6.041978193882064
1131;25;6;4.916428132705838;4.916428132705838;4.576222308570537
1132;50;6;5.713291626669415;5.713291626669415;5.549817279917734
1133;37;6;6.300566805129376;6.300566805129376;6.000614624597314
1134;52;6;5.1680540360996545;5.1680540360996545;5.101891467000397
1135;49;6;6.830329846631587;6.830329846631587;6.654171121515582
1136;14;6;0.0;0.0;4.212918942102958
1137;14;6;0.0;0.0;4.212918942102958
1138;95;6;3.3042198040016926;3.3042198040016926;3.6960970616008693
1139;52;6;2.976047139239949;2.976047139239949;3.33923247695056
1140;36;6;6.686140069250968;6.686140069250968;6.298298162626489
1141;49;6;4.737322889956955;4.737322889956955;4.852531352761007
1142;38;6;4.729960075372573;4.729960075372573;4.98780363775838
1143;28;6;6.604435384301424;6.604435384301424;5.890817255337697
1144;64;6;5.696415943254022;5.696415943254022;5.726527167319524
1145;13;2;3.377746941927915;3.377746941927915;3.46150806466342
1146;30;6;4.460293247627444;4.460293247627444;4.45397593116314
1147;39;6;6.766473429737909;6.766473429737909;6.396279305404918
1148;36;6;5.025134249189677;5.025134249189677;4.993715887147133
1149;16;6;6.779135750797202;6.779135750797202;5.920074612815913
1150;63;6;4.331858539434727;4.331858539434727;4.310043303650539
1151;29;6;5.645072417185947;5.645072417185947;5.530782438665506
1152;27;6;7.406086587022729;7.406086587022729;6.452464852586214
1153;18;6;6.379920807662487;6.379920807662487;5.319713850070773
1154;54;6;4.454685089974801;4.454685089974801;4.588502537077887
1155;6;6;6.421194137626938;6.421194137626938;4.49818980337501
1156;29;6;5.7348853326174805;5.7348853326174805;5.450630891404754
1157;29;6;5.219433111428703;5.219433111428703;4.787000305746564
1158;80;6;4.2243269650089985;4.2243269650089985;4.656685815500982
1159;30;6;7.833926907051731;7.833926907051731;7.372637258170307
1160;46;6;4.120760000311411;4.120760000311411;4.15998020482874
1161;34;6;5.394677476337857;5.394677476337857;5.4456542002606225
1162;42;6;6.984094983906554;6.984094983906554;6.446813711030409
1163;14;6;8.396944392768056;8.396944392768056;6.84225141653859
1164;26;6;5.7166044053252465;5.7166044053252465;5.308626554262985
1165;29;6;5.986254801791441;5.986254801791441;5.287286325367
1166;43;6;4.705581126197805;4.705581126197805;4.743677386857141
1167;24;6;6.004765226392458;6.004765226392458;5.128054606051349
1168;62;6;6.843247693294331;6.843247693294331;6.7001745114981635
1169;14;6;6.681146774338495;6.681146774338495;5.783282695043083
1170;24;6;3.5185210614982463;3.5185210614982463;3.6261013750078726
1171;52;6;3.178168870577832;3.178168870577832;3.5817833546796316
1172;95;6;3.0535151876728612;3.0535151876728612;3.709615414637594
1173;77;6;2.7373906777369603;2.7373906777369603;3.171769665637604
1174;82;6;8.779061630491025;8.779061630491025;8.04556903035299
1175;91;6;2.9192970737374773;2.9192970737374773;3.5722442859218195
1176;32;6;0.0;0.0;5.239316335004012
1177;30;6;0.0;0.0;5.239316335004012
1178;34;6;5.765873175925931;5.765873175925931;5.533517386310408
1179;87;6;3.991900881098836;3.991900881098836;4.334509941136908
1180;60;6;4.386913057267089;4.386913057267089;4.831843769036258
1181;53;6;3.748951871245457;3.748951871245457;3.9978711776003912
1182;1;6;12.697931314411617;12.697931314411617;5.3627239169314755
1183;9;6;5.941205337807914;5.941205337807914;4.484067831202229
1184;9;6;4.80748167439081;4.80748167439081;3.933388469554266
1185;20;6;4.814173945363469;4.814173945363469;4.656566986994608
1186;28;6;5.734089839984788;5.734089839984788;5.3259427999252384
1187;54;6;4.863724918105292;4.863724918105292;4.963291537612911
1188;37;6;4.605756074705332;4.605756074705332;4.658725778275183
1189;40;6;6.384170936744828;6.384170936744828;6.17269180711416
1190;5;6;7.58969043610965;7.58969043610965;5.716567510155703
1191;30;6;5.17270139820505;5.17270139820505;5.141413734199185
1192;12;6;6.988739501588714;6.988739501588714;5.641286955494299
1193;38;6;5.82342616908538;5.82342616908538;5.672026149899144
1194;42;6;5.399087921250121;5.399087921250121;5.5680220744820845
1195;28;6;4.5153533277313;4.5153533277313;4.073770916109545
1196;77;6;4.457114085228414;4.457114085228414;4.887170178521084
1197;44;6;6.271861122853361;6.271861122853361;6.095066391639995
1198;25;6;8.675640596530776;8.675640596530776;7.92309388140519
1199;9;6;6.154233409372382;6.154233409372382;4.360294166464406
1200;6;6;6.366409682977822;6.366409682977822;4.430173465728539
1201;10;6;4.409092965532154;4.409092965532154;3.7914007840374495
1202;52;6;4.55974809358908;4.55974809358908;4.719506020495137
1203;51;6;4.127487221019986;4.127487221019986;4.164531106798122
1204;45;6;5.265906362244663;5.265906362244663;5.267410437173392
1205;11;6;5.3715943989301325;5.3715943989301325;4.716559614353975
1206;43;6;4.336590554250147;4.336590554250147;4.437557856896209
1207;48;6;4.275332328075219;4.275332328075219;3.910575361494979
1208;51;6;3.099556392589064;3.099556392589064;3.2882936447338262
1209;34;6;3.407536114664551;3.407536114664551;3.654349426806797
1210;35;6;4.495596657460603;4.495596657460603;4.446057458390425
1211;36;6;7.2748579565909886;7.2748579565909886;6.415838822932885
1212;57;6;5.797678506830229;5.797678506830229;5.74696180276285
1213;22;6;5.605342605988865;5.605342605988865;4.914220898315825
1214;20;6;6.308615019012161;6.308615019012161;6.070811475472936
1215;60;6;6.474440974438894;6.474440974438894;6.224281605573485
1216;4;6;7.7234366159874766;7.7234366159874766;5.412820360937897
1217;10;6;7.044940868726955;7.044940868726955;5.910318189455556
1218;46;6;4.727158157847604;4.727158157847604;4.99246440430825
1219;42;6;5.775066950496578;5.775066950496578;5.7710577853294005
1220;3;6;8.528973974368775;8.528973974368775;6.238626595627724
1221;91;6;4.225023180566227;4.225023180566227;4.449722282307026
1222;28;6;5.987060252097999;5.987060252097999;5.265808036890633
1223;44;6;5.11022928864982;5.11022928864982;4.948044502776221
1224;54;6;4.195240547736927;4.195240547736927;4.362139514843925
1225;38;6;4.6217068502543945;4.6217068502543945;4.4505153083736655
1226;33;6;6.6362971050284525;6.6362971050284525;5.9358414104897195
1227;72;6;4.422092221394275;4.422092221394275;4.6205499979491576
1228;40;6;3.7703094576517677;3.7703094576517677;3.864784791634087
1229;36;6;8.67657374368465;8.67657374368465;7.626582723779346
1230;41;6;4.876743664685145;4.876743664685145;4.8540935710027515
1231;67;6;4.9994943309198465;4.9994943309198465;4.884911013553886
1232;37;6;5.700899994914179;5.700899994914179;5.636651742407032
1233;91;6;4.46632538940716;4.46632538940716;4.752440482046227
1234;56;6;5.559639703721387;5.559639703721387;5.340438082976068
1235;71;6;5.457834247832475;5.457834247832475;5.49701620827399
1236;85;6;4.080020343804213;4.080020343804213;4.1320469870710435
1237;60;6;3.844321958312576;3.844321958312576;4.2150103117126765
1238;22;6;4.748023832301747;4.748023832301747;4.710945121931799
1239;52;6;3.295330058503025;3.295330058503025;3.60745416158701
1240;52;6;4.800321128642513;4.800321128642513;4.5170196858627065
1241;76;6;4.498734577861493;4.498734577861493;4.779046912813529
1242;31;6;0.0;0.0;4.480845632409771
1243;30;6;0.0;0.0;4.480845632409771
1244;44;6;3.604250991932674;3.604250991932674;4.049242741636497
1245;42;6;4.845245685122682;4.845245685122682;5.143902832574343
1246;17;6;6.127130176722312;6.127130176722312;5.698952488606844
1247;20;6;5.554785737386625;5.554785737386625;4.96129789286142
1248;18;6;9.593752313502957;9.593752313502957;8.152626466710318
1249;15;6;9.400001017515502;9.400001017515502;7.283706866610325
1250;13;6;7.612342901685707;7.612342901685707;6.156661217783217
1251;51;6;3.4674452256026957;3.4674452256026957;3.7410712781152875
1252;10;6;5.267252958113461;5.267252958113461;3.9900315865886924
1253;66;6;5.641132188033975;5.641132188033975;5.838392432593819
1254;71;6;4.447837954807809;4.447837954807809;4.414756891697044
1255;48;6;4.806628459497728;4.806628459497728;5.003320636404924
1256;57;6;0.0;0.0;6.142318447859358
1257;34;6;6.54762895590044;6.54762895590044;5.89113093053177
1258;56;6;0.0;0.0;6.142318447859358
1259;33;6;4.588974945195743;4.588974945195743;4.837058603233484
1260;53;6;5.147120551723792;5.147120551723792;5.215299267460031
1261;36;6;4.875978171738261;4.875978171738261;4.778404393066421
1262;39;6;6.702686459124971;6.702686459124971;6.5128158749835565
1263;34;6;3.412567169610587;3.412567169610587;4.118464147903665
1264;21;6;3.672219884925041;3.672219884925041;4.223971338122821
1265;91;6;3.3574922597164445;3.3574922597164445;3.668263073416799
1266;62;6;3.9037770580620488;3.9037770580620488;4.067851414055481
1267;47;6;4.269366592623834;4.269366592623834;4.344963634189937
1268;51;6;3.450499649924431;3.450499649924431;3.673134499033982
1269;67;6;4.060015705736408;4.060015705736408;4.170418424526494
1270;30;6;5.066921660906943;5.066921660906943;4.6826947833065855
1271;65;6;5.611910257269872;5.611910257269872;5.676683887782233
1272;11;6;7.081440297385397;7.081440297385397;5.810947453847409
1273;66;6;4.398564809744348;4.398564809744348;4.590296087437705
1274;63;6;3.9129749220496244;3.9129749220496244;4.084089074114174
1275;34;6;4.538349707028181;4.538349707028181;4.470054920997098
1276;71;6;6.951530693818354;6.951530693818354;6.578724918965894
1277;32;6;7.384688856754846;7.384688856754846;6.909992845197065
1278;57;6;4.765652077889286;4.765652077889286;4.761455601344296
1279;24;6;5.020860032227244;5.020860032227244;4.769806053010037
1280;30;6;4.222802802884247;4.222802802884247;4.417309277059738
1281;93;6;3.5486565815039466;3.5486565815039466;3.913316110942961
1282;8;6;6.120889634169026;6.120889634169026;5.907145674656856
1283;10;6;4.669199092954738;4.669199092954738;4.692938007945598
1284;60;6;4.420844181740449;4.420844181740449;4.709384491179721
1285;35;6;4.90591535430046;4.90591535430046;4.9830736703762595
1286;64;6;4.959653578385588;4.959653578385588;5.452873358443775
1287;10;5;5.288774050839244;5.288774050839244;4.043400941964246
1288;10;6;5.159221655118433;5.159221655118433;4.7895647056712
1289;49;6;4.619768199547328;4.619768199547328;4.693234922823027
1290;41;6;5.129704708566808;5.129704708566808;5.340575847290223
1291;56;6;3.941488831971698;3.941488831971698;4.101911852870651
1292;50;6;5.003954027875867;5.003954027875867;5.038169255239396
1293;28;6;7.399755174462988;7.399755174462988;7.0482817676874845
1294;11;6;6.015397407863308;6.015397407863308;4.911825954263699
1295;79;6;4.910050542633794;4.910050542633794;4.934812372876338
1296;52;6;3.8256944167274636;3.8256944167274636;4.190350262759937
1297;19;6;7.475701148719905;7.475701148719905;6.7556373593766175
1298;64;6;5.75252172315231;5.75252172315231;5.4595036875590335
1299;29;6;4.304514538119528;4.304514538119528;4.012105149299817
1300;60;6;5.388206429824753;5.388206429824753;5.613031346210638
1301;58;6;3.5976967134454974;3.5976967134454974;4.081667370195426
1302;69;6;6.5511205179508885;6.5511205179508885;6.610406794237862
1303;68;6;3.9784445101573844;3.9784445101573844;4.140584029865796
1304;17;6;5.096644798460449;5.096644798460449;4.581667482228366
1305;28;6;3.884427107694518;3.884427107694518;4.067312559018212
1306;21;6;6.929752646514085;6.929752646514085;6.403716424312485
1307;56;6;5.246565497284481;5.246565497284481;5.356759564072996
1308;37;6;5.588865344847944;5.588865344847944;5.375893176400448
1309;64;6;5.04729530699349;5.04729530699349;5.120279856762327
1310;23;6;5.143634968832104;5.143634968832104;5.13007135807036
1311;22;6;5.418728524540938;5.418728524540938;5.2496890730107815
1312;56;6;5.232352691570487;5.232352691570487;5.10822700759366
1313;33;6;5.434441024494083;5.434441024494083;5.751892776800646
1314;38;6;7.424187186952762;7.424187186952762;6.75804680881861
1315;14;6;8.20707568714947;8.20707568714947;6.154724160834854
1316;17;6;4.759658968317101;4.759658968317101;4.812590225005581
1317;36;6;4.694241483587719;4.694241483587719;4.833426919201292
1318;50;6;4.498957997685139;4.498957997685139;4.713450161575889
1319;35;6;5.959609875834365;5.959609875834365;5.43891270088065
1320;47;6;3.474765232820577;3.474765232820577;3.649233519419833
1321;55;6;6.79048486383463;6.79048486383463;6.6200267836780196
1322;19;6;4.246439754411607;4.246439754411607;3.894858575632778
1323;28;6;5.798383210772502;5.798383210772502;5.507916817039943
1324;26;6;5.497823364278918;5.497823364278918;5.307296918288988
1325;61;6;4.948615332600422;4.948615332600422;5.030944276408114
1326;27;5;5.023068466133962;5.023068466133962;4.9768369976799
1327;28;6;5.655952028315519;5.655952028315519;5.705856569636183
1328;12;6;5.755958893375721;5.755958893375721;4.797557463918639
1329;41;6;5.566989889810671;5.566989889810671;5.01027988015043
1330;57;6;4.009269561503324;4.009269561503324;4.375802147214738
1331;23;6;6.879601559241375;6.879601559241375;6.252253643570328
1332;3;6;10.408273057003866;10.408273057003866;5.938099911910269
1333;13;5;4.379849083113574;4.379849083113574;4.3428847964467545
1334;73;6;4.706339251198858;4.706339251198858;4.709066375049231
1335;18;6;5.744481000139255;5.744481000139255;5.271050377199285
1336;62;6;3.995479716525931;3.995479716525931;4.554551743389955
1337;33;6;4.174722047616082;4.174722047616082;4.173688141821626
1338;29;6;4.7818995473815;4.7818995473815;4.5040602783412815
1339;44;6;3.9938731760989374;3.9938731760989374;3.9947275039613035
1340;39;6;4.200579536792366;4.200579536792366;4.4887019989915595
1341;64;6;3.511152017908297;3.511152017908297;3.894105524021655
1342;21;6;7.14487907315147;7.14487907315147;6.302416973432289
1343;26;6;5.3294317312936546;5.3294317312936546;5.440894339817438
1344;46;6;2.8281645643103928;2.8281645643103928;3.0624690721112593
1345;53;6;6.2445301715487025;6.2445301715487025;6.022519556475211
1346;78;6;5.123844965866631;5.123844965866631;5.291180287937298
1347;80;6;4.723270103172211;4.723270103172211;4.899087563103699
1348;30;6;7.544415116857794;7.544415116857794;6.807839380735319
1349;75;6;4.326710358562209;4.326710358562209;4.598009965032646
1350;36;6;5.659918173630574;5.659918173630574;5.611903660163588
1351;73;6;4.557761850355266;4.557761850355266;4.904692741584479
1352;50;6;5.426805978377125;5.426805978377125;5.429567463735047
1353;38;5;4.508983946735198;4.508983946735198;4.618009848684351
1354;64;6;3.3373594877158714;3.3373594877158714;3.8324005802234264
1355;27;6;3.7922145565294603;3.7922145565294603;3.883028213272708
1356;12;6;5.414060217866516;5.414060217866516;4.074969683742317
1357;10;6;4.467862270445808;4.467862270445808;4.383636397150451
1358;18;5;4.9991542178621104;4.9991542178621104;4.461138553143148
1359;53;6;3.568445218991371;3.568445218991371;3.8368508007772775
1360;50;6;4.47260711698315;4.47260711698315;4.5519177938192295
1361;45;6;6.368422499614936;6.368422499614936;6.060411995410724
1362;41;6;6.242946037714282;6.242946037714282;6.261540258915534
1363;31;6;4.433151966727902;4.433151966727902;4.295815257154027
1364;40;6;5.377481890282272;5.377481890282272;5.319129920651147
1365;62;6;5.358710309709366;5.358710309709366;5.2720650907274536
1366;30;6;5.201425200907242;5.201425200907242;4.857447467492476
1367;63;6;5.3188660468104505;5.3188660468104505;5.635856065227734
1368;49;6;5.292860627410989;5.292860627410989;5.306015684793322
1369;55;6;4.56069350497735;4.56069350497735;4.4329391724779565
1370;45;6;4.451489809470113;4.451489809470113;4.84922902453178
1371;53;6;4.4379041907351;4.4379041907351;4.725176358197051
1372;35;6;4.30440994035452;4.30440994035452;4.226238805661153
1373;61;6;4.674705866893645;4.674705866893645;4.721655814642174
1374;29;6;4.98403382732826;4.98403382732826;5.061315740550423
1375;23;6;4.979016677136705;4.979016677136705;4.823215732468687
1376;39;6;4.3458527633394395;4.3458527633394395;4.431919524964235
1377;53;6;6.221557106780804;6.221557106780804;6.0142812150906595
1378;5;6;7.726625632256481;7.726625632256481;5.338402702064446
1379;42;6;3.8483023382844395;3.8483023382844395;4.203714302744371
1380;29;6;6.151079771268308;6.151079771268308;5.997848067092536
1381;12;6;6.0232750728988425;6.0232750728988425;5.335720644683892
1382;21;6;4.6733937256266485;4.6733937256266485;4.101770497657749
1383;47;6;5.356875460314098;5.356875460314098;5.40850685738022
1384;64;6;4.882946559846003;4.882946559846003;4.986909630442213
1385;36;6;3.905707506899052;3.905707506899052;4.089333723275939
1386;50;6;4.6420875162295285;4.6420875162295285;4.714809126211994
1387;19;6;6.69532870693084;6.69532870693084;5.866834874685473
1388;14;1;2.656998640438633;2.656998640438633;3.339514667527572
1389;14;2;2.910658059826526;2.910658059826526;3.407252018272515
1390;38;6;6.364670163442448;6.364670163442448;5.956702378272148
1391;38;6;6.80167741533836;6.80167741533836;6.2001642728562
1392;17;6;5.24428850117795;5.24428850117795;4.955308684838142
1393;23;6;5.286122179241075;5.286122179241075;4.817595261304174
1394;28;6;5.3543131301103095;5.3543131301103095;5.262662806768195
1395;6;6;8.087146586524325;8.087146586524325;5.890626045792443
1396;13;6;8.627430758365142;8.627430758365142;6.427337047218744
1397;25;6;3.739782240382336;3.739782240382336;3.6943831342148834
1398;21;6;4.4278702284383025;4.4278702284383025;4.08137011044875
1399;39;5;4.828595650829743;4.828595650829743;4.858036392397587
1400;16;6;5.402618580435363;5.402618580435363;5.20292924972711
1401;29;6;3.230837101908365;3.230837101908365;3.3640214727492546
1402;65;6;3.665879290848758;3.665879290848758;3.9779813298551496
1403;19;6;7.629562751325615;7.629562751325615;6.410823477885177
1404;62;6;3.895181767361193;3.895181767361193;4.168216199548523
1405;52;6;3.808858968317374;3.808858968317374;4.056048129177783
1406;24;6;7.176531502588584;7.176531502588584;6.580785390383848
1407;38;6;5.115438208505854;5.115438208505854;5.013542819326244
1408;65;6;5.003879977413185;5.003879977413185;5.079092687237182
1409;49;6;6.963269371171097;6.963269371171097;7.027508038960187
1410;43;6;3.891645562437218;3.891645562437218;4.052641729223203
1411;31;6;5.304496939111654;5.304496939111654;5.096918126383134
1412;24;6;4.763769115608261;4.763769115608261;4.8802391126032765
1413;33;6;6.136317972412475;6.136317972412475;5.803212160675086
1414;33;6;4.478060990827724;4.478060990827724;4.217359312768352
1415;26;6;2.8391150249325126;2.8391150249325126;3.1145680672468496
1416;29;6;5.250782249773249;5.250782249773249;5.518442723291763
1417;47;6;4.059065408761675;4.059065408761675;4.196496686415024
1418;38;6;6.265035867574779;6.265035867574779;5.917790539187268
1419;50;6;4.643341263452275;4.643341263452275;4.9221292189258214
1420;74;6;2.929060356318413;2.929060356318413;3.218550039421746
1421;49;6;4.864513473971057;4.864513473971057;4.7152378587090285
1422;33;6;7.73666657410503;7.73666657410503;7.2039480107788805
1423;9;6;5.652331852417773;5.652331852417773;4.140886727695576
1424;4;6;10.517045607290243;10.517045607290243;7.746360432338299
1425;55;6;4.202101323977113;4.202101323977113;4.249171407582698
1426;26;6;3.8821642698101493;3.8821642698101493;3.983014357304946
1427;35;6;4.281935154264412;4.281935154264412;4.241410174393018
1428;17;6;7.027506782233488;7.027506782233488;6.157500703433698
1429;7;6;6.64737437407293;6.64737437407293;5.213308616209185
1430;32;6;6.1161404876488845;6.1161404876488845;5.7591979363998
1431;35;6;5.978163876758242;5.978163876758242;5.607461123391713
1432;20;6;5.1400380163217285;5.1400380163217285;4.47749476499119
1433;54;6;5.136997267728458;5.136997267728458;5.3813661915202
1434;18;6;4.772859371800936;4.772859371800936;3.92885430537819
1435;57;6;3.9586937332705414;3.9586937332705414;3.9951255488420205
1436;71;6;4.311535612225028;4.311535612225028;4.526581090079213
1437;56;6;3.901759359450614;3.901759359450614;3.8765242064399135
1438;41;6;5.1860297754884765;5.1860297754884765;5.181466715245146
1439;24;6;5.296101337831561;5.296101337831561;4.8864214808148825
1440;27;6;5.0788086422905;5.0788086422905;5.157407819491942
1441;69;6;5.66560566900774;5.66560566900774;5.839015163305616
1442;30;6;4.281724329718677;4.281724329718677;4.72420655565017
1443;11;6;9.603162570683264;9.603162570683264;7.593611577942792
1444;51;6;4.990294591703586;4.990294591703586;4.9610390687526476
1445;40;6;4.547518692914322;4.547518692914322;4.965914192654915
1446;24;6;4.754647119167199;4.754647119167199;3.872461573540227
1447;29;6;4.477545127369638;4.477545127369638;4.426961427328833
1448;25;6;4.653888619217113;4.653888619217113;4.187598309203849
1449;36;6;6.263780399320677;6.263780399320677;5.732283128290285
1450;11;6;0.0;0.0;4.43743634234555
1451;23;6;6.014958549121161;6.014958549121161;5.336856664310811
1452;13;5;5.751116562197254;5.751116562197254;4.785137620944583
1453;11;5;6.17003976231713;6.17003976231713;5.9712888169250355
1454;8;6;4.728366617016549;4.728366617016549;3.4280156854282056
1455;35;6;4.718793634654113;4.718793634654113;4.413848865700388
1456;71;6;4.217340636163129;4.217340636163129;4.869995999314704
1457;43;6;3.6621006655217836;3.6621006655217836;3.9135281646383686
1458;62;6;5.151880679100276;5.151880679100276;5.43646822578102
1459;41;6;3.568980674754589;3.568980674754589;3.748479113386345
1460;40;6;4.052735878805365;4.052735878805365;3.934065340129568
1461;47;6;6.13906887457613;6.13906887457613;5.6203796097966325
1462;40;6;3.1487286426399;3.1487286426399;3.261061056158301
1463;58;6;5.220474266030081;5.220474266030081;5.636577566885283
1464;36;6;5.272952168737941;5.272952168737941;5.551934792971286
1465;13;6;6.880012716212769;6.880012716212769;5.862603573202011
1466;17;6;4.750227957383173;4.750227957383173;3.9243375899407997
1467;19;6;5.709141503016764;5.709141503016764;4.896637838379735
1468;65;6;4.288058031598399;4.288058031598399;4.6212255943249465
1469;53;6;4.69031785467309;4.69031785467309;4.781127920200262
1470;53;6;3.601153045552323;3.601153045552323;3.9222814480333645
1471;22;6;5.62266188201406;5.62266188201406;5.265431828669379
1472;19;6;4.334771937631468;4.334771937631468;3.854193380773047
1473;34;6;4.782410773526413;4.782410773526413;4.633829916198786
1474;34;6;3.8057597106479673;3.8057597106479673;4.222367841073133
1475;24;6;5.256095301884715;5.256095301884715;4.938664218935907
1476;60;6;5.036305450294491;5.036305450294491;4.929005568158118
1477;19;6;5.232116598323471;5.232116598323471;4.946912477504502
1478;16;6;5.665991510804945;5.665991510804945;5.029337142417922
1479;36;5;3.8991531130802244;3.8991531130802244;4.148145941356167
1480;31;6;5.829607862953203;5.829607862953203;5.449489666978611
1481;39;6;5.3660191930769;5.3660191930769;5.491029025196181
1482;36;6;5.3822244044393415;5.3822244044393415;5.493206882073453
1483;45;6;4.941264620190094;4.941264620190094;5.026964467481992
