Skewness: 0.3065761623586991, Average LID: LPCA: 5.940700808625337  |||  MLE: 4.9110738477044515  |||  MLENB: 4.9110738477044515  |||  TLE: 4.785346004402587
LPCA: 0.18086059394157836  |||  MLE: -0.32633661139034953  |||  MLENB: -0.32633661139034953  |||  TLE: -0.17691236334694468
node;in_degree;local_intrinsic_dimensionality_LPCA;local_intrinsic_dimensionality_MLE;local_intrinsic_dimensionality_MLENB;local_intrinsic_dimensionality_TLE
0;76;6;3.497589322027876;3.497589322027876;3.742201987756042
1;62;6;4.344882142799108;4.344882142799108;4.253939505147357
2;91;6;3.154910105242239;3.154910105242239;3.3632086379902995
3;51;6;4.494931781731137;4.494931781731137;4.738475565212164
4;79;6;4.356567477719914;4.356567477719914;4.302890524434635
5;14;1;12.136954151403144;12.136954151403144;6.3941688000078765
6;64;6;3.03046747977038;3.03046747977038;3.3076039099114016
7;37;6;7.098457146177561;7.098457146177561;6.232996158717883
8;35;6;4.837335196060916;4.837335196060916;4.9023090092750286
9;48;6;5.779825555251926;5.779825555251926;5.169702742449573
10;132;6;4.649149922055368;4.649149922055368;4.729514367386222
11;110;6;4.927323072478425;4.927323072478425;4.825501865563816
12;85;6;6.114165156843541;6.114165156843541;5.6702270768322816
13;48;6;4.505177254983814;4.505177254983814;4.29292648480275
14;81;6;6.488611131355519;6.488611131355519;5.970801997213821
15;73;6;5.179307104991216;5.179307104991216;5.14307770505352
16;48;6;4.984600204889531;4.984600204889531;4.952550576285411
17;76;6;4.681697667699586;4.681697667699586;4.807217347115359
18;81;6;4.597276583538987;4.597276583538987;4.632583361054615
19;95;6;3.8811963566829255;3.8811963566829255;4.116344337084687
20;114;6;4.89526734258267;4.89526734258267;4.987961568739044
21;110;6;4.868273520006303;4.868273520006303;4.846178302199527
22;111;6;3.546142541825318;3.546142541825318;3.7929104780668674
23;67;6;4.1159557590696405;4.1159557590696405;4.3412638305758575
24;44;6;3.727902160497147;3.727902160497147;4.088422091834329
25;131;6;3.766641654188237;3.766641654188237;4.044607098716494
26;44;6;5.724227298994663;5.724227298994663;5.155450350353143
27;73;6;4.039168623681536;4.039168623681536;4.49837533478507
28;60;6;5.2456642274306065;5.2456642274306065;5.013107395864628
29;33;6;4.112812168675826;4.112812168675826;3.481881108595983
30;30;6;6.3387989875511614;6.3387989875511614;5.7479051477036025
31;10;6;3.994614101010278;3.994614101010278;2.764159871627407
32;24;6;7.421815876661099;7.421815876661099;5.909391487803116
33;33;6;4.6872981277445005;4.6872981277445005;4.432839288916638
34;92;6;3.5207389576873194;3.5207389576873194;3.7220199609720948
35;83;6;4.43132885826715;4.43132885826715;4.385199754037613
36;109;6;3.9744072506674426;3.9744072506674426;4.180968258229401
37;97;6;5.171592458518257;5.171592458518257;5.321094321189363
38;70;6;3.8304966884097835;3.8304966884097835;3.8118648458532802
39;91;6;4.704720400685892;4.704720400685892;4.526830883640292
40;70;6;3.7624692196318725;3.7624692196318725;3.833460541965426
41;48;6;5.1378235614404195;5.1378235614404195;4.563020733465982
42;60;6;3.836326814142572;3.836326814142572;3.907910429585909
43;95;6;3.872119197107014;3.872119197107014;4.160133451291449
44;124;6;4.758126446436974;4.758126446436974;4.977590940562284
45;25;6;7.871045566100362;7.871045566100362;6.861165520390576
46;17;6;6.299561736928194;6.299561736928194;5.0482013805327615
47;80;6;4.722095265413864;4.722095265413864;4.7831535021447165
48;62;6;5.456473987513444;5.456473987513444;5.2099657947735265
49;25;6;5.006238932048199;5.006238932048199;4.385658208875914
50;113;6;5.2822603912626525;5.2822603912626525;5.347401172204031
51;39;6;3.440383220516237;3.440383220516237;3.475800003918298
52;54;6;5.685132737455393;5.685132737455393;5.4837645397191705
53;92;6;3.4585180661039114;3.4585180661039114;3.740043959441715
54;69;6;3.6487198981714215;3.6487198981714215;4.0180691172149485
55;56;6;3.849728224482573;3.849728224482573;4.181438450905583
56;55;6;4.219576508105897;4.219576508105897;4.010005151949686
57;79;6;4.335063921948655;4.335063921948655;4.422930563399654
58;115;6;4.189429225185938;4.189429225185938;4.547934145461184
59;53;6;3.2036828427277557;3.2036828427277557;3.481095409857482
60;47;6;4.760164634409168;4.760164634409168;4.533064012142854
61;78;6;5.425015403528173;5.425015403528173;5.122640841529805
62;73;6;3.8326105421875614;3.8326105421875614;4.133659287600611
63;64;6;4.735593209945374;4.735593209945374;4.741415278100955
64;34;6;5.470905568563395;5.470905568563395;4.920202421412576
65;76;6;6.354237207956228;6.354237207956228;5.986967450078584
66;37;6;5.205680573214463;5.205680573214463;4.984753585168168
67;70;6;4.617900020087133;4.617900020087133;4.825082811887487
68;65;6;3.933791905645832;3.933791905645832;4.239836688793169
69;52;6;4.040068814771907;4.040068814771907;3.8172491290171635
70;99;6;5.388938559689582;5.388938559689582;5.137952538504687
71;65;6;6.412953101796233;6.412953101796233;6.053044315406454
72;56;6;5.688771915909751;5.688771915909751;5.040379745041545
73;56;6;2.9247357008748733;2.9247357008748733;3.252944627161155
74;91;6;4.7109860773666234;4.7109860773666234;4.849568947094749
75;61;6;4.705808849395407;4.705808849395407;4.579894044027893
76;69;6;4.033461786264785;4.033461786264785;4.123040352922975
77;127;6;3.851948907882761;3.851948907882761;4.02813760501063
78;29;6;5.775097617557255;5.775097617557255;4.915379408425168
79;87;6;3.6905024053843207;3.6905024053843207;3.722153758425518
80;107;6;3.9904960973525365;3.9904960973525365;4.157484851328225
81;80;6;4.3591139073742005;4.3591139073742005;4.309142847581063
82;61;6;4.891965715441777;4.891965715441777;4.313501144184207
83;46;6;4.413234605253375;4.413234605253375;4.792715407935038
84;12;2;5.283146571826127;5.283146571826127;5.16776336782656
85;7;6;5.515031033968407;5.515031033968407;3.8251871790273757
86;75;6;3.429305866391867;3.429305866391867;3.626410249178662
87;106;6;3.6892937705790154;3.6892937705790154;3.7713345077013325
88;49;6;6.539691469573384;6.539691469573384;6.249722532810083
89;72;6;5.380920726205127;5.380920726205127;5.1679836955828975
90;27;6;6.023908815106584;6.023908815106584;5.3876727013650045
91;106;6;5.109716472823786;5.109716472823786;5.039886323007387
92;108;6;4.695331114676705;4.695331114676705;4.806666600235299
93;51;6;4.625603681926365;4.625603681926365;4.325571892852594
94;89;6;5.4524157536125895;5.4524157536125895;5.437717477433759
95;45;6;5.600037610187792;5.600037610187792;5.561253751457922
96;75;6;4.701667198492379;4.701667198492379;4.599047259171025
97;38;6;5.027701916793796;5.027701916793796;4.874615981507371
98;107;6;3.041546978675543;3.041546978675543;3.312427205313088
99;29;6;5.644168966134529;5.644168966134529;4.9808474896349
100;47;6;4.549360985057455;4.549360985057455;4.354580360444942
101;70;6;4.569269053358037;4.569269053358037;4.692674437467257
102;46;6;6.299041101802398;6.299041101802398;5.642932961246161
103;24;6;7.969954497731904;7.969954497731904;6.778191146883284
104;116;6;4.5335309852336145;4.5335309852336145;4.808120595058295
105;56;6;3.4057083929965026;3.4057083929965026;3.7797430101676093
106;79;6;4.652700621986065;4.652700621986065;4.797902745097609
107;46;6;3.804653783975351;3.804653783975351;4.0392360312293425
108;46;6;5.508378518676394;5.508378518676394;4.665007565535606
109;29;6;5.420702433102972;5.420702433102972;4.937036712421549
110;14;2;14.11410224792294;14.11410224792294;7.16909246138621
111;96;6;5.174854473599879;5.174854473599879;5.304295549888643
112;50;6;4.322026720539996;4.322026720539996;4.1637674363721295
113;77;6;5.678798896197002;5.678798896197002;5.417713805740996
114;9;6;4.046580825740701;4.046580825740701;2.8036087584503835
115;71;6;3.6874656914163673;3.6874656914163673;3.7610021396266284
116;40;6;4.508034678902628;4.508034678902628;4.454285449506815
117;114;6;4.532864264382162;4.532864264382162;4.583717637555017
118;7;6;8.386340998542806;8.386340998542806;5.500029727764766
119;43;6;7.178528864051605;7.178528864051605;6.2962118846141095
120;46;6;4.706274983908344;4.706274983908344;4.641473574227413
121;110;6;4.232922048843416;4.232922048843416;4.319959926129882
122;54;6;3.972993513743983;3.972993513743983;4.039762394658733
123;73;6;5.2116071340659005;5.2116071340659005;4.85065434300003
124;40;6;5.347180251640687;5.347180251640687;5.187348740530771
125;87;6;3.6041674838875526;3.6041674838875526;3.7456599400761212
126;138;6;4.276135109245131;4.276135109245131;4.512087875759376
127;30;6;4.936138961345669;4.936138961345669;4.219328449193176
128;17;6;6.4345705642330255;6.4345705642330255;5.660290166025918
129;35;6;4.565375561463137;4.565375561463137;4.519466970212309
130;48;6;3.845219692389809;3.845219692389809;4.042618286275093
131;44;6;6.175272250850664;6.175272250850664;5.62486334057568
132;52;6;6.492436551467477;6.492436551467477;5.885693080053193
133;65;6;3.5952155646023347;3.5952155646023347;3.95802702773334
134;57;6;3.5413855309034994;3.5413855309034994;3.83201218513767
135;64;6;6.126903742576113;6.126903742576113;5.927017003965287
136;49;6;4.631249701910194;4.631249701910194;4.413459585276638
137;111;6;5.522088382251034;5.522088382251034;5.346006768900116
138;66;6;3.9374466290914456;3.9374466290914456;4.1884573768140205
139;10;6;7.806581704294096;7.806581704294096;5.50457873250634
140;105;6;4.803139024717557;4.803139024717557;5.137003369514789
141;88;6;3.527760621203007;3.527760621203007;3.7588012308048375
142;49;6;4.082599176934034;4.082599176934034;4.1502235796315325
143;62;6;5.793995956456074;5.793995956456074;5.6547050347717
144;82;6;3.5305619763141096;3.5305619763141096;3.86751091703565
145;31;6;4.238087941920258;4.238087941920258;3.7099995438948445
146;70;6;4.883512485753153;4.883512485753153;4.9553123822547285
147;59;6;6.1080472470403;6.1080472470403;5.766297819273924
148;25;6;4.949579983156167;4.949579983156167;4.132489184310009
149;69;6;5.025133192105102;5.025133192105102;5.086811782979469
150;94;6;4.466817926745748;4.466817926745748;4.620134453034646
151;67;6;4.430185867294374;4.430185867294374;4.5473008515884406
152;53;6;6.515377227230427;6.515377227230427;6.022394507905787
153;83;6;5.883042696414563;5.883042696414563;5.6402042038159275
154;40;6;4.367754783901076;4.367754783901076;4.297821862403307
155;64;6;3.9137756129763823;3.9137756129763823;4.0684256747431835
156;61;6;4.689572971072219;4.689572971072219;4.772908816033043
157;17;6;5.94590513730582;5.94590513730582;4.383584114493017
158;120;6;3.5608864331915457;3.5608864331915457;3.8391845777632008
159;44;6;5.271271209282042;5.271271209282042;4.979072549130437
160;21;6;0.0;0.0;5.602786124143181
161;21;6;0.0;0.0;5.602786124143181
162;120;6;3.30865488524516;3.30865488524516;3.5991535512339454
163;76;6;4.328231369364283;4.328231369364283;4.3266090576595735
164;102;6;5.0758839387035914;5.0758839387035914;5.225135177481591
165;41;6;6.67067912562808;6.67067912562808;6.0848388622989535
166;104;6;5.0401245441435;5.0401245441435;5.018042806395642
167;33;6;4.393804795951742;4.393804795951742;4.341587079945571
168;31;6;5.991698165040283;5.991698165040283;5.43530631703775
169;7;6;7.197137158651721;7.197137158651721;5.24953598208564
170;78;6;4.947763219774955;4.947763219774955;4.990093711176061
171;84;6;5.783343941017836;5.783343941017836;5.944560176894372
172;59;6;6.844435632221752;6.844435632221752;6.316671325841995
173;31;6;4.623050641977263;4.623050641977263;4.524540364139945
174;16;6;5.960982611443586;5.960982611443586;4.7563208547887745
175;14;2;3.883727218368886;3.883727218368886;4.444696299074218
176;41;6;5.758170810976484;5.758170810976484;5.331465098934233
177;48;6;5.681869974430487;5.681869974430487;5.350882264802375
178;129;6;4.743532900734921;4.743532900734921;4.763046463411984
179;39;6;3.7276365426956204;3.7276365426956204;3.400546143483773
180;19;6;6.2752864823076004;6.2752864823076004;4.8198331719607905
181;77;6;4.813340256209785;4.813340256209785;4.614764438312155
182;74;6;5.122473599368377;5.122473599368377;5.1174256581173285
183;87;6;3.568959006613702;3.568959006613702;3.6366086034042535
184;14;6;7.148990024165281;7.148990024165281;5.586843143367959
185;55;6;3.4061340126236663;3.4061340126236663;3.702215504270732
186;49;6;3.5029935579592784;3.5029935579592784;3.7951940047991544
187;28;6;6.362678757910512;6.362678757910512;5.605431840878863
188;83;6;5.171475148216865;5.171475148216865;5.274482138812621
189;50;6;5.531814628992709;5.531814628992709;5.244552672216934
190;121;6;3.1925777376858804;3.1925777376858804;3.479284970312508
191;31;6;5.009726296235966;5.009726296235966;4.971595480091449
192;66;6;3.855813847587932;3.855813847587932;4.01929384190898
193;129;6;4.3083316334714965;4.3083316334714965;4.422473795719059
194;51;6;4.874643107045062;4.874643107045062;4.555811260320557
195;115;6;4.474409014400569;4.474409014400569;4.466946965193669
196;88;6;4.04967299709835;4.04967299709835;4.08614679632589
197;68;6;3.9471109575853522;3.9471109575853522;4.051250910451872
198;73;6;4.022159349188159;4.022159349188159;4.33545094541862
199;48;6;6.491632055632204;6.491632055632204;6.191299241272144
200;82;6;6.389287584272811;6.389287584272811;5.671761847609494
201;24;6;4.790724298607677;4.790724298607677;4.3698226378823595
202;82;6;3.8862514496302465;3.8862514496302465;4.203104481628289
203;37;6;4.381894080056868;4.381894080056868;3.7314095446866835
204;59;6;4.851136325260425;4.851136325260425;4.618849233338498
205;19;6;5.105980356304977;5.105980356304977;4.839146571864817
206;92;6;3.9657186422508315;3.9657186422508315;4.061155910148345
207;28;6;8.11684880303871;8.11684880303871;5.951650034199594
208;41;6;6.052316530810604;6.052316530810604;5.303329482857093
209;34;6;3.895429540227471;3.895429540227471;3.418146406504933
210;29;6;5.516827653350945;5.516827653350945;4.46497680498221
211;81;6;4.3557428026608385;4.3557428026608385;4.147022391961175
212;104;6;4.656157549686871;4.656157549686871;4.657266956963751
213;69;6;5.346243492925046;5.346243492925046;5.321453127580333
214;48;6;4.278738409875577;4.278738409875577;4.162086746089261
215;47;6;5.06182473953941;5.06182473953941;4.886373295895639
216;46;6;3.069003368172905;3.069003368172905;3.2360989249467336
217;76;6;4.74627677374466;4.74627677374466;4.680300575719386
218;77;6;3.550995082401035;3.550995082401035;3.686962228689083
219;11;5;9.029139644922171;9.029139644922171;5.4012298274089385
220;17;6;8.242496547691777;8.242496547691777;6.4734262441597705
221;67;6;4.311853840804028;4.311853840804028;4.691014686833713
222;94;6;4.411814456412526;4.411814456412526;4.400952811686592
223;47;6;5.2053143375710285;5.2053143375710285;5.192789988635444
224;58;6;4.128929889445987;4.128929889445987;4.21352244409877
225;80;6;3.1923325147917843;3.1923325147917843;3.7658830422167133
226;39;6;6.086965863779645;6.086965863779645;5.356217047062379
227;25;6;7.835215972533144;7.835215972533144;5.896968175534955
228;92;6;3.4967630685005178;3.4967630685005178;3.8596172021111235
229;14;1;12.867846664358765;12.867846664358765;6.447955669628582
230;149;6;5.402794799964314;5.402794799964314;5.415354857385916
231;30;6;6.222977499766516;6.222977499766516;5.6118601840352005
232;46;6;3.752210492288813;3.752210492288813;3.779134336443495
233;74;6;3.287372561236051;3.287372561236051;3.500827774001564
234;61;6;3.435459200168754;3.435459200168754;3.58770442507368
235;68;6;5.746411542283135;5.746411542283135;5.675473014785171
236;10;6;0.0;0.0;4.2996685270794535
237;10;6;0.0;0.0;4.2996685270794535
238;97;6;4.49035008798249;4.49035008798249;4.566010549515299
239;12;6;6.471700775707307;6.471700775707307;4.993826297123414
240;84;6;4.547824439112916;4.547824439112916;4.73898875630992
241;64;6;4.765921723095698;4.765921723095698;4.773737343698721
242;10;6;6.530102495445055;6.530102495445055;5.372936722196406
243;32;6;6.264820752609138;6.264820752609138;5.571320290341377
244;21;6;5.231807588781884;5.231807588781884;4.324893811396201
245;104;6;5.587443363168402;5.587443363168402;5.716640818805244
246;23;6;6.635020992817259;6.635020992817259;5.080362356607743
247;22;6;7.282517706656774;7.282517706656774;5.579645678515536
248;23;6;4.587802568294499;4.587802568294499;4.470175630455918
249;57;6;3.6492258660671455;3.6492258660671455;3.913800495898792
250;14;1;3.340241596014953;3.340241596014953;4.460667491791876
251;63;6;5.4996835907846915;5.4996835907846915;5.375429340223644
252;22;6;6.553661316046342;6.553661316046342;5.183455523234118
253;95;6;4.261991941247512;4.261991941247512;4.420387589314365
254;21;6;4.685192671270879;4.685192671270879;4.149856210413121
255;21;6;7.968337234897488;7.968337234897488;6.010056141230352
256;70;6;5.496806517402301;5.496806517402301;5.557565278895395
257;91;6;4.706699190904578;4.706699190904578;4.6421153802163255
258;16;6;6.257187090316553;6.257187090316553;4.977303215843655
259;76;6;4.476121791075698;4.476121791075698;4.609177601398479
260;45;6;4.490372133615195;4.490372133615195;4.1406185668541555
261;83;6;4.225064742401102;4.225064742401102;4.341688086141645
262;19;6;5.665979498775898;5.665979498775898;4.835758149477192
263;67;6;3.765439323002184;3.765439323002184;3.923464834595752
264;40;6;5.96418594037479;5.96418594037479;5.223597972166236
265;40;6;4.84268001327477;4.84268001327477;4.066136290490721
266;99;6;4.580462654300834;4.580462654300834;4.726984933214633
267;56;6;6.0826657274841756;6.0826657274841756;5.9761860171779375
268;66;6;6.389675306143942;6.389675306143942;6.18190547986793
269;53;6;5.3789923907351005;5.3789923907351005;5.038649194409609
270;106;6;5.085082261259871;5.085082261259871;4.881950600401792
271;9;5;8.244810174971978;8.244810174971978;5.2260785293332015
272;28;6;8.8869434375995;8.8869434375995;6.721433062033152
273;116;6;4.515505961058588;4.515505961058588;4.783511145460039
274;13;6;5.796332101775342;5.796332101775342;4.648150967457975
275;84;6;4.69457669283348;4.69457669283348;4.674890289154235
276;7;6;5.7117495951790245;5.7117495951790245;4.1752596860853926
277;120;6;4.449351288528617;4.449351288528617;4.653452710077911
278;99;6;7.116476564221234;7.116476564221234;6.511274887051524
279;71;6;4.539681772097534;4.539681772097534;4.479546868516342
280;58;6;5.058000316675011;5.058000316675011;4.932526061549152
281;78;6;3.640144746402551;3.640144746402551;3.9156920572576523
282;56;6;5.3191157039468715;5.3191157039468715;4.877086683768709
283;57;6;4.288708576541513;4.288708576541513;4.863919128422904
284;53;6;4.151835867345021;4.151835867345021;4.742169876680897
285;59;6;5.270742894529618;5.270742894529618;5.184493272461969
286;21;6;5.859972606951907;5.859972606951907;4.848622751741666
287;70;6;3.555626893081518;3.555626893081518;4.00386908373783
288;62;6;3.7265099133834343;3.7265099133834343;4.160372980152398
289;61;6;4.7223669478996495;4.7223669478996495;4.672413715619081
290;98;6;3.426710177839133;3.426710177839133;3.9608527120225876
291;101;6;5.374057517199046;5.374057517199046;5.171482901546235
292;30;6;4.656547126045437;4.656547126045437;4.234326893251401
293;75;6;3.6183431091754525;3.6183431091754525;4.138980958978832
294;98;6;4.121183540488186;4.121183540488186;4.155374233447757
295;69;6;4.663978889657984;4.663978889657984;4.429398959804726
296;92;6;4.477238636973543;4.477238636973543;4.502522578107041
297;57;6;4.087436615537141;4.087436615537141;4.269900451661276
298;96;6;6.14514221850049;6.14514221850049;6.081434568359796
299;80;6;3.052466399150311;3.052466399150311;3.458946082095762
300;63;6;5.89564243944807;5.89564243944807;5.385388578157276
301;45;6;5.661606577585523;5.661606577585523;5.288990762836449
302;45;6;5.134288535716806;5.134288535716806;4.851966474561407
303;24;6;6.624839986587157;6.624839986587157;5.651498032418623
304;9;6;9.689207995721063;9.689207995721063;6.147380216399042
305;57;6;3.64830160268526;3.64830160268526;3.4825748605914377
306;8;5;10.125755250880747;10.125755250880747;6.27515376565359
307;97;6;5.074823406012787;5.074823406012787;5.056345845241303
308;88;6;4.617929985332277;4.617929985332277;4.9103419303435585
309;63;6;4.086278351685267;4.086278351685267;4.057944529989339
310;67;6;4.564614117014937;4.564614117014937;4.678026575439643
311;58;6;4.876997065876256;4.876997065876256;4.896834787905913
312;100;6;4.514023426815342;4.514023426815342;4.636309382124724
313;43;6;7.25566717252892;7.25566717252892;6.276047395719911
314;48;6;4.259176585447708;4.259176585447708;4.226177438305322
315;81;6;5.552394608091852;5.552394608091852;5.37150122469569
316;44;6;4.8339794304289425;4.8339794304289425;4.295856041049113
317;54;6;4.201875634623949;4.201875634623949;4.1395232297394475
318;53;6;3.331884608444047;3.331884608444047;3.405911286073184
319;13;1;4.377962110843269;4.377962110843269;4.239567325172019
320;82;6;4.7387917369729236;4.7387917369729236;4.6893122419344
321;103;6;4.298746764692078;4.298746764692078;4.601154606824876
322;97;6;4.467172213497858;4.467172213497858;4.747598199679152
323;32;6;4.040591111877947;4.040591111877947;3.996552562952242
324;104;6;3.7412622133957165;3.7412622133957165;4.0672566885919315
325;27;6;5.202184484237668;5.202184484237668;4.2479860007476296
326;36;6;3.7156867493434893;3.7156867493434893;3.3180190144609174
327;90;6;3.817905136617743;3.817905136617743;4.103142020246063
328;101;6;5.679535220425996;5.679535220425996;5.59177513336688
329;63;6;4.067441702851107;4.067441702851107;4.214465495459791
330;43;6;3.3708564306958624;3.3708564306958624;3.6492529147272506
331;87;6;5.649141245463699;5.649141245463699;5.493652856613879
332;43;6;4.849144780955664;4.849144780955664;4.743306430600135
333;2;6;8.554689955320905;8.554689955320905;4.8368108513220225
334;75;6;4.366501366616897;4.366501366616897;4.500994688011338
335;66;6;4.821823337068613;4.821823337068613;5.071153368699494
336;25;6;7.30322248052061;7.30322248052061;6.049937802779802
337;50;6;5.652197009191537;5.652197009191537;5.332917030349119
338;101;6;6.326917095766676;6.326917095766676;5.872550825985737
339;2;6;11.82797736377204;11.82797736377204;6.683488063214275
340;85;6;3.3619886907159886;3.3619886907159886;3.630436223234409
341;99;6;5.364204071676702;5.364204071676702;5.438568501835485
342;100;6;5.3531450084853685;5.3531450084853685;5.237845166375577
343;89;6;4.464537999162567;4.464537999162567;4.676563226358278
344;67;6;4.598127439272932;4.598127439272932;4.588139371100201
345;12;6;7.563362673147366;7.563362673147366;5.532610802620125
346;102;6;4.747766357301001;4.747766357301001;4.723388858465034
347;44;6;4.4883307239966825;4.4883307239966825;4.2786797197066955
348;158;6;4.363394941986359;4.363394941986359;4.57851918621066
349;43;6;5.402784898468103;5.402784898468103;5.175076117075499
350;91;6;6.902912981498699;6.902912981498699;6.506329121158384
351;107;6;5.02907307188557;5.02907307188557;5.063668672918161
352;46;6;7.736032400092907;7.736032400092907;6.762158933426621
353;36;6;6.100040090500265;6.100040090500265;5.771500566643755
354;59;6;3.914561277416925;3.914561277416925;3.9327795743120046
355;107;6;4.969949958429647;4.969949958429647;5.101465315489644
356;81;6;4.965591076357539;4.965591076357539;5.128506319909949
357;87;6;4.260570140879541;4.260570140879541;4.454721623912923
358;27;6;6.20772461139962;6.20772461139962;5.601702914040387
359;75;6;4.936181833651138;4.936181833651138;5.131934638927415
360;18;6;6.044333199781447;6.044333199781447;5.041077363691216
361;95;6;5.694686779681019;5.694686779681019;5.670634234411286
362;58;6;4.079657258714219;4.079657258714219;4.169198991455905
363;22;6;6.263980695195839;6.263980695195839;4.939515822911744
364;83;6;4.54980224141367;4.54980224141367;4.739587130479214
365;74;6;5.205035271590911;5.205035271590911;5.049553357962351
366;77;6;4.840060988185967;4.840060988185967;4.715253286909009
367;28;6;5.37651479460009;5.37651479460009;4.750075959464354
368;70;6;3.590748558528012;3.590748558528012;3.90854956385332
369;87;6;4.668614317851502;4.668614317851502;4.690379944329635
370;124;6;3.540905530877521;3.540905530877521;3.944507806022638
371;112;6;4.342479156750237;4.342479156750237;4.557800596067938
372;101;6;3.517320211440382;3.517320211440382;3.8233888988079814
373;50;6;6.012692047342112;6.012692047342112;5.621907072538529
374;82;6;5.743436491566826;5.743436491566826;5.35795437726562
375;28;6;6.073702905665975;6.073702905665975;5.265269130611577
376;19;6;6.191458541112868;6.191458541112868;5.0998634521663435
377;21;6;6.728258711281901;6.728258711281901;5.529947044668398
378;30;6;5.929983879687111;5.929983879687111;5.169498556973377
379;49;6;4.940408130183715;4.940408130183715;4.596308422852561
380;85;6;4.239629401006599;4.239629401006599;4.503529277975075
381;92;6;5.022791204408377;5.022791204408377;5.26617837296096
382;91;6;5.499411413310657;5.499411413310657;5.513633790656482
383;73;6;4.528759399171811;4.528759399171811;4.649764952044489
384;85;6;3.8867495786916626;3.8867495786916626;4.121418339890151
385;50;6;4.625166457586739;4.625166457586739;5.0610534914213
386;71;6;4.655065930642127;4.655065930642127;5.095221768196455
387;67;6;6.352431167328325;6.352431167328325;6.193173648543442
388;45;6;5.83398675460015;5.83398675460015;5.7327282715883285
389;41;6;5.854903825802275;5.854903825802275;5.468750249543329
390;46;6;4.6046068266622004;4.6046068266622004;4.3782931318741
391;59;6;5.330915549776161;5.330915549776161;5.02639975727283
392;13;6;5.127224034247013;5.127224034247013;4.575341820633784
393;22;6;5.662375365518228;5.662375365518228;4.922680715389782
394;33;6;4.838059219453346;4.838059219453346;4.508968907554134
395;13;5;12.102300255820804;12.102300255820804;7.431251059527594
396;36;6;5.200584270808451;5.200584270808451;4.8392324028359655
397;81;6;4.93629365993522;4.93629365993522;4.91819272786191
398;56;6;5.984102614248006;5.984102614248006;5.654562237701249
399;81;6;4.5769388729943286;4.5769388729943286;4.394125540283315
400;55;6;5.308245017125737;5.308245017125737;4.806959018222913
401;62;6;6.524616886108348;6.524616886108348;6.183092357655608
402;70;6;3.3567521895831596;3.3567521895831596;3.4735663679406734
403;41;6;5.719727959650991;5.719727959650991;5.106030608444435
404;81;6;3.7880279486266084;3.7880279486266084;4.12069442573517
405;37;6;5.766278300858926;5.766278300858926;5.555542307169213
406;64;6;0.0;0.0;4.833949513262325
407;64;6;0.0;0.0;4.833949513262325
408;31;6;0.0;0.0;4.272863363973549
409;31;6;0.0;0.0;4.272863363973549
410;48;6;4.758224824665801;4.758224824665801;4.802105648906742
411;42;6;5.035393732468391;5.035393732468391;4.702721109657985
412;43;6;4.141013757024334;4.141013757024334;4.201085842315907
413;98;6;4.850705025743852;4.850705025743852;4.937272063191144
414;29;6;4.525909055177765;4.525909055177765;4.493231009001326
415;28;6;4.701814708151254;4.701814708151254;4.545441660853232
416;27;6;5.960979713900003;5.960979713900003;5.2881974327481975
417;106;6;0.0;0.0;5.754188853373603
418;75;6;4.651838210550372;4.651838210550372;4.607605913226047
419;105;6;0.0;0.0;5.754188853373603
420;87;6;3.5051414420125178;3.5051414420125178;3.9448107562329175
421;14;6;7.889864781106504;7.889864781106504;6.053935675131254
422;72;6;3.9591749041822712;3.9591749041822712;3.9366371028925893
423;31;6;3.7999845520572637;3.7999845520572637;3.6664054692382235
424;14;6;0.0;0.0;3.8401253723599833
425;64;6;4.7277651897069335;4.7277651897069335;4.835030970569164
426;51;6;3.5329773959762463;3.5329773959762463;3.8222668341462374
427;85;6;4.2632985508370895;4.2632985508370895;4.343784942403049
428;89;6;4.629095770983665;4.629095770983665;4.57739453889916
429;86;6;3.5863884874335152;3.5863884874335152;3.7505795618965765
430;83;6;4.379798954481685;4.379798954481685;4.585280941625054
431;47;6;4.175779032235522;4.175779032235522;4.151255403031835
432;62;6;2.8921488523925887;2.8921488523925887;3.2651974041208924
433;30;6;3.7097897141764506;3.7097897141764506;3.1925167766007543
434;49;6;3.9615853866133257;3.9615853866133257;4.20836480946276
435;87;6;0.0;0.0;4.600113573248143
436;88;6;0.0;0.0;4.600113573248143
437;72;6;4.0937232972974575;4.0937232972974575;4.481181780104815
438;77;6;4.502871642614725;4.502871642614725;4.919368751329233
439;47;6;4.564067656287675;4.564067656287675;4.255594724953855
440;49;6;5.670800604495728;5.670800604495728;5.4551771630430785
441;98;6;6.168085477089651;6.168085477089651;6.17359910276727
442;42;6;3.936161090688596;3.936161090688596;4.03276072379899
443;50;6;4.581608048574433;4.581608048574433;4.601441709454123
444;56;6;3.23523135535388;3.23523135535388;3.515229733361591
445;67;6;3.8045738324085003;3.8045738324085003;3.9744174573153055
446;71;6;4.83007644278997;4.83007644278997;4.731606757476953
447;51;6;0.0;0.0;4.07578411269944
448;49;6;0.0;0.0;4.07578411269944
449;78;6;3.4733082373178297;3.4733082373178297;3.6732938827941055
450;67;6;5.419820913317339;5.419820913317339;5.340651820938564
451;118;6;3.510947740688527;3.510947740688527;3.702211879169519
452;69;6;2.8479526999201776;2.8479526999201776;3.1648618209942327
453;73;6;4.839873476471181;4.839873476471181;4.6769826744387455
454;134;6;3.657165273223331;3.657165273223331;4.033388200009022
455;117;6;3.3693965090094666;3.3693965090094666;3.607437151844186
456;135;6;3.573912790361385;3.573912790361385;4.166620493258541
457;91;6;3.196548815352624;3.196548815352624;3.4455112523849314
458;39;6;3.1512598127703084;3.1512598127703084;3.0246903451054576
459;50;6;3.883907118423908;3.883907118423908;3.93486223526889
460;48;6;5.9808749440398365;5.9808749440398365;5.84606244048203
461;59;6;4.800761835687031;4.800761835687031;4.7999540249849595
462;98;6;4.77178045755143;4.77178045755143;4.962271852374252
463;6;6;9.886973944518598;9.886973944518598;5.721151219242899
464;42;6;5.462324606959772;5.462324606959772;5.039269821451122
465;72;6;5.191993133198322;5.191993133198322;5.387318787112059
466;56;6;5.377053713844073;5.377053713844073;5.27896456040492
467;61;6;5.272169574367829;5.272169574367829;4.983865531167557
468;54;6;5.734441520898863;5.734441520898863;5.4829527601338315
469;97;6;5.720600238828329;5.720600238828329;5.569739123905652
470;1;6;10.322924099625563;10.322924099625563;5.444893580289848
471;78;6;5.209908761259346;5.209908761259346;5.093814512294617
472;93;6;2.9818965940499993;2.9818965940499993;3.652141237556384
473;43;6;5.825458163983121;5.825458163983121;5.581516086834948
474;33;6;5.810313987838467;5.810313987838467;5.34061455223444
475;3;6;7.886017234614612;7.886017234614612;4.515494097186828
476;47;6;5.607627592313023;5.607627592313023;5.09375878805364
477;38;6;6.626360188737489;6.626360188737489;5.8006969089513705
478;65;6;3.9534785735746536;3.9534785735746536;4.238322199447453
479;82;6;4.80603540938428;4.80603540938428;4.764811181806295
480;56;6;3.225013508836903;3.225013508836903;3.453948593217622
481;64;6;5.497171705314741;5.497171705314741;5.352329325913111
482;77;6;5.993270442520496;5.993270442520496;5.48382951979301
483;58;6;3.563684013020198;3.563684013020198;3.552901797245852
484;72;6;4.927517533420782;4.927517533420782;4.77702613818348
485;34;6;5.33069041632506;5.33069041632506;5.454953768978112
486;30;6;5.323513070145911;5.323513070145911;4.80023103399933
487;31;6;7.127045765092717;7.127045765092717;6.003631749258759
488;10;5;12.941634177343978;12.941634177343978;5.757502124042494
489;41;6;5.15988024477826;5.15988024477826;5.029828458042415
490;72;6;6.420881594319297;6.420881594319297;6.220037097320926
491;28;6;5.880909990491339;5.880909990491339;5.073579884066925
492;98;6;4.319112176537862;4.319112176537862;4.258320428985267
493;131;6;3.8692141522351347;3.8692141522351347;4.07068501463848
494;34;6;5.819676458564296;5.819676458564296;4.938155406869247
495;69;6;3.6228128940293005;3.6228128940293005;3.7503877830718957
496;51;6;4.2904250381459645;4.2904250381459645;4.0686575340786275
497;65;6;5.6202065149276415;5.6202065149276415;5.48716007945163
498;68;6;6.648449872874502;6.648449872874502;6.131449213116382
499;106;6;4.140387386936866;4.140387386936866;4.347503769594791
500;10;4;20.73177287275833;20.73177287275833;7.899881274836445
501;9;6;4.955147244287465;4.955147244287465;2.5952677322056896
502;81;6;6.029792321799243;6.029792321799243;5.390734138863123
503;11;6;5.802783930591773;5.802783930591773;3.8121458629064886
504;32;6;3.953814902919855;3.953814902919855;3.935508553523575
505;15;6;6.270367877414757;6.270367877414757;4.374257325061455
506;6;7;10.857419290812135;10.857419290812135;5.059002738023768
507;30;6;4.513835976091843;4.513835976091843;4.046173379525121
508;25;6;3.969456730880204;3.969456730880204;3.2460563066490042
509;86;6;5.228924506010203;5.228924506010203;5.13359539907809
510;107;6;4.136683659659359;4.136683659659359;4.310364830905196
511;72;6;3.4890230889209923;3.4890230889209923;3.6842278909304453
512;58;6;4.402407578668329;4.402407578668329;4.250287702117905
513;28;6;5.662774995461826;5.662774995461826;5.375935263532475
514;11;6;6.84789879370306;6.84789879370306;4.7393339216237775
515;76;6;5.2840073164903965;5.2840073164903965;5.312749690899694
516;107;6;4.919100864284639;4.919100864284639;5.201091519780017
517;95;6;4.041128583333393;4.041128583333393;4.4307334114248125
518;65;6;4.26817878584634;4.26817878584634;4.291946428911363
519;90;6;5.893416918753906;5.893416918753906;5.512020202690532
520;78;6;2.900633022549079;2.900633022549079;3.205112561031364
521;27;6;4.8105783514984735;4.8105783514984735;4.424392787100912
522;84;6;5.094684044895583;5.094684044895583;5.1145759750714745
523;78;6;6.319857735477178;6.319857735477178;5.9975241114277225
524;80;6;4.831883254426294;4.831883254426294;4.715258539356102
525;58;6;4.375919314103742;4.375919314103742;4.566131611319424
526;86;6;4.104201670080219;4.104201670080219;4.452714395467826
527;73;6;5.213952929475172;5.213952929475172;5.098032784659105
528;25;6;6.044443772406799;6.044443772406799;4.504328336125905
529;103;6;4.741090341330858;4.741090341330858;4.727912003038877
530;110;6;3.832531097815235;3.832531097815235;4.065500325164793
531;6;6;6.498928057110595;6.498928057110595;4.6098693574555965
532;120;6;3.732628456104805;3.732628456104805;3.9283714779762757
533;32;6;3.2291935925702058;3.2291935925702058;3.2897991388218912
534;103;6;5.957815161568038;5.957815161568038;5.643229296382959
535;97;6;3.5239606624093383;3.5239606624093383;3.693997858562383
536;56;6;6.054015983522848;6.054015983522848;5.439891923856563
537;27;6;5.0029449255600875;5.0029449255600875;4.367545801702116
538;9;6;8.76169036744817;8.76169036744817;6.218073322985988
539;23;6;5.864369673253638;5.864369673253638;4.668605633292206
540;33;6;4.532296614964563;4.532296614964563;4.256557293761698
541;62;6;3.2668358187075976;3.2668358187075976;3.874471191120242
542;121;6;3.8090992343970203;3.8090992343970203;4.045954529306179
543;77;6;4.473648311725871;4.473648311725871;4.812938685539142
544;61;6;3.229599355900237;3.229599355900237;3.8244257973753895
545;95;6;4.512203179998014;4.512203179998014;5.014022224042013
546;118;6;4.634419621434492;4.634419621434492;4.7983464316421935
547;51;6;3.2650745383188533;3.2650745383188533;3.399585504595211
548;118;6;3.915700445351343;3.915700445351343;4.04685890842455
549;87;6;3.8564708405976815;3.8564708405976815;4.249870029910955
550;80;6;4.89052251555702;4.89052251555702;4.882605887813821
551;45;6;4.933438785319979;4.933438785319979;4.518973507518926
552;78;6;6.225018712867965;6.225018712867965;5.733080772787523
553;1;6;13.006152271967265;13.006152271967265;4.902956100891344
554;34;6;5.738758147073513;5.738758147073513;5.138961501881522
555;59;6;3.784714547033363;3.784714547033363;4.097946750036845
556;62;6;3.8589265513647777;3.8589265513647777;4.0122204645332635
557;97;6;3.242054315878862;3.242054315878862;3.538748958379724
558;14;2;4.060134246751053;4.060134246751053;4.365185351730013
559;91;6;5.065079580649394;5.065079580649394;4.847804246367441
560;57;6;4.16361852920393;4.16361852920393;4.309950668058592
561;72;6;3.745105206247344;3.745105206247344;4.1878938336174
562;109;6;4.759633005839122;4.759633005839122;4.741960416394751
563;72;6;4.879601615545252;4.879601615545252;4.96293746134161
564;76;6;4.256649061543597;4.256649061543597;4.48527849501794
565;90;6;4.630160322811077;4.630160322811077;4.719795307519409
566;69;6;3.5361807706748873;3.5361807706748873;3.6280878147292612
567;70;6;5.034849207106529;5.034849207106529;5.070532215172603
568;64;6;5.575742604425662;5.575742604425662;5.181866968858899
569;65;6;3.9376670409298375;3.9376670409298375;4.1540497805174335
570;82;6;4.2547196709462;4.2547196709462;4.3814194213442175
571;41;6;6.856641121438505;6.856641121438505;6.422064634512877
572;58;6;4.821747458169099;4.821747458169099;4.5278604574464625
573;93;6;4.1553513129128055;4.1553513129128055;4.485431839670635
574;64;6;3.6944574838158015;3.6944574838158015;3.807251100525766
575;3;6;8.227679649612133;8.227679649612133;5.354667795109001
576;67;6;4.306183731258945;4.306183731258945;4.486865943008398
577;59;6;6.263735171130561;6.263735171130561;6.231524488243793
578;67;6;5.212829926884251;5.212829926884251;4.9840423821821345
579;52;6;3.490236656321459;3.490236656321459;3.343580563421636
580;95;6;3.9507276439487926;3.9507276439487926;4.056094561058597
581;41;6;3.2672038424376257;3.2672038424376257;3.1231790678436346
582;50;6;3.4727888867054473;3.4727888867054473;3.56034877235614
583;56;6;6.438294718686391;6.438294718686391;5.796415022676787
584;116;6;5.654277851619631;5.654277851619631;5.810073204583567
585;64;6;4.828534494546854;4.828534494546854;4.876972639494762
586;38;6;6.9579183793689054;6.9579183793689054;6.508202535469452
587;15;5;4.760133816449681;4.760133816449681;4.56660076284896
588;97;6;4.478262576227035;4.478262576227035;4.5860967460164686
589;14;6;5.43081551199063;5.43081551199063;3.779487958733252
590;45;6;5.344005939602281;5.344005939602281;5.151028045507055
591;48;6;4.7859514389412485;4.7859514389412485;4.744390216056869
592;14;1;3.3637863527034377;3.3637863527034377;4.288413975338427
593;19;6;6.667708346933986;6.667708346933986;5.487397515243853
594;48;6;3.94525857408533;3.94525857408533;3.9507414812738646
595;26;6;5.473793891309684;5.473793891309684;4.417039876640826
596;38;6;7.695177081208106;7.695177081208106;6.823585527644813
597;43;6;4.573798438823462;4.573798438823462;4.655045277905417
598;10;6;4.854290522225404;4.854290522225404;3.157984457164024
599;87;6;4.645263934055651;4.645263934055651;4.712142382345205
600;45;6;5.995200553841982;5.995200553841982;5.6510194880826035
601;62;6;3.8181696670783674;3.8181696670783674;3.9452291680302274
602;58;6;4.654727601421185;4.654727601421185;4.898118911117227
603;84;6;5.297603049510037;5.297603049510037;5.254010044624887
604;94;6;5.535608356417176;5.535608356417176;5.6959550742187774
605;17;6;7.465649671891874;7.465649671891874;5.5976857404432
606;90;6;4.282306622334396;4.282306622334396;4.318203466390104
607;63;6;2.7991564305775656;2.7991564305775656;3.0055014723655065
608;51;6;5.127824766932404;5.127824766932404;4.950430783786913
609;14;2;4.219616995464635;4.219616995464635;4.191931727042231
610;53;6;4.48094262173291;4.48094262173291;4.333868915106875
611;41;6;6.010851676975553;6.010851676975553;5.212283947776882
612;88;6;5.588957482427019;5.588957482427019;5.456316381084981
613;29;6;9.087594413003306;9.087594413003306;7.361680612516109
614;8;6;8.196737188233024;8.196737188233024;6.043610100529883
615;42;6;7.059151944901264;7.059151944901264;6.295571782843913
616;17;6;6.628937696777236;6.628937696777236;5.207228964440909
617;68;6;5.992544638097477;5.992544638097477;5.502303893131586
618;61;6;4.1741912738463816;4.1741912738463816;4.613446932737361
619;74;6;4.154820362585423;4.154820362585423;4.458665134167474
620;58;6;4.756341186147371;4.756341186147371;4.5937734965098
621;76;6;3.923850746758793;3.923850746758793;4.278614132599987
622;53;6;5.184661054192654;5.184661054192654;5.465787472193913
623;66;6;3.905908500851283;3.905908500851283;4.269938254106522
624;69;6;3.7551578652976643;3.7551578652976643;3.801828745684594
625;52;6;4.819081392334444;4.819081392334444;4.571528569761352
626;96;6;4.36900944921352;4.36900944921352;4.493923739609635
627;60;6;3.9833411292986;3.9833411292986;3.8470015712932706
628;50;6;4.344386819239464;4.344386819239464;4.557503784315143
629;92;6;5.186727925267747;5.186727925267747;4.909313752525765
630;63;6;5.099569773275023;5.099569773275023;5.12558651992519
631;53;6;4.660854020002077;4.660854020002077;4.269424562852112
632;70;6;4.079109726054881;4.079109726054881;4.197765174446967
633;28;6;4.163067422387825;4.163067422387825;3.9907707136356807
634;71;6;3.4672651503038674;3.4672651503038674;3.751083863931895
635;53;6;6.945034414751948;6.945034414751948;6.073283809270518
636;59;6;5.726404994130861;5.726404994130861;5.449464844275496
637;83;6;3.8880534983490174;3.8880534983490174;3.7907042437395235
638;65;6;5.205723354910597;5.205723354910597;5.330609465536434
639;67;6;4.531054725590133;4.531054725590133;4.79785166144732
640;56;6;4.047745503170972;4.047745503170972;4.118366994979216
641;84;6;3.2691915130311697;3.2691915130311697;3.4906671891569885
642;134;6;3.8359077022051253;3.8359077022051253;4.043845737582365
643;30;6;7.625073864092055;7.625073864092055;6.409063584636264
644;40;6;8.676705358875598;8.676705358875598;7.200973496957917
645;45;6;5.191700727188829;5.191700727188829;4.772517070284025
646;89;6;4.186317285820347;4.186317285820347;4.442175717753337
647;110;6;4.883596014599648;4.883596014599648;4.889501932225841
648;44;6;3.889948665013771;3.889948665013771;3.7583477613407643
649;71;6;3.4606072982646365;3.4606072982646365;3.658202506632606
650;53;6;3.6825371622681855;3.6825371622681855;3.912983493340148
651;106;6;4.734730818343887;4.734730818343887;4.688416387539596
652;59;6;3.5657561449316426;3.5657561449316426;3.559749105686668
653;85;6;3.4567409144457772;3.4567409144457772;4.307678607415107
654;51;6;6.572245081227562;6.572245081227562;6.312032162268401
655;70;6;4.797419695411672;4.797419695411672;4.865437905074939
656;83;6;5.392247063988688;5.392247063988688;5.431272955427747
657;100;6;4.256046311327928;4.256046311327928;4.301116039724781
658;28;6;6.117744165632951;6.117744165632951;5.546118176821041
659;12;3;9.580575713355891;9.580575713355891;7.393927704442313
660;136;6;4.905151199492682;4.905151199492682;5.07866081737102
661;19;6;7.724322392985328;7.724322392985328;6.042795166575085
662;58;6;5.681873884759517;5.681873884759517;5.483679866474509
663;73;6;4.02330016270178;4.02330016270178;4.289886387847019
664;43;6;3.8775992881026533;3.8775992881026533;3.8018053031857346
665;60;6;4.001262765361715;4.001262765361715;4.0988854604176135
666;69;6;4.057243559129756;4.057243559129756;4.409398557861108
667;15;6;7.055394415175757;7.055394415175757;5.4038461535957865
668;37;6;5.281765586903959;5.281765586903959;4.905654138903102
669;107;6;4.1046174706987175;4.1046174706987175;4.299031696737047
670;93;6;3.060770710513574;3.060770710513574;3.3155315083142862
671;74;6;5.347056033952865;5.347056033952865;5.238347376592542
672;59;6;5.899982734758867;5.899982734758867;5.67214296305874
673;95;6;4.486420916183209;4.486420916183209;4.740502926516738
674;50;6;6.278249122890426;6.278249122890426;5.73314560476622
675;47;6;5.936828054941746;5.936828054941746;4.9624454852725
676;43;6;5.927011450909979;5.927011450909979;5.328590551453559
677;28;6;6.439489371476544;6.439489371476544;6.44927918403534
678;41;6;5.7748505765723515;5.7748505765723515;5.348673364201774
679;86;6;4.406852399464154;4.406852399464154;4.250348824853325
680;81;6;4.5294199844918;4.5294199844918;4.372108435412483
681;69;6;4.582568346854284;4.582568346854284;4.687739637095324
682;24;6;6.2140895305591455;6.2140895305591455;5.508422419460601
683;33;6;6.461627283360242;6.461627283360242;5.334644010146797
684;6;6;8.429065111470337;8.429065111470337;4.888170625915321
685;82;6;6.469467017615668;6.469467017615668;6.334805916467333
686;32;6;4.977193909022;4.977193909022;4.702591837075231
687;60;6;5.346402269109862;5.346402269109862;5.131696434562712
688;71;6;5.358167389885451;5.358167389885451;5.051069621506492
689;135;6;4.000692068024855;4.000692068024855;4.463903935826555
690;86;6;5.056526331058952;5.056526331058952;5.153074511991778
691;37;6;5.806022552545961;5.806022552545961;5.261338156063564
692;33;6;3.089055999147257;3.089055999147257;2.947566456541539
693;23;6;6.185415849894449;6.185415849894449;5.135784626646594
694;65;6;4.513868760905939;4.513868760905939;4.346881776348917
695;5;6;8.157705466105257;8.157705466105257;4.9999393478087875
696;18;6;6.689598950008253;6.689598950008253;5.2219580534268975
697;66;6;4.4895845747571;4.4895845747571;4.4865226398409765
698;54;6;6.61396528026431;6.61396528026431;5.864150994969122
699;92;6;3.743836048389405;3.743836048389405;3.8599800043820083
700;53;6;4.731098421540386;4.731098421540386;4.734654244366775
701;34;6;5.705878380421411;5.705878380421411;4.840364392639312
702;21;6;4.659750966795664;4.659750966795664;4.413841881683918
703;12;6;6.226157307369014;6.226157307369014;4.804191705471057
704;23;6;8.163038321956341;8.163038321956341;6.144863969236604
705;70;6;5.202931164906817;5.202931164906817;5.173899346108686
706;25;6;5.521709756315601;5.521709756315601;4.528310134227882
707;11;4;12.559208160239725;12.559208160239725;5.7071926317381205
708;15;6;7.257518675561849;7.257518675561849;5.193875117629566
709;59;6;5.22617994305353;5.22617994305353;5.1766258461583865
710;41;6;5.203690361428837;5.203690361428837;4.727255051649044
711;41;6;5.7263340108027725;5.7263340108027725;5.198965580562509
712;21;6;7.295988313404609;7.295988313404609;5.916890331759634
713;103;6;4.83976770840338;4.83976770840338;4.973813867829372
714;27;6;6.096721387266981;6.096721387266981;5.344245654031753
715;102;6;3.9490871857553094;3.9490871857553094;3.9791840092652735
716;43;6;3.3970064324227423;3.3970064324227423;3.419966813809484
717;63;6;3.3638013138525413;3.3638013138525413;3.481937853983178
718;31;6;5.100689913136058;5.100689913136058;4.436214906960463
719;94;6;3.897020875235243;3.897020875235243;4.033590177209302
720;14;1;4.704877978624679;4.704877978624679;4.260781077192708
721;55;6;4.674005369630132;4.674005369630132;4.571015205092936
722;7;6;8.99074439946732;8.99074439946732;5.9218313124014585
723;77;6;5.998981128147161;5.998981128147161;5.862533418723937
724;99;6;4.465479439262149;4.465479439262149;4.678797270703332
725;145;6;5.19592445559495;5.19592445559495;5.15196541915932
726;70;6;6.14490112951513;6.14490112951513;6.110606224133353
727;35;6;6.62351235292731;6.62351235292731;5.335324545375253
728;107;6;4.042812809566898;4.042812809566898;4.209703675269039
729;36;6;4.42713526735295;4.42713526735295;4.263206959106311
730;46;6;4.988615938424435;4.988615938424435;4.942283474095582
731;92;6;3.4277127880748126;3.4277127880748126;3.569556832272684
732;49;6;3.055404557227195;3.055404557227195;3.3028363270263394
733;95;6;4.120029836906315;4.120029836906315;4.359319934984932
734;106;6;4.138226755079208;4.138226755079208;4.513302094712043
735;94;6;4.924268216409171;4.924268216409171;4.692357639418678
736;142;6;3.663947224890962;3.663947224890962;3.919469623331544
737;64;6;3.5733989930354766;3.5733989930354766;3.7206986758278098
738;67;6;4.459599978235064;4.459599978235064;4.478326813968979
739;10;5;9.108976707593532;9.108976707593532;5.353119386677472
740;72;6;6.16209709353444;6.16209709353444;5.978824726129324
741;36;6;7.16342332276517;7.16342332276517;5.739491586987083
742;49;6;5.136617993172351;5.136617993172351;4.9806329483015395
743;76;6;4.646281428217545;4.646281428217545;4.544347174171991
744;39;6;4.5724674781388615;4.5724674781388615;4.394538845629798
745;26;6;5.039162484541382;5.039162484541382;4.043610232131189
746;19;6;5.139572677898602;5.139572677898602;4.100129541737971
747;104;6;4.130041900764467;4.130041900764467;4.326780655662869
748;42;6;3.546450818759775;3.546450818759775;3.3092121648762416
749;59;6;4.624711561383761;4.624711561383761;4.617086223539532
750;98;6;3.8046516337535032;3.8046516337535032;4.1967809831742295
751;24;6;7.855556667545341;7.855556667545341;6.317009801036381
752;31;6;6.6413993571080505;6.6413993571080505;5.68485771939094
753;92;6;4.205585488785919;4.205585488785919;4.242049114326156
754;76;6;4.817411049221009;4.817411049221009;4.614588681181375
755;17;6;6.97871457691188;6.97871457691188;5.764157108820741
756;58;6;5.4959176526299816;5.4959176526299816;5.223003811903616
757;41;6;4.444748084969908;4.444748084969908;4.206346744210035
758;90;6;4.2639368543680725;4.2639368543680725;4.56407511129904
759;14;1;10.236771340574892;10.236771340574892;5.6473586703188525
760;57;6;5.529257003414849;5.529257003414849;5.077534956006802
761;55;6;7.0533600983989855;7.0533600983989855;6.369785037378857
762;126;6;5.314377248542905;5.314377248542905;5.406459819654185
763;51;6;5.997575122931347;5.997575122931347;5.629282701234683
764;11;4;8.98975679330118;8.98975679330118;6.684872497493342
765;36;6;6.220058847924091;6.220058847924091;5.833437050426067
766;53;6;6.03789971765815;6.03789971765815;5.312817195906736
767;146;6;4.516988155974201;4.516988155974201;4.626368920492823
768;60;6;4.571672749989904;4.571672749989904;4.487573392619024
769;97;6;4.231844278768793;4.231844278768793;4.465371979056517
770;49;6;5.62997235668597;5.62997235668597;5.156178032120154
771;96;6;4.824527266187115;4.824527266187115;4.839092458780558
772;104;6;3.317238338336095;3.317238338336095;3.9981920882142976
773;100;6;3.382639461684743;3.382639461684743;4.063259546927887
774;58;6;3.5959541375680044;3.5959541375680044;3.7651445512480164
775;108;6;2.9926726436083673;2.9926726436083673;3.3554451702363632
776;152;6;6.45616880552912;6.45616880552912;6.594746481239944
777;89;6;3.070738362526649;3.070738362526649;3.4626971551008423
778;5;6;8.277527643503158;8.277527643503158;5.597945167256643
779;84;6;6.4014037705034825;6.4014037705034825;5.910643684427547
780;93;6;4.881911076280674;4.881911076280674;4.924443381872867
781;85;6;4.033197498085349;4.033197498085349;4.2786931474320555
782;33;6;4.023780525108251;4.023780525108251;4.060780549177844
783;86;6;4.418245923189991;4.418245923189991;4.417229009322129
784;37;6;5.601688228429496;5.601688228429496;4.8724605627112085
785;85;6;4.477030853700072;4.477030853700072;4.385884584537385
786;26;6;3.955948155464967;3.955948155464967;3.2377288539213716
787;33;6;3.5814672506914986;3.5814672506914986;3.3255912282172058
788;15;6;5.32206793493803;5.32206793493803;4.377888576823629
789;40;6;3.952765322378881;3.952765322378881;3.714165097210916
790;85;6;4.082578503935301;4.082578503935301;4.293999828471297
791;126;6;3.325417868707671;3.325417868707671;3.6124544113218766
792;17;6;7.093425178665946;7.093425178665946;6.36540203077669
793;8;6;8.112641684173065;8.112641684173065;5.866007759387143
794;57;6;3.661061813333658;3.661061813333658;3.9179108386726105
795;97;6;4.692001782821897;4.692001782821897;4.9091247303640575
796;8;6;5.095245721528184;5.095245721528184;3.714588043433332
797;9;6;5.135419324785148;5.135419324785148;3.938971885072902
798;31;6;6.116818427837231;6.116818427837231;5.469393158800297
799;63;6;4.480330446965367;4.480330446965367;4.474679926705476
800;77;6;5.728728768854036;5.728728768854036;5.800587398094141
801;98;6;4.691271258768092;4.691271258768092;4.924895959850902
802;43;6;4.545367443673683;4.545367443673683;4.557724456521071
803;107;6;4.10412768959615;4.10412768959615;4.3555079316276775
804;139;6;5.534122047807619;5.534122047807619;5.614409074839421
805;68;6;4.599935785175353;4.599935785175353;4.532050556721461
806;80;6;5.445007900643946;5.445007900643946;5.303837643447955
807;69;6;4.994281787172175;4.994281787172175;4.960182047719618
808;21;6;7.38642674068102;7.38642674068102;5.871609802566881
809;90;6;4.97183035061885;4.97183035061885;4.93165014169811
810;89;6;4.534435838932314;4.534435838932314;4.777194551952945
811;23;6;5.413428018284547;5.413428018284547;4.949410977170792
812;70;6;4.503716417584278;4.503716417584278;4.485573521468985
813;32;6;5.729862382224106;5.729862382224106;5.1197990158785425
814;31;6;5.237014898539426;5.237014898539426;4.668584457578573
815;136;6;4.822259052151811;4.822259052151811;4.924961941094483
816;60;6;5.259370054162444;5.259370054162444;5.027314942393155
817;80;6;3.9761355488521417;3.9761355488521417;4.02510339103844
818;19;6;7.670732342005091;7.670732342005091;5.849898968867518
819;100;6;4.975723778403702;4.975723778403702;5.015395760959606
820;68;6;3.356187827278154;3.356187827278154;3.423001685221838
821;65;6;4.693638875126493;4.693638875126493;4.707526350570307
822;57;6;4.130645699922834;4.130645699922834;4.402880294453688
823;99;6;3.956150216272515;3.956150216272515;4.230855988960818
824;102;6;4.464028124577369;4.464028124577369;4.6407976641898845
825;135;6;4.515779519551487;4.515779519551487;4.4664050453947395
826;47;6;5.751610039511544;5.751610039511544;5.511519897562157
827;103;6;4.423521244532463;4.423521244532463;4.708843840698363
828;91;6;3.5610029684743987;3.5610029684743987;3.6599238124415647
829;142;6;4.036025671033145;4.036025671033145;4.458068486875334
830;61;6;4.878992893333227;4.878992893333227;4.721176411666029
831;52;6;3.619325780391227;3.619325780391227;3.68485382959037
832;63;6;6.820593436896399;6.820593436896399;6.15341074630871
833;94;6;4.988335867742447;4.988335867742447;5.191860924099523
834;34;6;8.130619319716638;8.130619319716638;6.8467611316971135
835;23;6;5.395064352517083;5.395064352517083;4.871166427140873
836;14;6;7.144626468623824;7.144626468623824;5.6362467120747075
837;54;6;4.257996863894125;4.257996863894125;4.2045922559781355
838;42;6;5.494902483876098;5.494902483876098;5.330375235071673
839;85;6;4.338687914023989;4.338687914023989;4.545092783240319
840;101;6;4.673314245845412;4.673314245845412;4.733117997536909
841;6;6;16.033089909830107;16.033089909830107;6.288545216879183
842;80;6;6.037079817393162;6.037079817393162;5.740946267350041
843;27;6;6.411810897948196;6.411810897948196;5.51381809513687
844;66;6;6.538233675039105;6.538233675039105;5.930224902460101
845;124;6;4.111753759061927;4.111753759061927;4.3016821262007
846;35;6;5.021654145805651;5.021654145805651;4.693861402250574
847;92;6;5.346179739209258;5.346179739209258;5.4257361000742925
848;81;6;4.553409960997947;4.553409960997947;4.661924651182686
849;77;6;3.6684458898233046;3.6684458898233046;3.8145201328279903
850;39;6;5.092695787467379;5.092695787467379;4.46768930772622
851;38;6;5.731124633816485;5.731124633816485;4.96047731707203
852;34;6;4.106041874877956;4.106041874877956;3.8522147061442764
853;66;6;6.030589940489521;6.030589940489521;5.882624364476924
854;41;6;5.494580832515235;5.494580832515235;5.419018691567948
855;42;6;5.941395852664275;5.941395852664275;5.517526262394497
856;20;6;6.5805410643369235;6.5805410643369235;5.738485816186823
857;110;6;3.8802690458857825;3.8802690458857825;4.183657133029323
858;76;6;5.377564931010112;5.377564931010112;5.521778344575724
859;75;6;3.5802368806299603;3.5802368806299603;3.832332577518003
860;89;6;3.2338869483086965;3.2338869483086965;3.487199259418056
861;12;6;6.3552674977687795;6.3552674977687795;5.4407687824072655
862;50;6;5.500432256370338;5.500432256370338;5.435629522254195
863;87;6;5.350687172039343;5.350687172039343;5.1981754245936935
864;109;6;5.522641963564191;5.522641963564191;5.356285361380481
865;98;6;4.799805393647237;4.799805393647237;4.947686411043588
866;51;6;4.150069640622151;4.150069640622151;4.387294538991714
867;93;6;4.5504914274049515;4.5504914274049515;4.79468636711303
868;55;6;4.699170791736632;4.699170791736632;4.500006504028118
869;100;6;3.9358842434135357;3.9358842434135357;4.126462493651543
870;70;6;4.503972527002867;4.503972527002867;4.4828119335074925
871;71;6;5.027540759185658;5.027540759185658;4.861472921182559
872;43;6;4.4835538375206685;4.4835538375206685;4.537255868980343
873;34;6;5.222473917107726;5.222473917107726;4.607602093653045
874;8;6;7.473569788931673;7.473569788931673;4.701091443283791
875;28;6;4.864299851765452;4.864299851765452;4.362925693743999
876;73;6;3.9721008994714393;3.9721008994714393;4.407260328873196
877;101;6;4.477621752364673;4.477621752364673;4.51332964845604
878;113;6;5.418956940325099;5.418956940325099;5.444463041678978
879;92;6;4.952186935265609;4.952186935265609;4.95686304909454
880;143;6;3.9911771087018155;3.9911771087018155;4.249565569173567
881;14;6;4.128751190442421;4.128751190442421;3.204167309646698
882;59;6;3.631364115995469;3.631364115995469;3.719823788232097
883;82;6;4.939588641074557;4.939588641074557;4.971395265889034
884;98;6;3.6760016111471603;3.6760016111471603;3.88740314785865
885;72;6;5.696879320978025;5.696879320978025;5.695953363669833
886;93;6;5.244633333003122;5.244633333003122;5.240324374179188
887;55;6;4.80410665048111;4.80410665048111;4.797565242962956
888;55;6;7.518811007320071;7.518811007320071;7.208727608828705
889;66;6;5.8257535115563925;5.8257535115563925;5.668973835579023
890;47;6;3.8351555333132072;3.8351555333132072;3.9182513107410872
891;89;6;5.059688630732702;5.059688630732702;5.048560488700955
892;42;6;4.397232051576538;4.397232051576538;4.39731509767441
893;90;6;4.164915620963767;4.164915620963767;4.135934883185339
894;82;6;3.7209069467272067;3.7209069467272067;4.066455377763306
895;80;6;3.1173515281860733;3.1173515281860733;3.574747571627046
896;54;6;3.7822685667569402;3.7822685667569402;4.0599175315190354
897;54;6;5.060196582546591;5.060196582546591;5.040938594087602
898;93;6;5.91241043001581;5.91241043001581;5.6870420139997995
899;35;6;4.678710713950251;4.678710713950251;4.048079887451902
900;11;6;7.184126194548901;7.184126194548901;5.87205647398615
901;43;6;5.3858868691229915;5.3858868691229915;4.996116767702772
902;88;6;3.8038702385379524;3.8038702385379524;4.02613263039834
903;69;6;5.974459251737583;5.974459251737583;5.56507890008587
904;60;6;3.2759893764997656;3.2759893764997656;3.65010193230475
905;34;6;4.567238866295495;4.567238866295495;4.40932428480334
906;64;6;5.173581062997121;5.173581062997121;5.148491393352983
907;77;6;4.0695071708874515;4.0695071708874515;4.376972055137469
908;50;6;5.203224641564591;5.203224641564591;5.226773252758668
909;102;6;4.65072583744963;4.65072583744963;4.834211715806871
910;103;6;4.916481501447788;4.916481501447788;4.84638394920926
911;57;6;5.793443731379716;5.793443731379716;5.47844746489461
912;100;6;3.9471333842030414;3.9471333842030414;4.1571941922433435
913;45;6;4.198656387540169;4.198656387540169;4.220553377517726
914;32;6;6.559966477014509;6.559966477014509;5.956977930370368
915;15;6;8.64290853168858;8.64290853168858;7.171561403395127
916;44;6;4.8599576278527605;4.8599576278527605;4.741600167339609
917;66;6;4.873269973149637;4.873269973149637;4.821120220133735
918;39;6;6.1442237993649;6.1442237993649;5.427461006981751
919;98;6;4.71297188676875;4.71297188676875;4.854300002687036
920;108;6;3.238355111966517;3.238355111966517;3.591572337271155
921;107;6;4.539883287369556;4.539883287369556;4.9500458681319195
922;29;6;4.998202634025423;4.998202634025423;5.061233861876895
923;15;6;5.79785100283593;5.79785100283593;4.515821879351223
924;77;6;4.943228142136988;4.943228142136988;5.0397684054428975
925;93;6;5.2509478258454125;5.2509478258454125;5.27244991884916
926;20;6;10.213731635392026;10.213731635392026;7.873972491831308
927;31;6;9.202274780000696;9.202274780000696;7.289883052701932
928;81;6;4.16789276944351;4.16789276944351;4.7336514093545725
929;90;6;4.236239946584334;4.236239946584334;4.7491636596999385
930;101;6;4.351042554305176;4.351042554305176;4.671755371839888
931;26;6;0.0;0.0;6.767355037206889
932;26;6;0.0;0.0;6.767355037206889
933;28;6;0.0;0.0;5.711046679843096
934;28;6;0.0;0.0;5.711046679843096
935;33;6;0.0;0.0;5.1946735145817104
936;33;6;0.0;0.0;5.1946735145817104
937;89;6;5.265491659995359;5.265491659995359;5.277168301746844
938;26;6;6.223661248352286;6.223661248352286;5.1924008232821395
939;87;6;6.103952248436863;6.103952248436863;6.189376195122695
940;79;6;4.849056809830049;4.849056809830049;4.77134065543689
941;34;6;6.554161649681339;6.554161649681339;6.068278520856439
942;70;6;3.728322043885197;3.728322043885197;3.8243388802488143
943;43;6;4.320885769122628;4.320885769122628;4.320161766449982
944;97;6;4.675188551802229;4.675188551802229;4.9481093461459125
945;113;6;4.099492689527886;4.099492689527886;4.313060560031412
946;32;6;4.927439251098937;4.927439251098937;4.66288666420346
947;59;6;4.434465433930775;4.434465433930775;4.330007419431897
948;47;6;4.355863027897554;4.355863027897554;4.3088297963334705
949;113;6;4.2719726904509825;4.2719726904509825;4.6691809341803605
950;95;6;4.641314829690762;4.641314829690762;4.967541438690287
951;44;6;7.235960339016658;7.235960339016658;6.4080445709736225
952;40;6;6.187774035952207;6.187774035952207;5.498994287839512
953;53;6;5.719098624927331;5.719098624927331;5.5426779518770575
954;16;6;6.43144994315106;6.43144994315106;4.8091806862748285
955;3;6;11.082019432953464;11.082019432953464;6.735725300999482
956;103;6;4.555630948751832;4.555630948751832;4.8276000461417325
957;94;6;5.410123287126759;5.410123287126759;5.25082180765188
958;64;6;5.899574394502292;5.899574394502292;5.776079041618738
959;77;6;3.977158910075978;3.977158910075978;4.113952521560391
960;50;6;4.325299374879511;4.325299374879511;4.072543373032517
961;32;6;5.65911665524812;5.65911665524812;5.370974077871896
962;15;6;0.0;0.0;4.723730237808138
963;15;6;0.0;0.0;4.723730237808138
964;18;6;0.0;0.0;6.587014491394988
965;18;6;0.0;0.0;6.587014491394988
966;73;6;0.0;0.0;5.294737905785878
967;73;6;0.0;0.0;5.294737905785878
968;51;6;6.223331487856367;6.223331487856367;5.6494523936392635
969;83;6;0.0;0.0;6.230852090177151
970;83;6;0.0;0.0;6.230852090177151
971;10;6;10.344998487580831;10.344998487580831;7.344343143029399
972;44;6;5.399935519697721;5.399935519697721;4.897765348809357
973;25;6;6.95085153895566;6.95085153895566;5.884773065545992
974;8;6;0.0;0.0;5.0613593950577815
975;8;6;0.0;0.0;5.0613593950577815
976;20;6;6.091791895787216;6.091791895787216;5.153971273946214
977;16;6;8.474565736993442;8.474565736993442;6.658694090852708
978;67;6;0.0;0.0;5.751635329774406
979;65;6;0.0;0.0;5.751635329774406
980;25;6;4.632300235253442;4.632300235253442;4.62381800756462
981;22;6;4.932542807595701;4.932542807595701;4.993605344562882
982;79;6;5.538148948780519;5.538148948780519;5.506740709919015
983;13;6;9.496552568645027;9.496552568645027;7.0059538854596095
984;63;6;0.0;0.0;4.975741661870055
985;63;6;0.0;0.0;4.975741661870055
986;16;6;0.0;0.0;4.519894740765525
987;16;6;0.0;0.0;4.519894740765525
988;2;6;7.6949497969299;7.6949497969299;3.305192015913846
989;2;6;0.0;0.0;3.440255230191744
990;2;6;0.0;0.0;3.440255230191744
991;35;6;4.786314735401281;4.786314735401281;4.718543295628256
992;35;6;5.085372538714531;5.085372538714531;4.869573568814626
993;99;6;4.1351583432308425;4.1351583432308425;4.1291122032231575
994;85;6;4.893026231708404;4.893026231708404;5.0103354863273895
995;92;6;7.128823842800666;7.128823842800666;6.71702496580987
996;55;6;5.307338594660109;5.307338594660109;5.135038041575883
997;8;6;8.366206822831522;8.366206822831522;6.080431270447688
998;6;6;8.362839585448752;8.362839585448752;5.770200261004466
999;10;6;7.351582399453977;7.351582399453977;5.612537240993644
1000;9;6;5.7838505739306;5.7838505739306;4.070742459743618
1001;63;6;4.865755848043463;4.865755848043463;4.742983825220561
1002;65;6;4.101369828636456;4.101369828636456;4.431412292082881
1003;79;6;5.271518836168313;5.271518836168313;5.16559206825665
1004;92;6;3.4788839079500167;3.4788839079500167;3.871158854139166
1005;29;6;7.797893461710666;7.797893461710666;6.4673131360731935
1006;82;6;0.0;0.0;4.345270440647465
1007;82;6;0.0;0.0;4.345270440647465
1008;42;6;0.0;0.0;4.938220919423405
1009;43;6;0.0;0.0;4.938220919423405
1010;90;6;4.840321390977021;4.840321390977021;4.926787410883471
1011;133;6;0.0;0.0;4.584347143040029
1012;133;6;0.0;0.0;4.584347143040029
1013;41;6;6.60592662198538;6.60592662198538;6.081895585341099
1014;58;6;0.0;0.0;4.1954146705719575
1015;57;6;0.0;0.0;4.1954146705719575
1016;40;6;4.5110260039982855;4.5110260039982855;4.750724615762433
1017;37;6;4.7683918748987875;4.7683918748987875;4.978200513329842
1018;17;6;0.0;0.0;4.570678380146797
1019;17;6;0.0;0.0;4.570678380146797
1020;89;6;5.90190627895969;5.90190627895969;5.93432872971378
1021;12;6;9.232706925373812;9.232706925373812;6.312342224305873
1022;23;6;5.480308035381616;5.480308035381616;4.829961225648394
1023;44;6;6.72326290790638;6.72326290790638;5.832721329720943
1024;55;6;0.0;0.0;4.2817556449320335
1025;55;6;0.0;0.0;4.2817556449320335
1026;35;6;0.0;0.0;5.30230475882335
1027;36;6;0.0;0.0;5.30230475882335
1028;42;6;4.053266399782084;4.053266399782084;3.931455671310776
1029;76;6;3.989894192844708;3.989894192844708;4.149389613758637
1030;36;6;6.2101351268767395;6.2101351268767395;5.587026332588332
1031;89;6;5.147259982407969;5.147259982407969;5.151677772203812
1032;57;6;4.790461937693766;4.790461937693766;4.549636315027049
1033;22;6;6.367961872208788;6.367961872208788;5.404083715642135
1034;86;6;6.136171953351536;6.136171953351536;5.978899217098278
1035;36;6;6.1421533132571415;6.1421533132571415;5.602626135435825
1036;63;6;3.283850265585372;3.283850265585372;3.4114332056275027
1037;108;6;5.333966646950052;5.333966646950052;5.258311919880994
1038;48;6;3.4454107916585803;3.4454107916585803;3.6434388640316238
1039;1;6;9.522258878083163;9.522258878083163;5.042480421167843
1040;81;6;5.043802485895304;5.043802485895304;5.001976450188062
1041;84;6;3.7678680654342696;3.7678680654342696;3.9843463403719745
1042;108;6;3.2228528216323293;3.2228528216323293;3.556021360672547
1043;93;6;4.438259762892499;4.438259762892499;4.606320930260025
1044;63;6;4.231881447112409;4.231881447112409;4.061908554851492
1045;102;6;4.438074304150726;4.438074304150726;4.654403304207762
1046;47;6;4.523620057440109;4.523620057440109;4.141604245930689
1047;81;6;3.592548666415245;3.592548666415245;3.8722605124898326
1048;97;6;4.31197942927944;4.31197942927944;4.389983645005694
1049;70;6;3.8289417567120076;3.8289417567120076;3.941302587436421
1050;47;6;3.920810677134814;3.920810677134814;4.023636718115854
1051;81;6;5.679608729467419;5.679608729467419;5.254611743018583
1052;42;6;5.944530311141133;5.944530311141133;5.4877114769538595
1053;71;6;4.867410557282761;4.867410557282761;4.872824118010673
1054;113;6;4.643580638508343;4.643580638508343;4.734857140439207
1055;95;6;3.991569212378359;3.991569212378359;4.2622167884000755
1056;111;6;5.371946997604553;5.371946997604553;5.50418572599404
1057;93;6;3.163656933385103;3.163656933385103;3.823179959943278
1058;12;5;8.903539776844157;8.903539776844157;6.995630685105449
1059;46;6;5.813613454914391;5.813613454914391;5.462412384105427
1060;40;6;4.238571240997438;4.238571240997438;4.340214076415571
1061;54;6;6.402991367401984;6.402991367401984;6.03242673520828
1062;89;6;4.262524474469166;4.262524474469166;4.238625285297663
1063;83;6;5.417600522260413;5.417600522260413;5.190009878898378
1064;45;6;4.307670730145666;4.307670730145666;4.327470742882491
1065;119;6;4.38321354760952;4.38321354760952;4.553716822872985
1066;29;6;4.811243124204672;4.811243124204672;4.672612721136153
1067;43;6;4.941621809697355;4.941621809697355;5.225400266224997
1068;34;6;4.626979616376906;4.626979616376906;4.261953845299585
1069;92;6;3.618552732772724;3.618552732772724;3.8013589119791438
1070;29;6;3.598768564937799;3.598768564937799;3.611363428442091
1071;96;6;5.698360005627394;5.698360005627394;5.66155255896427
1072;100;6;4.5511235682110005;4.5511235682110005;4.595498686883749
1073;91;6;5.791085576994625;5.791085576994625;5.73451528650213
1074;33;6;5.0425678781202485;5.0425678781202485;4.673828622481697
1075;82;6;7.0957765985781345;7.0957765985781345;6.3972660810325515
1076;48;6;3.249403414079165;3.249403414079165;3.2130773156658345
1077;12;5;9.814127966115294;9.814127966115294;6.358211352995799
1078;18;6;6.854395388635952;6.854395388635952;5.42609661683308
1079;8;6;4.166725104128281;4.166725104128281;2.925069395280467
1080;71;6;6.343846109224614;6.343846109224614;6.082332710926241
1081;56;6;4.6291520411569635;4.6291520411569635;4.453123919075031
1082;150;6;3.5264725716138705;3.5264725716138705;3.937811724713609
1083;65;6;4.057328280943171;4.057328280943171;4.423143310588271
1084;59;6;3.489686141747372;3.489686141747372;3.646992809155966
1085;57;6;4.914826033132028;4.914826033132028;4.581488545370885
1086;84;6;3.194329758787984;3.194329758787984;3.7670960875498447
1087;91;6;3.4502062310948065;3.4502062310948065;3.642497979161404
1088;104;6;3.5822834312025695;3.5822834312025695;3.8340041759344556
1089;52;6;4.211506680684415;4.211506680684415;4.273656745034971
1090;24;6;4.755864192094986;4.755864192094986;3.5981843116166363
1091;114;6;4.06521479190798;4.06521479190798;4.228890430006034
1092;91;6;6.31374010928205;6.31374010928205;6.1537374899641
1093;71;6;4.110158701040403;4.110158701040403;4.099685386027532
1094;83;6;4.533879797220397;4.533879797220397;4.643240820122842
1095;72;6;5.173153462155073;5.173153462155073;4.925643330476856
1096;42;6;7.38891893121347;7.38891893121347;6.566795763595391
1097;100;6;5.2162723254639785;5.2162723254639785;5.139481954548243
1098;83;6;4.780741104146264;4.780741104146264;4.8875396916791365
1099;86;6;4.654277072869661;4.654277072869661;5.027659334778538
1100;64;6;5.89720330626461;5.89720330626461;5.855002306512648
1101;46;6;4.167778810138997;4.167778810138997;4.251627539853248
1102;31;6;5.141454515165767;5.141454515165767;4.844954226816636
1103;68;6;5.6738911963253305;5.6738911963253305;5.570131014696672
1104;38;6;3.7408700348632578;3.7408700348632578;3.9157814018901975
1105;24;6;3.359176616925735;3.359176616925735;2.895267847428442
1106;18;6;8.467751609913412;8.467751609913412;6.651733160591592
1107;88;6;4.0787230773728895;4.0787230773728895;4.154079082576608
1108;30;6;5.470960062861545;5.470960062861545;5.388573393507982
1109;6;6;6.604733923298184;6.604733923298184;4.167415040919597
1110;10;6;6.4913278699956996;6.4913278699956996;5.1721532196802285
1111;39;6;5.19953657703597;5.19953657703597;5.175076560894133
1112;60;6;4.840886576453229;4.840886576453229;4.883672533295322
1113;22;6;4.423276866375851;4.423276866375851;4.228792941602027
1114;29;6;4.188364023744593;4.188364023744593;3.864963014656989
1115;37;6;5.246245286732566;5.246245286732566;5.179602871705055
1116;27;6;4.44140550233014;4.44140550233014;4.104068628763662
1117;100;6;4.077424362890329;4.077424362890329;4.214270770366461
1118;39;6;5.265557213546879;5.265557213546879;5.191088990127164
1119;30;6;3.5342896942848574;3.5342896942848574;3.31619027872611
1120;16;6;3.7156051905584953;3.7156051905584953;3.1835599531859606
1121;72;6;5.7860681439390165;5.7860681439390165;5.5730937144865464
1122;49;6;3.851752915694664;3.851752915694664;3.720731528054953
1123;78;6;3.890812000655631;3.890812000655631;3.992533534505211
1124;101;6;5.820254515299551;5.820254515299551;5.97698156644493
1125;3;6;11.970408194042976;11.970408194042976;5.460339048451643
1126;34;6;5.632351151121975;5.632351151121975;5.189577770821808
1127;87;6;6.430722988697329;6.430722988697329;6.042548040695085
1128;26;6;6.078289650362608;6.078289650362608;5.267267811774534
1129;60;6;4.00514877169249;4.00514877169249;4.190125992837686
1130;46;6;5.978461350282609;5.978461350282609;5.606577156390277
1131;47;6;4.8383871297187735;4.8383871297187735;4.623441338642215
1132;85;6;5.291003813576704;5.291003813576704;5.14685646467949
1133;64;6;6.382470329941743;6.382470329941743;5.932596092046948
1134;91;6;5.0245523647232675;5.0245523647232675;4.915583309382476
1135;84;6;6.4841647861011555;6.4841647861011555;6.198065360308427
1136;19;6;0.0;0.0;4.861925721933386
1137;19;6;0.0;0.0;4.861925721933386
1138;149;6;3.640664995524155;3.640664995524155;4.090256250428041
1139;68;6;3.153897745924401;3.153897745924401;3.531539171109994
1140;64;6;5.959674848690586;5.959674848690586;5.628886194434333
1141;72;6;4.898709259462947;4.898709259462947;4.985118492618336
1142;59;6;4.959911651897043;4.959911651897043;5.0129697385851095
1143;39;6;5.174221318920283;5.174221318920283;4.521487886177572
1144;90;6;5.260655997054617;5.260655997054617;5.259984916258262
1145;13;2;4.970343949451855;4.970343949451855;4.037709766450278
1146;52;6;4.656836540101485;4.656836540101485;4.559336395807703
1147;60;6;5.991245751768066;5.991245751768066;5.528153836884539
1148;61;6;5.37895080314024;5.37895080314024;5.128058967554885
1149;27;6;6.255857204010279;6.255857204010279;5.2542831843256375
1150;89;6;4.372168854737669;4.372168854737669;4.4278363944220525
1151;49;6;5.75881433181799;5.75881433181799;5.504892093226836
1152;49;6;7.783457349247057;7.783457349247057;6.971632418446003
1153;30;6;5.870096657037032;5.870096657037032;5.024695123694829
1154;89;6;4.221164749660675;4.221164749660675;4.27909625816149
1155;9;6;6.321367432879363;6.321367432879363;4.407053640306523
1156;45;6;5.878961918407948;5.878961918407948;5.446417220495329
1157;40;6;4.825837550180289;4.825837550180289;4.424807437983926
1158;128;6;3.536230194571293;3.536230194571293;3.851515469559215
1159;57;6;6.2034148866913945;6.2034148866913945;5.794913213843697
1160;69;6;3.7820445562452867;3.7820445562452867;3.8341258801489557
1161;58;6;6.22791391423594;6.22791391423594;6.096927769421368
1162;62;6;5.613620516214659;5.613620516214659;5.233886303203566
1163;23;6;7.243308498789976;7.243308498789976;5.82110589690947
1164;42;6;6.02890328073829;6.02890328073829;5.545133939080152
1165;38;6;5.640009520555764;5.640009520555764;5.067698967266176
1166;69;6;4.446536784433868;4.446536784433868;4.4980483325009715
1167;31;6;5.413669002698729;5.413669002698729;4.5909555141267715
1168;82;6;5.70745164462392;5.70745164462392;5.549777097957007
1169;19;6;6.906090941947418;6.906090941947418;5.982948550389508
1170;27;6;3.5572628878821977;3.5572628878821977;3.4443333103410856
1171;63;6;4.080568339067782;4.080568339067782;4.559959659319387
1172;139;6;3.47999106579022;3.47999106579022;4.176542391766813
1173;148;6;3.2055650325578657;3.2055650325578657;3.724588356480471
1174;124;6;5.694952663153438;5.694952663153438;5.370094267112931
1175;141;6;3.519695334890285;3.519695334890285;4.248427837127151
1176;46;6;0.0;0.0;5.055723779695167
1177;46;6;0.0;0.0;5.055723779695167
1178;49;6;5.298623427254443;5.298623427254443;4.977083386335054
1179;128;6;3.436235947674004;3.436235947674004;3.722437467585711
1180;87;6;4.59546774452696;4.59546774452696;4.91386688537579
1181;71;6;3.310586590894248;3.310586590894248;3.517633964926596
1182;1;6;12.429622342350978;12.429622342350978;4.862569810217286
1183;14;6;6.233977120954957;6.233977120954957;4.684475512449348
1184;11;6;4.195533242883326;4.195533242883326;3.2972957795673468
1185;46;6;4.570242543826573;4.570242543826573;4.394467518811689
1186;40;6;5.225650931467397;5.225650931467397;4.8140518928494265
1187;85;6;4.7861862354715035;4.7861862354715035;4.813947885516955
1188;57;6;3.7211409627429606;3.7211409627429606;3.6128363302086726
1189;76;6;5.868069599509635;5.868069599509635;5.658062078616807
1190;8;6;7.700464506579106;7.700464506579106;5.68069456350156
1191;44;6;4.335410261068569;4.335410261068569;4.2503133919593505
1192;18;6;6.716934088792106;6.716934088792106;5.3298409336734425
1193;67;6;6.629400144964661;6.629400144964661;6.412729316105851
1194;61;6;5.357163738813063;5.357163738813063;5.302212657203597
1195;39;6;5.3261865093047325;5.3261865093047325;4.7235366311993285
1196;140;6;4.524575875192819;4.524575875192819;4.853745520940021
1197;69;6;5.435603050556781;5.435603050556781;5.330094697901312
1198;37;6;8.475357252199737;8.475357252199737;7.52166286792264
1199;13;6;6.148013696995911;6.148013696995911;4.316419715328896
1200;9;6;6.84127025723146;6.84127025723146;4.521996483163797
1201;17;6;4.986319113254179;4.986319113254179;3.9560045461169597
1202;87;6;4.544121744690321;4.544121744690321;4.660816905538693
1203;74;6;4.1538360706137585;4.1538360706137585;4.238226592989226
1204;75;6;5.536724408604555;5.536724408604555;5.501766374142183
1205;14;6;5.610766485946539;5.610766485946539;4.80024167798672
1206;67;6;4.5353871750037165;4.5353871750037165;4.641501714021188
1207;61;6;3.9023720756459395;3.9023720756459395;3.769828646657976
1208;70;6;2.9751799667919605;2.9751799667919605;3.201330516523106
1209;47;6;3.404333576304487;3.404333576304487;3.5806720520990925
1210;57;6;4.359851515321157;4.359851515321157;4.3465609631559055
1211;48;6;5.600441624499304;5.600441624499304;5.01183118832788
1212;96;6;4.979179342100804;4.979179342100804;4.987303268732538
1213;28;6;3.7640516252510148;3.7640516252510148;3.304200120225576
1214;30;6;6.813797380483646;6.813797380483646;6.30495985529524
1215;88;6;4.87806916695225;4.87806916695225;4.804981557495487
1216;8;6;8.437942999345609;8.437942999345609;5.722925484529056
1217;17;6;7.0775374467652945;7.0775374467652945;5.796391665345199
1218;56;6;4.996859234265408;4.996859234265408;5.254624956723293
1219;71;6;5.337573291143818;5.337573291143818;5.2674033361238815
1220;5;6;8.385229183478481;8.385229183478481;5.903517435598823
1221;151;6;4.062992851567319;4.062992851567319;4.330669145934566
1222;38;6;5.219280672946152;5.219280672946152;4.639223691812624
1223;58;6;5.064219529180047;5.064219529180047;4.867794588784575
1224;82;6;4.757947636578344;4.757947636578344;4.945611318562897
1225;52;6;3.8905866589436315;3.8905866589436315;3.7308299515084284
1226;49;6;5.686321218552055;5.686321218552055;5.162006432927743
1227;110;6;4.022599212174476;4.022599212174476;4.2183804822668485
1228;52;6;3.1240904273627836;3.1240904273627836;3.236976340627598
1229;56;6;6.080160240682832;6.080160240682832;5.508202037128213
1230;60;6;5.461073365601325;5.461073365601325;5.347507796923199
1231;111;6;4.116437504114171;4.116437504114171;4.213802909821151
1232;54;6;4.91900821910116;4.91900821910116;4.7767757391700485
1233;149;6;3.6729383542851903;3.6729383542851903;3.9225160341323075
1234;87;6;5.33679133081205;5.33679133081205;5.208574149099288
1235;125;6;5.6854088634630555;5.6854088634630555;5.7326338671343295
1236;129;6;4.486406134802955;4.486406134802955;4.589201677025101
1237;79;6;3.0006629244563485;3.0006629244563485;3.2594805733593866
1238;32;6;4.366183778406532;4.366183778406532;4.26597426962108
1239;78;6;2.9031426547640855;2.9031426547640855;3.198548845539032
1240;83;6;4.649797259711024;4.649797259711024;4.465274874775033
1241;118;6;3.9561058398323437;3.9561058398323437;4.183062061223028
1242;41;6;0.0;0.0;4.527043595827703
1243;41;6;0.0;0.0;4.527043595827703
1244;64;6;3.8154868559556916;3.8154868559556916;4.210412866219143
1245;59;6;4.622291131960502;4.622291131960502;4.785372015026761
1246;27;6;6.220752728881014;6.220752728881014;5.481260058785244
1247;31;6;5.261576235856366;5.261576235856366;4.773783388070172
1248;36;6;7.646729690719537;7.646729690719537;6.3684620151213265
1249;25;6;7.350782486644337;7.350782486644337;5.932293567130272
1250;15;6;7.48372501105711;7.48372501105711;6.063669494650224
1251;74;6;3.73423430518322;3.73423430518322;3.9936870978947137
1252;11;6;4.667033085388151;4.667033085388151;3.3834919249936473
1253;94;6;4.463409945022651;4.463409945022651;4.593243626538112
1254;100;6;4.499627883189618;4.499627883189618;4.518013911522436
1255;65;6;4.535826159794786;4.535826159794786;4.611034831731932
1256;89;6;0.0;0.0;5.048890619325358
1257;48;6;6.516578231045757;6.516578231045757;5.867039213239517
1258;90;6;0.0;0.0;5.048890619325358
1259;37;6;3.8995695362581615;3.8995695362581615;3.927141515504315
1260;83;6;4.822946910741778;4.822946910741778;4.848618408908847
1261;53;6;4.692717748809263;4.692717748809263;4.491499056765429
1262;57;6;5.384186828625286;5.384186828625286;5.220133620682901
1263;52;6;3.9368619036247754;3.9368619036247754;4.523849033021056
1264;39;6;4.245612876298964;4.245612876298964;4.678614007287857
1265;122;6;3.679997628756295;3.679997628756295;4.018276017713131
1266;91;6;3.692563282205618;3.692563282205618;3.872008797043932
1267;76;6;3.7230511631473906;3.7230511631473906;3.8128856677349505
1268;70;6;3.291826980871966;3.291826980871966;3.546055861538649
1269;105;6;3.8410321361561452;3.8410321361561452;3.996346725116007
1270;45;6;5.261054182479992;5.261054182479992;4.772425846404583
1271;92;6;4.150169264197676;4.150169264197676;4.2272833863355395
1272;19;6;6.6696315216602065;6.6696315216602065;5.306642576396897
1273;99;6;4.794096388172796;4.794096388172796;4.9408560684070055
1274;71;6;3.55635820313916;3.55635820313916;3.6756508943773176
1275;39;6;3.7643907683926128;3.7643907683926128;3.674456646775106
1276;104;6;6.273943055393078;6.273943055393078;5.952970549475719
1277;53;6;6.542846466208699;6.542846466208699;5.928737325371726
1278;97;6;5.150288775298273;5.150288775298273;5.113001431045663
1279;34;6;5.010900676291305;5.010900676291305;4.597796249610073
1280;34;6;5.149720222101497;5.149720222101497;5.256962038327675
1281;125;6;3.525027225205313;3.525027225205313;3.8931616877711286
1282;16;6;6.515822700110027;6.515822700110027;5.7636685506891725
1283;13;6;5.719586139968242;5.719586139968242;5.339437130464105
1284;84;6;4.447539786175298;4.447539786175298;4.678845358975998
1285;53;6;5.408955474259276;5.408955474259276;5.41842423703981
1286;81;6;4.964847505067767;4.964847505067767;5.205200442846184
1287;13;6;5.177934322593347;5.177934322593347;3.729054108742909
1288;12;6;5.308314728906134;5.308314728906134;4.641397929620322
1289;91;6;4.855014608733281;4.855014608733281;4.9110863650079155
1290;58;6;4.802110913279631;4.802110913279631;4.928319989424697
1291;84;6;4.453258228965482;4.453258228965482;4.610901982634163
1292;81;6;4.732174519201287;4.732174519201287;4.801790371357174
1293;49;6;7.502483675749857;7.502483675749857;6.845301072918197
1294;18;6;6.288913590212733;6.288913590212733;5.086398824170855
1295;132;6;4.840168552670448;4.840168552670448;4.8843855293172505
1296;85;6;4.489040856630284;4.489040856630284;4.813210746256259
1297;26;6;8.063916338105633;8.063916338105633;6.952068154887808
1298;105;6;5.854414047870326;5.854414047870326;5.607750136445763
1299;48;6;4.443020277667819;4.443020277667819;4.197996877279195
1300;85;6;5.209180382127597;5.209180382127597;5.340282526679263
1301;80;6;3.887950102342991;3.887950102342991;4.300681557093395
1302;112;6;5.7502746063997;5.7502746063997;5.619060179428693
1303;99;6;4.221673179678654;4.221673179678654;4.409947781010457
1304;30;6;4.796604194329138;4.796604194329138;4.164620397005321
1305;37;6;4.476240567217258;4.476240567217258;4.535106298022059
1306;27;6;7.877259267022315;7.877259267022315;7.154990437640887
1307;76;6;5.384076487082197;5.384076487082197;5.390706390546514
1308;66;6;4.786545701661079;4.786545701661079;4.62087427346057
1309;93;6;4.651595223569212;4.651595223569212;4.696355249184427
1310;38;6;4.88495168560788;4.88495168560788;4.760060832342226
1311;37;6;4.839047880243531;4.839047880243531;4.639593193609886
1312;80;6;5.055317095335688;5.055317095335688;4.936093011889158
1313;58;6;5.096163039191316;5.096163039191316;5.2051911099613095
1314;51;6;6.275363670668914;6.275363670668914;5.69403461412067
1315;23;6;7.444495823489366;7.444495823489366;5.781228603772092
1316;27;6;4.82238058339372;4.82238058339372;4.610114253498779
1317;57;6;4.866902514795236;4.866902514795236;4.8877819981848925
1318;79;6;4.395654994152195;4.395654994152195;4.564630615008123
1319;61;6;5.717397490649159;5.717397490649159;5.210681448796981
1320;78;6;3.3476022689717744;3.3476022689717744;3.5761309676315154
1321;86;6;5.1697593296240525;5.1697593296240525;5.080056017031572
1322;28;6;4.635828977662985;4.635828977662985;4.26089347420539
1323;39;6;5.5947585206313555;5.5947585206313555;4.967177990978216
1324;40;6;5.346878340061444;5.346878340061444;5.071781864107732
1325;85;6;5.303440008669646;5.303440008669646;5.374765844630784
1326;46;6;4.719365833531193;4.719365833531193;4.634657027908622
1327;32;6;4.90574795396655;4.90574795396655;4.789189713466407
1328;18;6;5.707307037998104;5.707307037998104;4.732962951220852
1329;67;6;5.250374746246841;5.250374746246841;4.9398641597594
1330;74;6;4.116982315474326;4.116982315474326;4.4579660112330295
1331;42;6;6.504949385380523;6.504949385380523;5.8479116961086035
1332;3;6;10.590643449248816;10.590643449248816;5.837007765199537
1333;18;6;4.816776448685706;4.816776448685706;4.5367561415373485
1334;105;6;4.4275965757234585;4.4275965757234585;4.505098878229177
1335;32;5;5.5797579360407585;5.5797579360407585;5.0639707896717665
1336;87;6;3.8707720914150237;3.8707720914150237;4.272820937876462
1337;46;6;4.193492133174394;4.193492133174394;4.083518292160069
1338;39;6;5.361799707583739;5.361799707583739;4.889540375874468
1339;60;6;3.965976982131343;3.965976982131343;4.006157555373955
1340;61;6;3.987638619729992;3.987638619729992;4.204862161159908
1341;98;6;3.8569927165549953;3.8569927165549953;4.2319146959183795
1342;39;6;7.628717706711268;7.628717706711268;6.604503755904836
1343;41;6;4.361106908684009;4.361106908684009;4.336510794869293
1344;51;6;3.2753174508035525;3.2753174508035525;3.585780251705568
1345;93;6;5.698484619792846;5.698484619792846;5.418357179330902
1346;126;6;5.332310110704209;5.332310110704209;5.435911373886221
1347;138;6;4.891768302622358;4.891768302622358;5.082157112762301
1348;41;6;5.87534940858724;5.87534940858724;5.253797174246094
1349;108;6;4.0706409820720655;4.0706409820720655;4.32591783432863
1350;47;6;5.548627718737469;5.548627718737469;5.377445267427289
1351;112;6;4.278111986585646;4.278111986585646;4.589168122352328
1352;73;6;5.195383569591699;5.195383569591699;5.141912495812734
1353;56;6;4.682940601464187;4.682940601464187;4.72792056452849
1354;94;6;3.5404817241151214;3.5404817241151214;3.9261389392604884
1355;40;6;3.6164261927396444;3.6164261927396444;3.6963698124322364
1356;18;6;4.794892461371113;4.794892461371113;3.5149395852826855
1357;12;6;4.781052403446289;4.781052403446289;4.34893433994786
1358;24;5;4.712583646857103;4.712583646857103;4.199787969444083
1359;80;6;3.741715580614785;3.741715580614785;4.007290131116203
1360;70;6;4.867392692453569;4.867392692453569;4.970436646808667
1361;57;6;5.1280566219811865;5.1280566219811865;4.912153121390984
1362;65;6;5.409433391255993;5.409433391255993;5.255795513830088
1363;44;6;4.252700153715695;4.252700153715695;4.078767207828007
1364;61;6;4.534534026413469;4.534534026413469;4.26922847407212
1365;96;6;5.434268735797781;5.434268735797781;5.311297124948002
1366;49;6;4.73552728226167;4.73552728226167;4.482505378404963
1367;98;6;5.013362771858226;5.013362771858226;5.182725546965998
1368;81;6;5.136028160718604;5.136028160718604;5.130432633147439
1369;77;6;3.9629760616577614;3.9629760616577614;3.902956445101002
1370;65;6;5.101431445607649;5.101431445607649;5.398437204094814
1371;89;6;3.8522000087061796;3.8522000087061796;4.057378312587025
1372;48;6;5.2392097065994925;5.2392097065994925;5.101802845132205
1373;91;6;3.8521373350425874;3.8521373350425874;3.9498052967293122
1374;44;6;4.957964566612533;4.957964566612533;4.817841948189708
1375;34;6;5.051243215075892;5.051243215075892;4.810006125315315
1376;59;6;4.180088170958174;4.180088170958174;4.214682713145411
1377;98;6;5.565724679091165;5.565724679091165;5.303203838540408
1378;10;6;8.422532754478055;8.422532754478055;5.6841409523690665
1379;63;6;3.7463308042981955;3.7463308042981955;4.02223646077996
1380;43;6;6.376613919506114;6.376613919506114;6.057230583239518
1381;24;6;7.062503928972146;7.062503928972146;6.033927691096111
1382;27;5;4.112637622212141;4.112637622212141;3.6203307194521304
1383;64;6;5.365591290053019;5.365591290053019;5.366853177070202
1384;77;6;4.219722198913663;4.219722198913663;4.32370426127864
1385;53;6;4.526122212344149;4.526122212344149;4.677359112718099
1386;74;6;3.68525770608555;3.68525770608555;3.7582183977409644
1387;32;6;5.409086012621154;5.409086012621154;4.929055427370895
1388;14;1;3.9845998924129353;3.9845998924129353;4.263920752658457
1389;14;2;4.333217871227709;4.333217871227709;4.202960785867301
1390;61;6;4.820628280392249;4.820628280392249;4.63633483687213
1391;58;6;6.606769648785924;6.606769648785924;5.968513298729765
1392;29;6;4.747054665249725;4.747054665249725;4.410735190745562
1393;42;6;5.174934613317324;5.174934613317324;4.656581663853712
1394;41;6;5.017944186024211;5.017944186024211;4.8227885364885665
1395;7;6;8.466713528597083;8.466713528597083;5.996294080384399
1396;20;6;7.3525508777356725;7.3525508777356725;5.459934012722022
1397;40;6;4.03912806145385;4.03912806145385;3.867687359162208
1398;27;6;4.58614938415256;4.58614938415256;4.1637792987984295
1399;58;6;4.093740077799394;4.093740077799394;4.1042885741146335
1400;26;6;5.206313715600064;5.206313715600064;4.882023012665712
1401;37;6;3.080722525494485;3.080722525494485;3.20707257781313
1402;91;6;3.7473960352504023;3.7473960352504023;3.999593730314583
1403;27;6;6.796690928633609;6.796690928633609;5.846507551773006
1404;106;6;4.270636633171365;4.270636633171365;4.549292678490968
1405;65;6;3.7814960012239607;3.7814960012239607;4.019250947229964
1406;42;6;6.569486366156998;6.569486366156998;5.858364153689186
1407;57;6;5.356412149025415;5.356412149025415;5.152688886172289
1408;90;6;4.567594504355397;4.567594504355397;4.597712021872481
1409;93;6;5.705513545050069;5.705513545050069;5.653130271170613
1410;87;6;4.319644707450656;4.319644707450656;4.461407129864138
1411;49;6;4.680175945915734;4.680175945915734;4.455803614961877
1412;36;6;5.206803507582753;5.206803507582753;5.217462935152847
1413;45;6;5.766178612781217;5.766178612781217;5.436992380248768
1414;43;6;4.232895357714415;4.232895357714415;4.00206309235257
1415;29;6;3.2582202036120456;3.2582202036120456;3.360341754897314
1416;40;6;4.67847937311445;4.67847937311445;4.656047382930603
1417;56;6;3.2789203725712888;3.2789203725712888;3.468463699993216
1418;55;6;7.231274578658173;7.231274578658173;6.727482907028092
1419;76;6;4.224837886937976;4.224837886937976;4.443461376832584
1420;87;6;3.019229941416472;3.019229941416472;3.3489426893457255
1421;76;6;4.575556763546968;4.575556763546968;4.484200451978996
1422;50;6;5.651621853272157;5.651621853272157;5.155744428418118
1423;13;6;4.1825008420354886;4.1825008420354886;3.0897291362634745
1424;6;6;9.945204355420103;9.945204355420103;6.914063687024756
1425;68;6;3.908431375178943;3.908431375178943;3.9986850708489587
1426;31;6;3.789791826330571;3.789791826330571;3.782264499354466
1427;45;6;4.456463282212086;4.456463282212086;4.446638228991852
1428;38;6;7.621437275282423;7.621437275282423;6.490122215151569
1429;10;6;6.361216861971052;6.361216861971052;4.819538466185682
1430;41;6;5.977384783768293;5.977384783768293;5.553362591474058
1431;51;6;6.5192168814689095;6.5192168814689095;6.0186014944652335
1432;31;6;4.558978541925815;4.558978541925815;4.027503365039821
1433;73;6;4.0801099642786225;4.0801099642786225;4.240075604285796
1434;34;6;4.165707633222582;4.165707633222582;3.6061026880435976
1435;77;6;3.8675242071980978;3.8675242071980978;3.940171440122573
1436;101;6;3.400905257781085;3.400905257781085;3.579893481313558
1437;78;6;3.0923968056216107;3.0923968056216107;3.22678284957518
1438;58;6;4.635206454084456;4.635206454084456;4.643071238627404
1439;36;6;4.766334468910716;4.766334468910716;4.371911817218793
1440;41;6;4.7915760188141645;4.7915760188141645;4.752483277890475
1441;99;6;5.1929999047940125;5.1929999047940125;5.213276044491662
1442;60;6;4.326673290002088;4.326673290002088;4.550457873125541
1443;16;6;9.1221701707113;9.1221701707113;6.883713614029955
1444;81;6;5.269046240096112;5.269046240096112;5.216460076964899
1445;55;6;4.3982645292584035;4.3982645292584035;4.641487636335924
1446;36;6;4.59946569363253;4.59946569363253;3.8758441975665714
1447;34;6;5.127167460307669;5.127167460307669;4.849961863878585
1448;35;6;4.059937520496488;4.059937520496488;3.6848977358126356
1449;57;6;5.826484227168467;5.826484227168467;5.337292164262872
1450;13;6;0.0;0.0;3.8401253723599833
1451;35;6;5.837158460963172;5.837158460963172;5.229388163471135
1452;15;6;5.621860484315766;5.621860484315766;4.3847650883216245
1453;16;6;6.11938053745407;6.11938053745407;5.565072887835886
1454;12;6;4.027235741938591;4.027235741938591;2.8909004393596454
1455;47;6;4.434601285456312;4.434601285456312;4.217023854137792
1456;93;6;3.2505095775188506;3.2505095775188506;3.607178414592423
1457;67;6;4.209199911025953;4.209199911025953;4.4415601382768655
1458;94;6;5.6780701431949865;5.6780701431949865;5.85375796999018
1459;50;6;3.187962517748186;3.187962517748186;3.3087975111805754
1460;65;6;4.001895356629717;4.001895356629717;3.9162313726446163
1461;63;6;5.231651745244189;5.231651745244189;4.749508966718649
1462;52;6;3.2358516661625645;3.2358516661625645;3.3727773425642322
1463;78;6;5.635038471482501;5.635038471482501;5.865094425691426
1464;53;6;5.181208246759048;5.181208246759048;5.223097185258306
1465;26;6;7.314747844358503;7.314747844358503;5.8987469916726045
1466;21;6;4.176599959290048;4.176599959290048;3.543843477181963
1467;26;6;6.03873400244838;6.03873400244838;5.079631473248103
1468;85;6;4.59841103415278;4.59841103415278;4.886253385004513
1469;85;6;4.745808128501194;4.745808128501194;4.8558972023931695
1470;78;6;2.952449531554838;2.952449531554838;3.206788633643356
1471;38;6;4.729936048989982;4.729936048989982;4.404579954587776
1472;24;6;4.608695716211298;4.608695716211298;3.9641487321668105
1473;61;6;4.633501379980672;4.633501379980672;4.49837952960611
1474;57;6;3.727530739546199;3.727530739546199;4.07544072132943
1475;48;6;5.87082884793648;5.87082884793648;5.418861200866634
1476;89;6;4.928033071755103;4.928033071755103;4.843597006412429
1477;22;6;5.271139815673833;5.271139815673833;4.822384553203045
1478;23;6;6.161471256550617;6.161471256550617;5.3037107725925035
1479;58;6;4.268448667035007;4.268448667035007;4.488357941725164
1480;45;6;5.4360321374593505;5.4360321374593505;5.153542755219011
1481;55;6;4.08950895873966;4.08950895873966;4.065063826653817
1482;62;6;5.446716012514187;5.446716012514187;5.3787990709972044
1483;73;6;4.7072226053793385;4.7072226053793385;4.723602968958258
