Skewness: 0.4261849988373488, Average LID: LPCA: 5.964285714285714  |||  MLE: 4.725990129614809  |||  MLENB: 4.725990129614809  |||  TLE: 4.517170333914447
LPCA: 0.16422328818973478  |||  MLE: -0.3105401753163528  |||  MLENB: -0.3105401753163528  |||  TLE: -0.0851423085636616
node;in_degree;local_intrinsic_dimensionality_LPCA;local_intrinsic_dimensionality_MLE;local_intrinsic_dimensionality_MLENB;local_intrinsic_dimensionality_TLE
0;122;6;3.6813187229587077;3.6813187229587077;3.9612870807576392
1;84;6;4.748083252888958;4.748083252888958;4.625365679432057
2;141;6;3.353547957799368;3.353547957799368;3.626358105380804
3;91;6;4.195379654711121;4.195379654711121;4.24623473047899
4;115;6;3.4770072343461584;3.4770072343461584;3.489431905881061
5;14;2;18.545347208519154;18.545347208519154;6.782345840077035
6;89;6;2.7880708410634973;2.7880708410634973;2.9830217039463256
7;85;6;7.139812504927826;7.139812504927826;6.210171281185637
8;65;6;4.906129640831909;4.906129640831909;4.776468461733722
9;98;6;5.409732457580508;5.409732457580508;4.9422327742926235
10;234;6;4.308575542372621;4.308575542372621;4.45596193624753
11;176;6;4.854774982101653;4.854774982101653;4.850244328497855
12;129;6;5.755243985005396;5.755243985005396;5.3267813860904605
13;90;6;3.7391153239229906;3.7391153239229906;3.645551538836157
14;133;6;4.788484236582582;4.788484236582582;4.518695776154376
15;154;6;4.243950983202609;4.243950983202609;4.234314983150091
16;82;6;4.6863494198810285;4.6863494198810285;4.46164733625242
17;120;6;4.058389932926508;4.058389932926508;4.151925436993834
18;133;6;4.810723956115129;4.810723956115129;4.7812188817131265
19;163;6;3.71818295034634;3.71818295034634;3.9770683556798088
20;201;6;4.033560499226518;4.033560499226518;4.14218223874512
21;234;6;4.461859355664649;4.461859355664649;4.532559406912167
22;173;6;3.294194082615439;3.294194082615439;3.56100295365096
23;136;6;3.999964130809411;3.999964130809411;4.202464219195473
24;103;6;4.2132753618756125;4.2132753618756125;4.476120180457464
25;175;6;2.814926720495054;2.814926720495054;3.0628641681974753
26;97;6;5.465110746877524;5.465110746877524;4.989605393230299
27;131;6;3.7969786390785036;3.7969786390785036;4.090529798285149
28;111;6;4.337343433703484;4.337343433703484;4.160987905282232
29;53;6;3.513869712229693;3.513869712229693;3.046048503824585
30;65;6;6.365139654933791;6.365139654933791;5.690669753246194
31;21;6;3.972966770093065;3.972966770093065;2.6860328584700155
32;45;6;6.74587026630908;6.74587026630908;5.3043480256037725
33;62;6;5.0063696211801725;5.0063696211801725;4.682495156698361
34;114;6;2.82489692113662;2.82489692113662;3.0492433382216486
35;134;6;4.4730257780054545;4.4730257780054545;4.471562246411703
36;179;6;3.643067824635736;3.643067824635736;3.812442775816337
37;171;6;4.779462497158153;4.779462497158153;4.881844774941798
38;115;6;3.804530624769923;3.804530624769923;3.8908953777566997
39;158;6;4.631484120552433;4.631484120552433;4.53928162788638
40;111;6;3.098023302413201;3.098023302413201;3.22489747503317
41;86;6;3.7427989789079255;3.7427989789079255;3.446890735434441
42;99;6;3.7988798465366314;3.7988798465366314;3.880136006300786
43;136;6;3.729158607629181;3.729158607629181;3.9842166630695117
44;190;6;4.037550423612275;4.037550423612275;4.244333328503434
45;45;6;6.561417825059003;6.561417825059003;5.597533599588125
46;32;6;6.354173574036051;6.354173574036051;4.935898977895191
47;162;6;4.350937284612346;4.350937284612346;4.380078535900421
48;100;6;5.043998265341675;5.043998265341675;4.808414413139048
49;37;6;4.534137172458983;4.534137172458983;3.9100075541232573
50;197;6;4.387518561903321;4.387518561903321;4.431302837571627
51;51;6;3.2943785885413472;3.2943785885413472;3.23489278656963
52;80;6;5.55564102880463;5.55564102880463;5.222986014804824
53;139;6;3.959506203712391;3.959506203712391;4.223465288946222
54;117;6;4.011963823603123;4.011963823603123;4.286993585373461
55;106;6;4.31892397211036;4.31892397211036;4.526305870628035
56;89;6;3.8603996605582096;3.8603996605582096;3.7774871328589756
57;145;6;4.2371974692596375;4.2371974692596375;4.278699155737756
58;189;6;4.219010305713735;4.219010305713735;4.516441312920611
59;70;6;2.866976337455447;2.866976337455447;2.984699386617049
60;77;6;4.44533513739303;4.44533513739303;4.175622165895442
61;134;6;5.191945169303113;5.191945169303113;4.974653280877456
62;121;6;4.210988213121419;4.210988213121419;4.426084646123398
63;112;6;5.262035461378492;5.262035461378492;5.182710987741094
64;71;6;6.109756830940171;6.109756830940171;5.446649780046437
65;128;6;5.450660748744775;5.450660748744775;5.166568937701001
66;64;6;4.996579013136162;4.996579013136162;4.6725741343111205
67;123;6;4.432153157464495;4.432153157464495;4.530958198309212
68;109;6;4.042616835131077;4.042616835131077;4.236611656005874
69;74;6;2.9688926474295885;2.9688926474295885;2.93061018304424
70;162;6;5.265889261151986;5.265889261151986;5.0889969442757135
71;129;6;5.606471969351625;5.606471969351625;5.326408574605128
72;90;6;4.337374129253164;4.337374129253164;3.8831110795603725
73;79;6;2.665157446033038;2.665157446033038;2.856888423399696
74;149;6;4.7629058995232745;4.7629058995232745;4.837477526538172
75;109;6;4.5112413216285425;4.5112413216285425;4.31215762849969
76;112;6;3.534768823820938;3.534768823820938;3.649162133793394
77;166;6;3.444617385051838;3.444617385051838;3.6439950493371818
78;45;6;5.654680328086845;5.654680328086845;4.871293585450701
79;142;6;3.6823733166807058;3.6823733166807058;3.801493518962904
80;156;6;3.3219358841762077;3.3219358841762077;3.5105066857663547
81;154;6;4.079863941298244;4.079863941298244;4.0988104306599675
82;98;6;3.711354061055851;3.711354061055851;3.427987876049132
83;89;6;4.722154125028905;4.722154125028905;4.875125019889096
84;12;4;8.46609423182676;8.46609423182676;6.006639324672492
85;22;6;5.1713743355715245;5.1713743355715245;3.6262674118930165
86;104;6;3.5604318726342483;3.5604318726342483;3.780803796943206
87;147;6;3.3795403953322696;3.3795403953322696;3.567964697277967
88;95;6;6.857836965676851;6.857836965676851;6.359125342852613
89;126;6;5.383412297878088;5.383412297878088;5.200946844727449
90;66;6;5.659744166145912;5.659744166145912;5.027522584934757
91;178;6;4.936685995478187;4.936685995478187;4.898635137344058
92;191;6;4.476937642321145;4.476937642321145;4.586469710782588
93;74;6;4.894079210988306;4.894079210988306;4.500041603995378
94;147;6;6.479872304417131;6.479872304417131;6.391001475499031
95;80;6;5.80185429924855;5.80185429924855;5.534785257143325
96;118;6;4.984419910640467;4.984419910640467;4.842497470045218
97;89;6;4.665166333882684;4.665166333882684;4.497351666449057
98;126;6;2.739564993830159;2.739564993830159;3.0413095849142104
99;51;6;6.093202207561286;6.093202207561286;5.321819852775516
100;75;6;4.778923711380674;4.778923711380674;4.562031283263352
101;101;6;4.557116293682209;4.557116293682209;4.574830673006518
102;114;6;6.301595405578639;6.301595405578639;5.743964700903848
103;39;6;6.403760389503313;6.403760389503313;5.255125172376538
104;196;6;4.6215044427273115;4.6215044427273115;4.852387732798559
105;98;6;3.52477526392134;3.52477526392134;3.836785401430737
106;137;6;3.456709257516248;3.456709257516248;3.6322700335178864
107;71;6;3.388477514637135;3.388477514637135;3.5123340683037365
108;82;6;4.72865069039754;4.72865069039754;4.193630347699337
109;49;6;5.185723733655722;5.185723733655722;4.678953817670131
110;14;4;18.412945277076712;18.412945277076712;6.693103850357353
111;154;6;4.5643491695196525;4.5643491695196525;4.592892721606127
112;64;6;3.900318902357079;3.900318902357079;3.710311779297176
113;134;6;4.434424917146971;4.434424917146971;4.322172517688249
114;13;6;4.16272219818225;4.16272219818225;2.690991693847535
115;108;6;2.9452728448771857;2.9452728448771857;3.0568361441823497
116;79;6;4.8923707062044475;4.8923707062044475;4.750674288398924
117;170;6;3.7828879390453714;3.7828879390453714;3.875817796304117
118;9;6;8.874561768596005;8.874561768596005;5.583321125617156
119;71;6;5.962330601966087;5.962330601966087;5.25757119372233
120;78;6;4.155607881883353;4.155607881883353;4.078870249799429
121;184;6;3.0818156052622143;3.0818156052622143;3.260395835548924
122;99;6;3.9046153601848657;3.9046153601848657;3.9429419424674226
123;126;6;4.6284909704730515;4.6284909704730515;4.437650274193257
124;70;6;5.47843674877049;5.47843674877049;5.192374377757932
125;126;6;3.5525401339430016;3.5525401339430016;3.776507004160128
126;225;6;4.2649514651093146;4.2649514651093146;4.52038187731987
127;53;6;4.871256349319777;4.871256349319777;4.152249570015484
128;37;6;6.139831518102163;6.139831518102163;5.242420890932021
129;48;6;5.385459634569964;5.385459634569964;5.109370589438906
130;84;6;4.1275326516385;4.1275326516385;4.327286977022905
131;72;6;5.904483234479429;5.904483234479429;5.449716372956782
132;82;6;5.686613983666278;5.686613983666278;5.083363017749397
133;121;6;3.380108435155529;3.380108435155529;3.6538895296946046
134;92;6;3.7029825225161703;3.7029825225161703;3.93081405621976
135;107;6;5.847145704030481;5.847145704030481;5.609881205194743
136;69;6;4.7389384748440255;4.7389384748440255;4.46347269888814
137;213;6;4.996300837121805;4.996300837121805;4.9029486970149785
138;93;6;4.100975364610417;4.100975364610417;4.230499733327262
139;21;6;8.547771359076942;8.547771359076942;5.957799997098729
140;174;6;4.72391061882308;4.72391061882308;4.966087031005849
141;154;6;2.8685925421207137;2.8685925421207137;3.110720860249651
142;82;6;4.288486107865845;4.288486107865845;4.276411727783966
143;97;6;5.6108516385069995;5.6108516385069995;5.426588363620644
144;132;6;4.0371836708763436;4.0371836708763436;4.338576712869146
145;48;6;4.236092320493005;4.236092320493005;3.7238424420783183
146;128;6;4.593391570052754;4.593391570052754;4.662298008736156
147;100;6;5.884481134118194;5.884481134118194;5.549483723162722
148;32;6;4.558368244024261;4.558368244024261;3.7195085293781323
149;120;6;4.065091258550074;4.065091258550074;4.062362156383188
150;160;6;4.23156256984792;4.23156256984792;4.375788504683641
151;120;6;4.462806059113178;4.462806059113178;4.485999842731894
152;77;6;6.9970777659021355;6.9970777659021355;6.4462978835225275
153;158;6;5.974333690762429;5.974333690762429;5.628380178122247
154;58;6;4.310535083049044;4.310535083049044;4.168704385349884
155;116;6;3.6732822397717855;3.6732822397717855;3.79011831916262
156;107;6;4.727524851899055;4.727524851899055;4.740026511160845
157;30;6;5.463145146708292;5.463145146708292;3.946348365585802
158;231;6;4.066481715854869;4.066481715854869;4.397517595962913
159;79;6;4.4115071244288115;4.4115071244288115;4.164329809471672
160;35;6;0.0;0.0;5.073526068183305
161;34;6;0.0;0.0;5.073526068183305
162;229;6;3.4417968818171647;3.4417968818171647;3.774919461990053
163;109;6;4.289454192872385;4.289454192872385;4.26712469798972
164;201;6;4.765952094814293;4.765952094814293;4.912503072596728
165;95;6;5.804457171348769;5.804457171348769;5.266502157941123
166;167;6;5.277009429109083;5.277009429109083;5.189682743787763
167;45;6;4.598540892296523;4.598540892296523;4.3580486836513295
168;46;6;6.415145505273782;6.415145505273782;5.706539042905645
169;27;6;6.850510058673074;6.850510058673074;5.016337864794594
170;128;6;4.858696823397654;4.858696823397654;4.846676279361941
171;138;6;5.88033622576649;5.88033622576649;5.857570542115587
172;97;6;5.952420438290936;5.952420438290936;5.3885801051848885
173;48;6;4.6138045901824265;4.6138045901824265;4.292485332765022
174;33;6;6.014025487686294;6.014025487686294;4.865201488692137
175;14;3;6.410242047176094;6.410242047176094;5.665952951266594
176;72;6;5.283630280626179;5.283630280626179;4.820256393306382
177;72;6;5.307918670469944;5.307918670469944;4.954151566974661
178;197;6;4.079986876071596;4.079986876071596;4.200989975506423
179;48;6;3.3920250783022534;3.3920250783022534;3.074705953740541
180;27;6;6.452908471614246;6.452908471614246;4.90024874806761
181;155;6;4.838051924495579;4.838051924495579;4.726583268758748
182;142;6;5.342758154594776;5.342758154594776;5.241298016129764
183;132;6;3.698629188105123;3.698629188105123;3.7864904223431517
184;32;6;6.975817678621507;6.975817678621507;5.446247520899195
185;91;6;3.4585063708629264;3.4585063708629264;3.6914787324233265
186;82;6;3.554507180201322;3.554507180201322;3.727248133431219
187;62;6;6.035253675353755;6.035253675353755;5.415375006093386
188;153;6;4.5701344009987075;4.5701344009987075;4.545345581844377
189;98;6;5.28219411474056;5.28219411474056;5.001794240880025
190;144;6;3.2848860773631063;3.2848860773631063;3.5963445955019187
191;65;6;4.08349755096091;4.08349755096091;3.8941612057172676
192;105;6;4.1184776820543;4.1184776820543;4.2597249513042685
193;160;6;3.5627111427081872;3.5627111427081872;3.7102983713557145
194;94;6;3.9333940800746094;3.9333940800746094;3.6945039297192914
195;149;6;3.590193923054216;3.590193923054216;3.6500808851029194
196;138;6;3.4327814169230697;3.4327814169230697;3.483773680317223
197;117;6;3.754842891826819;3.754842891826819;3.860985843287201
198;124;6;3.262004770376083;3.262004770376083;3.4882539432163426
199;88;6;5.808220258809593;5.808220258809593;5.43515186369225
200;144;6;5.847255140801308;5.847255140801308;5.341785743553937
201;41;6;4.878934101365065;4.878934101365065;4.328868064656294
202;158;6;3.5254271279381855;3.5254271279381855;3.7880097176469945
203;60;6;4.174481616797641;4.174481616797641;3.6440612426698666
204;95;6;4.33605557211736;4.33605557211736;4.201042570209315
205;43;6;5.368850913866366;5.368850913866366;4.859150344150372
206;158;6;3.9352792825920146;3.9352792825920146;4.001290865660723
207;61;6;5.367595650150209;5.367595650150209;4.073992451507073
208;85;6;4.90967451141937;4.90967451141937;4.403504696257879
209;53;6;3.4919749157513675;3.4919749157513675;3.0543322337863192
210;66;6;5.033562021518301;5.033562021518301;4.227231816285311
211;139;6;3.6922010975911532;3.6922010975911532;3.627423959145133
212;169;6;4.090543884387187;4.090543884387187;4.109513702131436
213;161;6;5.036741630759314;5.036741630759314;4.905920733887114
214;61;6;4.387468367078728;4.387468367078728;4.275227506083381
215;74;6;4.94886822238791;4.94886822238791;4.700293255898072
216;69;6;3.5057100436933886;3.5057100436933886;3.5818757745387
217;131;6;4.301828128051369;4.301828128051369;4.25170316814639
218;94;6;3.199098807396374;3.199098807396374;3.3796320664399824
219;11;6;11.290893393606416;11.290893393606416;5.30838027320524
220;39;6;7.828031064823141;7.828031064823141;6.122344381119958
221;104;6;4.004460384443603;4.004460384443603;4.205880233912082
222;180;6;4.8633229827600655;4.8633229827600655;4.839132108240593
223;62;6;4.874170398008061;4.874170398008061;4.717046654131367
224;89;6;4.339519308523344;4.339519308523344;4.311641297361109
225;124;6;3.4780744253397025;3.4780744253397025;3.952378471307225
226;60;6;5.913524124137032;5.913524124137032;5.223929246748241
227;36;6;6.891046352792969;6.891046352792969;5.302764682232304
228;147;6;3.4621439108003047;3.4621439108003047;3.7535319292927483
229;14;3;17.994193105570478;17.994193105570478;6.424697214035867
230;260;6;4.593961972777394;4.593961972777394;4.662075086789019
231;57;6;5.881430760129873;5.881430760129873;5.026190390787383
232;60;6;4.012769975238755;4.012769975238755;4.00905573856249
233;95;6;2.8349084182173594;2.8349084182173594;3.059473617395559
234;90;6;3.2772177600196923;3.2772177600196923;3.442752072689074
235;127;6;5.461863514280077;5.461863514280077;5.33582329941477
236;12;6;0.0;0.0;5.169076055810011
237;12;6;0.0;0.0;5.169076055810011
238;163;6;4.174368989113364;4.174368989113364;4.2262516034751325
239;13;6;6.551276450086585;6.551276450086585;4.83833643823792
240;131;6;4.233601318475276;4.233601318475276;4.355940935721207
241;96;6;4.4838378937578875;4.4838378937578875;4.4491379936131965
242;12;6;7.321549324025259;7.321549324025259;5.573653793322609
243;51;6;6.491447072405047;6.491447072405047;5.550440466951065
244;37;6;4.682855511204865;4.682855511204865;3.8042174467987153
245;170;6;4.412758982656795;4.412758982656795;4.481713026447998
246;35;6;6.4600893829339725;6.4600893829339725;4.932444603073314
247;38;6;5.855921597970804;5.855921597970804;4.537582525785551
248;41;6;5.138504161346842;5.138504161346842;4.841729305250307
249;72;6;3.2527000065289364;3.2527000065289364;3.4458037995896356
250;14;2;5.558038685581657;5.558038685581657;5.911815547839876
251;114;6;5.11718883998906;5.11718883998906;4.9605081938533555
252;45;6;6.0653923228120386;6.0653923228120386;4.861063555909945
253;159;6;4.351907281690028;4.351907281690028;4.50431290287161
254;32;6;4.560936256560703;4.560936256560703;3.9276544423155184
255;37;6;6.858292956971904;6.858292956971904;5.330134067303283
256;117;6;5.479093211883881;5.479093211883881;5.327499112145025
257;152;6;3.9435704709024484;3.9435704709024484;3.997047485546926
258;23;6;5.401267102596636;5.401267102596636;4.1561732931430795
259;112;6;4.380901024650224;4.380901024650224;4.456214633318284
260;68;6;4.6404350783671555;4.6404350783671555;4.243030401840253
261;142;6;4.640823080301272;4.640823080301272;4.766125671114261
262;32;6;6.10166805094375;6.10166805094375;4.886823368794366
263;106;6;4.36230676789521;4.36230676789521;4.504997337932887
264;55;6;5.870448359730422;5.870448359730422;4.8761355709476
265;56;6;4.278610156126669;4.278610156126669;3.61247649557443
266;160;6;4.172687166577005;4.172687166577005;4.324366110911873
267;122;6;5.492728388413165;5.492728388413165;5.332397849973528
268;139;6;6.430915887953338;6.430915887953338;6.127687092111188
269;92;6;4.977503430504916;4.977503430504916;4.6229624693053015
270;166;6;4.976199693445545;4.976199693445545;4.874729801673073
271;13;5;7.823448064076846;7.823448064076846;4.375006151092269
272;58;6;6.688176946280094;6.688176946280094;5.285201427377543
273;208;6;4.409801492418153;4.409801492418153;4.6226171602868735
274;19;6;5.519133225734348;5.519133225734348;4.376369914658124
275;149;6;5.2875958317127925;5.2875958317127925;5.220442442849624
276;21;6;5.727121962010443;5.727121962010443;4.079125289350412
277;209;6;4.544816242251897;4.544816242251897;4.718279277286893
278;201;6;5.979969352890954;5.979969352890954;5.63267408904598
279;112;6;4.620638229183174;4.620638229183174;4.600433628773525
280;81;6;4.2957616464061354;4.2957616464061354;4.176452796661065
281;107;6;2.973841649054987;2.973841649054987;3.149560207190473
282;90;6;4.096945853693244;4.096945853693244;3.85502690699102
283;83;6;4.11576078794679;4.11576078794679;4.375369528835699
284;83;6;4.130478404445573;4.130478404445573;4.405720958285352
285;92;6;5.3957971555126605;5.3957971555126605;5.157866349219562
286;33;6;5.712627032995466;5.712627032995466;4.576179188213357
287;118;6;3.459773800482927;3.459773800482927;3.7591697400203254
288;105;6;3.908886269129465;3.908886269129465;4.194809422050442
289;106;6;4.784830273166734;4.784830273166734;4.721521034732935
290;153;6;3.862027477944048;3.862027477944048;4.367222636722981
291;167;6;5.425083899028963;5.425083899028963;5.291629302167742
292;56;6;3.8702034006049835;3.8702034006049835;3.5114639080264554
293;138;6;3.9532281416117536;3.9532281416117536;4.360058725030878
294;159;6;3.899653117008098;3.899653117008098;3.9732411196447854
295;104;6;4.407071190240068;4.407071190240068;4.310654840671624
296;169;6;4.413443633629467;4.413443633629467;4.466614102725189
297;96;6;4.5203866801735435;4.5203866801735435;4.590888399541117
298;164;6;5.44515579039351;5.44515579039351;5.275539932854565
299;126;6;3.3259498575454516;3.3259498575454516;3.722393447060662
300;104;6;4.62532935627808;4.62532935627808;4.373624955640597
301;81;6;5.448157869557673;5.448157869557673;5.014784346949662
302;81;6;5.251814639387841;5.251814639387841;4.842837512516192
303;49;6;6.805953359718819;6.805953359718819;5.709094504958365
304;10;6;10.421802209729375;10.421802209729375;4.848909126337389
305;71;6;2.924911977462122;2.924911977462122;2.9606906886110953
306;10;6;15.402903538902638;15.402903538902638;7.378502596785525
307;183;6;4.918950519122444;4.918950519122444;4.869654955213337
308;159;6;4.611619075222561;4.611619075222561;4.7770227873418465
309;97;6;3.875244876074673;3.875244876074673;3.9078726518273674
310;108;6;4.411211228194703;4.411211228194703;4.42557126118634
311;112;6;4.849956979933464;4.849956979933464;4.795266143803838
312;172;6;4.27771212715687;4.27771212715687;4.3869417416644385
313;89;6;5.555338578635789;5.555338578635789;4.829977716122774
314;62;6;4.076484193232866;4.076484193232866;4.024160785775855
315;148;6;5.863582865107647;5.863582865107647;5.577826804879436
316;60;6;4.057555411637635;4.057555411637635;3.7615999096669
317;80;6;3.9976885919302236;3.9976885919302236;3.909781050522275
318;73;6;2.885399669636265;2.885399669636265;2.9511591165458837
319;13;2;7.09111615486295;7.09111615486295;4.756215477828497
320;169;6;4.317405330481229;4.317405330481229;4.293259820964377
321;156;6;4.245062006119566;4.245062006119566;4.472655761529833
322;140;6;3.6900714149871874;3.6900714149871874;3.866943286286124
323;43;6;3.7360545858857126;3.7360545858857126;3.380531562424236
324;157;6;4.031874431772763;4.031874431772763;4.341265433771643
325;41;6;4.274594844155748;4.274594844155748;3.4233884165583013
326;56;6;3.333885951658002;3.333885951658002;3.022546413688097
327;154;6;3.9475119723884946;3.9475119723884946;4.256506965150142
328;195;6;5.699712113433735;5.699712113433735;5.615682208938663
329;97;6;4.092999777847609;4.092999777847609;4.122366386893615
330;62;6;3.5463595061498885;3.5463595061498885;3.747511982523653
331;167;6;4.39211637122952;4.39211637122952;4.326504095003252
332;72;6;4.416645826871717;4.416645826871717;4.2852147463963535
333;4;6;9.294591279303583;9.294591279303583;4.910357860139125
334;123;6;4.2246342597219435;4.2246342597219435;4.319757620525369
335;113;6;4.704290998356385;4.704290998356385;4.730188658982639
336;49;6;6.818414333485203;6.818414333485203;5.643178542647312
337;88;6;5.196305886357197;5.196305886357197;4.788206258894077
338;155;6;4.814927252615111;4.814927252615111;4.651133439933022
339;8;6;10.220482612525375;10.220482612525375;5.785988299124234
340;126;6;3.930444764888409;3.930444764888409;4.231575872340856
341;174;6;4.929836650638489;4.929836650638489;4.9867876191533345
342;208;6;4.156952962430123;4.156952962430123;4.199070310698682
343;158;6;4.536125260044586;4.536125260044586;4.682490639946815
344;98;6;3.9026363918055926;3.9026363918055926;3.9231846354744966
345;17;6;7.220313313520289;7.220313313520289;5.370111382222931
346;147;6;4.1157217793202765;4.1157217793202765;4.161105041883622
347;57;6;4.53292334986212;4.53292334986212;4.214807367709479
348;283;6;4.037524792286272;4.037524792286272;4.278489936203365
349;82;6;5.5830876912374805;5.5830876912374805;5.211596024966961
350;181;6;5.599128305899489;5.599128305899489;5.334678639725405
351;166;6;4.214534999349555;4.214534999349555;4.29956062866829
352;101;6;6.218451527152806;6.218451527152806;5.532283555672339
353;83;6;5.787595813228471;5.787595813228471;5.399445967752415
354;76;6;3.349404147147641;3.349404147147641;3.3587835001903
355;175;6;4.972225932855014;4.972225932855014;5.056733368038599
356;132;6;4.717707536446968;4.717707536446968;4.820950837901693
357;120;6;3.827740040527489;3.827740040527489;3.9561186611140924
358;43;6;6.026123601160336;6.026123601160336;5.310045599902754
359;144;6;4.794008473033287;4.794008473033287;4.881998346050448
360;34;6;5.281783802842659;5.281783802842659;4.243843306416171
361;148;6;5.292042094815587;5.292042094815587;5.263270857748256
362;92;6;4.155470067316892;4.155470067316892;4.182241082846156
363;36;6;5.514818966071697;5.514818966071697;4.269351572884526
364;135;6;4.289411165000104;4.289411165000104;4.430455074916651
365;128;6;4.8306862687389;4.8306862687389;4.733304730370869
366;116;6;4.324929797034224;4.324929797034224;4.285429717441938
367;45;6;5.00752202506271;5.00752202506271;4.382531734644251
368;107;6;4.153170336692271;4.153170336692271;4.329166405941346
369;181;6;4.162996434033904;4.162996434033904;4.263177633661763
370;228;6;4.121684879594732;4.121684879594732;4.580837333598076
371;186;6;3.9020104413496672;3.9020104413496672;4.064738647291818
372;149;6;3.4365056445968394;3.4365056445968394;3.7496094217709315
373;110;6;5.5815824894820185;5.5815824894820185;5.189714540331621
374;145;6;4.675170126774144;4.675170126774144;4.482413564716807
375;46;6;5.863649140298171;5.863649140298171;5.0881966182106515
376;28;6;5.599581610292082;5.599581610292082;4.466127658235959
377;40;6;6.97475007773107;6.97475007773107;5.5345250339710335
378;51;6;5.694143136235351;5.694143136235351;4.840908420248576
379;78;6;4.656684956986022;4.656684956986022;4.331172396977367
380;147;6;4.171183930497966;4.171183930497966;4.369528630599858
381;152;6;4.514985425784078;4.514985425784078;4.678113971710297
382;160;6;5.009324435094653;5.009324435094653;4.973780168985871
383;96;6;3.575958276311764;3.575958276311764;3.650579861099903
384;113;6;4.176569794814212;4.176569794814212;4.336357604281272
385;99;6;4.359003782993856;4.359003782993856;4.495346580462281
386;120;6;4.245218076550787;4.245218076550787;4.4310102494339345
387;93;6;5.22330161748108;5.22330161748108;4.9479895911055465
388;89;6;5.903076124209187;5.903076124209187;5.568924062953596
389;78;6;5.710116724103386;5.710116724103386;5.293742495367541
390;86;6;4.338146432081442;4.338146432081442;4.186764432783032
391;91;6;4.941068717120241;4.941068717120241;4.751656541109725
392;15;6;6.012983914096957;6.012983914096957;5.005596492941988
393;26;6;5.7299541092312145;5.7299541092312145;4.755073625138522
394;50;6;4.3927866045587445;4.3927866045587445;4.006794209140867
395;13;6;15.878476921913222;15.878476921913222;6.947379920810769
396;57;6;4.752065706598729;4.752065706598729;4.35303969481367
397;136;6;5.015292671470095;5.015292671470095;4.974539392222166
398;131;6;6.069551108085501;6.069551108085501;5.637687891673455
399;115;6;3.184935375467473;3.184935375467473;3.181460532637026
400;103;6;5.1392362331513155;5.1392362331513155;4.700019281782305
401;107;6;5.753153125787014;5.753153125787014;5.366706926950015
402;93;6;3.028727274063664;3.028727274063664;3.13205677641747
403;94;6;4.836470730515514;4.836470730515514;4.480802355127646
404;156;6;4.095465104980421;4.095465104980421;4.4103991040485795
405;75;6;6.036798773390892;6.036798773390892;5.4914008928564915
406;95;6;0.0;0.0;4.955332076993686
407;93;6;0.0;0.0;4.955332076993686
408;44;6;0.0;0.0;4.635097654273809
409;44;6;0.0;0.0;4.635097654273809
410;99;6;5.249807909247937;5.249807909247937;5.18727834223426
411;77;6;4.862454355431629;4.862454355431629;4.499650634282134
412;82;6;4.418182938929753;4.418182938929753;4.408163285081638
413;150;6;4.273309055392788;4.273309055392788;4.39232238159098
414;41;6;5.321613440333015;5.321613440333015;5.064048356225392
415;45;6;5.36716267671293;5.36716267671293;5.0422955698132625
416;32;6;5.767781483027584;5.767781483027584;4.864235702278187
417;197;6;0.0;0.0;5.536702251388755
418;134;6;4.196156694753858;4.196156694753858;4.2191570958447695
419;200;6;0.0;0.0;5.536702251388755
420;129;6;4.034069037603093;4.034069037603093;4.389997772007019
421;22;6;6.950578760838429;6.950578760838429;5.337265197566474
422;132;6;4.33110154397446;4.33110154397446;4.299343161034966
423;38;6;4.226717020653009;4.226717020653009;3.990541266500499
424;31;6;0.0;0.0;3.3763193338855744
425;107;6;5.013653666595621;5.013653666595621;4.941207011077949
426;79;6;3.6021977599127366;3.6021977599127366;3.768968695950389
427;123;6;4.37799792434863;4.37799792434863;4.427655833809665
428;165;6;4.312833419445194;4.312833419445194;4.314121924973243
429;151;6;3.481010405673027;3.481010405673027;3.656543345900097
430;141;6;4.144899069496117;4.144899069496117;4.31164928961868
431;72;6;4.11116528357473;4.11116528357473;4.055399293902057
432;83;6;2.668621317646465;2.668621317646465;2.893797059300797
433;39;6;3.5191607714366144;3.5191607714366144;2.9541446410897
434;76;6;3.8668243030418656;3.8668243030418656;3.9317852255818706
435;145;6;0.0;0.0;4.665176944759095
436;145;6;0.0;0.0;4.665176944759095
437;107;6;4.652016196948187;4.652016196948187;4.87312090222887
438;115;6;4.807919611864926;4.807919611864926;5.012080339567662
439;66;6;3.37512875019557;3.37512875019557;3.1540685140391185
440;83;6;6.084105446835029;6.084105446835029;5.590278206208475
441;180;6;5.364161816758761;5.364161816758761;5.299815502676797
442;68;6;4.203906529102657;4.203906529102657;4.234678675023469
443;79;6;4.48437732520795;4.48437732520795;4.4287524040935065
444;71;6;3.146086758663072;3.146086758663072;3.364001694779115
445;93;6;3.210232907403545;3.210232907403545;3.364237935052131
446;99;6;4.612921619170354;4.612921619170354;4.554522236861861
447;74;6;0.0;0.0;3.7491646580564413
448;74;6;0.0;0.0;3.7491646580564413
449;106;6;3.637470893092257;3.637470893092257;3.860853612724901
450;128;6;5.196657292695069;5.196657292695069;5.106708635425881
451;179;6;3.105930971215552;3.105930971215552;3.3525276233052432
452;101;6;2.803913829262923;2.803913829262923;3.048060013870774
453;102;6;4.7627331792697545;4.7627331792697545;4.608592162154822
454;178;6;2.8134429382070625;2.8134429382070625;3.113726243426103
455;191;6;3.030172009352659;3.030172009352659;3.3061682090213202
456;263;6;3.752430146198256;3.752430146198256;4.265297346449622
457;166;6;3.545403459809179;3.545403459809179;3.8507959889945558
458;48;6;2.993217077725428;2.993217077725428;2.7999693404583983
459;68;6;3.0444360915342727;3.0444360915342727;2.9570367759851384
460;97;6;5.345322423125071;5.345322423125071;5.053605967257261
461;112;6;4.722857315531235;4.722857315531235;4.644772136411013
462;175;6;4.878533220816447;4.878533220816447;5.022815941221923
463;7;6;8.781593150217288;8.781593150217288;5.377326007187311
464;89;6;5.5338154345481065;5.5338154345481065;5.033795587555871
465;125;6;4.527977648476873;4.527977648476873;4.627686785274355
466;98;6;5.4449636644730255;5.4449636644730255;5.175938438073138
467;118;6;5.637130193746165;5.637130193746165;5.380313559284445
468;97;6;5.591393706630501;5.591393706630501;5.290850978148582
469;169;6;5.010370014697519;5.010370014697519;4.902314692030422
470;1;6;9.628954522575247;9.628954522575247;4.717761232045639
471;148;6;5.524327234150465;5.524327234150465;5.323296738393264
472;155;6;2.9853629899059744;2.9853629899059744;3.4856842906370513
473;78;6;4.993231736647958;4.993231736647958;4.729526124796105
474;54;6;5.586638154805909;5.586638154805909;5.092165352337646
475;5;6;9.019550335971077;9.019550335971077;4.834523969466658
476;77;6;5.527213339179037;5.527213339179037;5.021807396720056
477;58;6;5.804420271745647;5.804420271745647;5.051086510072493
478;128;6;4.544611874272667;4.544611874272667;4.762833616669207
479;141;6;3.9376463983124284;3.9376463983124284;3.9684030614117134
480;70;6;3.4843444161699613;3.4843444161699613;3.703717423993936
481;115;6;5.155468487059199;5.155468487059199;5.024877243207132
482;116;6;4.63895515688623;4.63895515688623;4.3505093558705825
483;85;6;3.095714371682774;3.095714371682774;3.1171035487065644
484;123;6;4.596465662124377;4.596465662124377;4.549795795934448
485;63;6;5.372519296588027;5.372519296588027;5.217350922538432
486;50;6;4.6762470680069255;4.6762470680069255;4.074555216803091
487;51;6;6.8084363682870555;6.8084363682870555;5.771459052711239
488;10;6;14.06892355438627;14.06892355438627;5.25989655404889
489;64;6;5.444248467237042;5.444248467237042;5.128652879278157
490;158;6;6.046643597116668;6.046643597116668;5.803114315736669
491;52;6;6.461096048536512;6.461096048536512;5.483025284481183
492;131;6;3.8611417429312174;3.8611417429312174;3.8872444752794
493;179;6;3.1470943158294076;3.1470943158294076;3.36597231653231
494;73;6;6.321224535559233;6.321224535559233;5.203086375211643
495;113;6;3.016721170307576;3.016721170307576;3.1600817432831154
496;73;6;3.320754462753799;3.320754462753799;3.189179475395366
497;121;6;4.994613663875517;4.994613663875517;4.8004276725392065
498;137;6;6.643648702899677;6.643648702899677;6.019619371008402
499;200;6;4.261010078884441;4.261010078884441;4.445752982841117
500;11;5;21.943647283945396;21.943647283945396;6.110854138964395
501;10;6;4.862257702541768;4.862257702541768;2.437760306784001
502;130;6;5.489379749924736;5.489379749924736;5.094480801455509
503;19;6;5.208279418045886;5.208279418045886;3.387936311929358
504;49;6;4.147838297359774;4.147838297359774;4.0198131676526065
505;27;6;4.751832320809595;4.751832320809595;3.4219014550551576
506;6;7;9.180603727300884;9.180603727300884;3.6241861346320206
507;48;6;4.538577831574394;4.538577831574394;4.085759766538315
508;40;6;3.5785510984106637;3.5785510984106637;3.0090998657571784
509;183;6;5.42350072972455;5.42350072972455;5.332722135606513
510;167;6;3.68151763147242;3.68151763147242;3.865407536627277
511;134;6;3.7415764296318064;3.7415764296318064;3.9607081362233267
512;95;6;3.8835168044980706;3.8835168044980706;3.8172485093427135
513;65;6;6.04634971749259;6.04634971749259;5.526387508830256
514;25;6;5.543200139703289;5.543200139703289;3.8029943055854516
515;129;6;4.90800057486785;4.90800057486785;4.896529488521148
516;151;6;4.104958618397067;4.104958618397067;4.288077090148399
517;140;6;3.530092742099521;3.530092742099521;3.727790414913592
518;108;6;3.733405617240507;3.733405617240507;3.7620367247836324
519;156;6;6.05022057027561;6.05022057027561;5.710078120389473
520;107;6;2.7206308136627935;2.7206308136627935;2.976507725679354
521;44;6;5.021420283892152;5.021420283892152;4.462001971114865
522;144;6;5.170666423655173;5.170666423655173;5.1493265103599795
523;128;6;4.814897061200604;4.814897061200604;4.580573911217998
524;150;6;4.261124065027844;4.261124065027844;4.237055034952247
525;102;6;4.705892864187585;4.705892864187585;4.777039318560738
526;141;6;4.004168102522911;4.004168102522911;4.261645101611688
527;118;6;4.750784783352287;4.750784783352287;4.6306044685016134
528;48;6;4.9938196673361475;4.9938196673361475;3.770628887144411
529;169;6;3.8357771017242928;3.8357771017242928;3.9340898788755982
530;173;6;3.058361210672082;3.058361210672082;3.3129760412831004
531;9;6;6.10426215496632;6.10426215496632;4.1998430487049525
532;230;6;3.4289086025837285;3.4289086025837285;3.7009296226316697
533;38;6;3.3348017481848435;3.3348017481848435;3.176548065845077
534;207;6;4.436566608851743;4.436566608851743;4.3748112559789805
535;134;6;3.3585371237688073;3.3585371237688073;3.514754698426828
536;97;6;5.671766149316119;5.671766149316119;5.1381547497360645
537;52;6;4.86427641904538;4.86427641904538;4.217208788149851
538;19;6;7.424040763662298;7.424040763662298;5.315753322022698
539;38;6;6.291560436584699;6.291560436584699;5.087284924720592
540;60;6;5.2452817940909435;5.2452817940909435;4.790130866410386
541;87;6;3.5012675248927394;3.5012675248927394;3.9893012325337165
542;198;6;3.9937235571979373;3.9937235571979373;4.2305022753145565
543;129;6;4.937729198649222;4.937729198649222;5.086808466437148
544;88;6;3.4736463994367854;3.4736463994367854;3.954470101318418
545;149;6;4.785839095160105;4.785839095160105;5.0758173777552384
546;201;6;4.250025644104855;4.250025644104855;4.3765149940724495
547;69;6;2.9278463158198096;2.9278463158198096;2.9752623271499266
548;183;6;3.314513769295961;3.314513769295961;3.5179460344654556
549;149;6;3.7494983231660775;3.7494983231660775;4.0320244988194425
550;158;6;4.550899867852211;4.550899867852211;4.552963730318879
551;92;6;5.423643368025739;5.423643368025739;4.936799837081085
552;111;6;4.91188347362224;4.91188347362224;4.570007028021254
553;2;6;14.270080910348428;14.270080910348428;4.809781830055535
554;56;6;5.28657956013661;5.28657956013661;4.680089730963942
555;100;6;4.078048175618687;4.078048175618687;4.178403431136035
556;119;6;4.292605041497161;4.292605041497161;4.448475876549424
557;161;6;3.2981955626332713;3.2981955626332713;3.6156424172955366
558;14;3;6.648090753753822;6.648090753753822;5.218601045835699
559;131;6;3.2531154374777014;3.2531154374777014;3.2913480918127043
560;113;6;4.0834541181322646;4.0834541181322646;4.174094536110416
561;123;6;3.721325212268111;3.721325212268111;4.020387889972776
562;179;6;4.287397849622688;4.287397849622688;4.352354034554819
563;125;6;4.598111735604213;4.598111735604213;4.647884951311674
564;133;6;4.657370559102045;4.657370559102045;4.838289425412139
565;161;6;4.0938321141618506;4.0938321141618506;4.215397200413364
566;96;6;3.321294263368565;3.321294263368565;3.3639439077274647
567;111;6;5.2774188484916955;5.2774188484916955;5.211914864155223
568;126;6;4.574607695536435;4.574607695536435;4.285127238415956
569;89;6;3.9238294048391906;3.9238294048391906;4.0848987240831605
570;168;6;4.257274003852518;4.257274003852518;4.374643652954407
571;84;6;6.987786357636034;6.987786357636034;6.481692941775696
572;94;6;5.431270153851381;5.431270153851381;5.128332349202086
573;179;6;4.639236080205983;4.639236080205983;4.92406006547553
574;94;6;3.6566670342809573;3.6566670342809573;3.7877331366914655
575;10;6;7.7761211759276865;7.7761211759276865;4.958607847050668
576;108;6;4.708802315365126;4.708802315365126;4.834338361096175
577;98;6;4.640112785433397;4.640112785433397;4.53155066024488
578;99;6;5.21216754097572;5.21216754097572;4.976255712410794
579;70;6;2.8318197741046633;2.8318197741046633;2.796635286629606
580;115;6;2.7691106536025876;2.7691106536025876;2.9893010028774922
581;53;6;3.3602173832221083;3.3602173832221083;3.1622138341729364
582;95;6;3.5937410104746976;3.5937410104746976;3.696565204061436
583;104;6;5.518950279125853;5.518950279125853;4.933529182338768
584;222;6;4.415848330994627;4.415848330994627;4.579961316526538
585;94;6;4.380640327203883;4.380640327203883;4.300294409800314
586;72;6;6.625808805045038;6.625808805045038;5.9223691788476245
587;21;6;4.858769491734695;4.858769491734695;4.225690681624228
588;158;6;4.7703034779482625;4.7703034779482625;4.871064514045426
589;23;6;5.451759334580261;5.451759334580261;3.680338333733118
590;89;6;4.954429689376121;4.954429689376121;4.594123844583131
591;81;6;4.896373755629873;4.896373755629873;4.805549661843148
592;14;2;5.585900016192493;5.585900016192493;5.640146717839863
593;46;6;6.545785740015758;6.545785740015758;5.271881491867805
594;83;6;4.660963769979413;4.660963769979413;4.605071374867987
595;37;6;4.631767055923519;4.631767055923519;3.8651588028356945
596;71;6;6.037311742894539;6.037311742894539;5.3530616390008445
597;69;6;4.949682920952113;4.949682920952113;4.848717833978501
598;14;6;4.146152041107124;4.146152041107124;2.6614062246863606
599;152;6;4.906558885231358;4.906558885231358;4.92361808986043
600;73;6;5.063618906617982;5.063618906617982;4.586752359414049
601;114;6;4.068906364023412;4.068906364023412;4.1688134094622615
602;82;6;4.337949191797271;4.337949191797271;4.304562623925735
603;155;6;5.270714757146229;5.270714757146229;5.154619535057193
604;140;6;5.009425664944627;5.009425664944627;5.053161616998934
605;31;6;6.690013804244773;6.690013804244773;5.056321039359436
606;146;6;4.0199111155679;4.0199111155679;4.08929207033695
607;80;6;3.009319139009075;3.009319139009075;3.175159647760334
608;101;6;4.593003965516554;4.593003965516554;4.453641519723911
609;14;3;6.879015416678065;6.879015416678065;5.123402574341353
610;86;6;4.681042177460349;4.681042177460349;4.462784820539719
611;80;6;4.602279140711142;4.602279140711142;4.03414746926525
612;139;6;4.70047523950489;4.70047523950489;4.662227318152867
613;57;6;8.172780168828265;8.172780168828265;6.787373008050101
614;21;6;7.744236706691745;7.744236706691745;5.756765445570143
615;65;6;6.5306327787806;6.5306327787806;5.697837931444064
616;23;6;6.280066997001323;6.280066997001323;4.905953748290915
617;102;6;4.920156629496678;4.920156629496678;4.671540065742139
618;104;6;4.4096104700105085;4.4096104700105085;4.660973045344114
619;129;6;3.7251868460542785;3.7251868460542785;3.856246759561445
620;141;6;3.8705571666303342;3.8705571666303342;3.7647012216976052
621;105;6;4.18941510043751;4.18941510043751;4.445400567063081
622;79;6;5.22009839292897;5.22009839292897;5.211521986616931
623;114;6;3.989604723307154;3.989604723307154;4.226459122342904
624;118;6;3.3129399014663865;3.3129399014663865;3.3987839590964968
625;107;6;4.964945711634545;4.964945711634545;4.786266870046234
626;156;6;3.1624605658606333;3.1624605658606333;3.3292033785263557
627;106;6;3.518195145264643;3.518195145264643;3.4642429769825185
628;91;6;4.4034789965229315;4.4034789965229315;4.527946742439616
629;142;6;3.8383711220026693;3.8383711220026693;3.75941065422365
630;112;6;4.030372205092397;4.030372205092397;4.015776239332041
631;73;6;3.715694362322786;3.715694362322786;3.401608406095847
632;111;6;3.7579491568348655;3.7579491568348655;3.9372115574039035
633;39;6;4.279046798816023;4.279046798816023;3.9964174140724062
634;104;6;3.1964543541336585;3.1964543541336585;3.42667967841174
635;113;6;7.330886760461406;7.330886760461406;6.400249165873658
636;114;6;5.293486417388593;5.293486417388593;5.015645762176055
637;124;6;3.528253220227031;3.528253220227031;3.524488937152027
638;129;6;5.24630705086456;5.24630705086456;5.218294971085553
639;138;6;4.776902987763375;4.776902987763375;4.93032582605083
640;103;6;3.89041684175622;3.89041684175622;3.9296401995243877
641;108;6;2.848459237991167;2.848459237991167;3.0421692726452827
642;197;6;3.4672067151264794;3.4672067151264794;3.6985556872456424
643;48;6;6.530338590132162;6.530338590132162;5.479768162378661
644;77;6;7.836058397137298;7.836058397137298;6.5357201785252155
645;78;6;4.612126072269047;4.612126072269047;4.266060069672906
646;159;6;4.592888156092974;4.592888156092974;4.7690861637519495
647;181;6;4.257925422876428;4.257925422876428;4.3170816294692544
648;61;6;3.245053777983541;3.245053777983541;3.044250260401032
649;121;6;3.2102081317126756;3.2102081317126756;3.4016613584469892
650;86;6;3.826137656024672;3.826137656024672;3.943924291966003
651;167;6;3.978957583671381;3.978957583671381;4.036044687046282
652;77;6;3.3542114703111325;3.3542114703111325;3.367905636439477
653;141;6;3.7373496971314006;3.7373496971314006;4.303264201167457
654;92;6;5.574857735806864;5.574857735806864;5.132289073152141
655;125;6;4.787266392499117;4.787266392499117;4.84012467287267
656;130;6;5.107623599211813;5.107623599211813;5.05372715930203
657;176;6;4.27524268285515;4.27524268285515;4.386037599428643
658;52;6;5.2005744382724295;5.2005744382724295;4.564850162658583
659;12;5;14.968144306747595;14.968144306747595;7.633471330898009
660;246;6;4.528513917493431;4.528513917493431;4.661390761285081
661;36;6;7.67046239611109;7.67046239611109;6.036501372509359
662;90;6;5.741489929846743;5.741489929846743;5.420179102419514
663;109;6;3.988852306389558;3.988852306389558;4.1734575924948265
664;65;6;3.3792625562597944;3.3792625562597944;3.260564189867203
665;71;6;3.679811125743988;3.679811125743988;3.7439526750872525
666;100;6;4.045888340511612;4.045888340511612;4.261880530235918
667;29;6;6.84565694016593;6.84565694016593;5.377377478548548
668;68;6;4.794618431510921;4.794618431510921;4.383501968426236
669;177;6;3.8002093317221406;3.8002093317221406;3.992253594203556
670;155;6;3.1370508433977196;3.1370508433977196;3.429566551982096
671;148;6;4.54080550670118;4.54080550670118;4.4147848124603
672;94;6;5.68044954256959;5.68044954256959;5.44256723672346
673;156;6;4.609787154627537;4.609787154627537;4.7603411692343505
674;70;6;5.936183394738769;5.936183394738769;5.405726299564622
675;87;6;4.264573861041448;4.264573861041448;3.765599241266189
676;67;6;5.1377444039846685;5.1377444039846685;4.602136540947126
677;55;6;6.9533274106528085;6.9533274106528085;6.533742040520821
678;76;6;6.225564112125426;6.225564112125426;5.761475559311378
679;145;6;4.059326879610258;4.059326879610258;4.01085542016945
680;109;6;3.820887764092736;3.820887764092736;3.7636255359383646
681;88;6;4.435571067253232;4.435571067253232;4.399773992046065
682;60;6;6.1098359757040726;6.1098359757040726;5.4293358961345115
683;60;6;6.7520451147650675;6.7520451147650675;5.702776648496335
684;10;6;6.568495442237912;6.568495442237912;3.880344377540911
685;149;6;6.13454058820838;6.13454058820838;5.921434271115539
686;62;6;4.9889559712171225;4.9889559712171225;4.6013517241974435
687;120;6;5.271627784330346;5.271627784330346;5.14190406657589
688;123;6;4.539806339693817;4.539806339693817;4.355187842273337
689;254;6;3.554058204883532;3.554058204883532;3.9225738582278367
690;162;6;4.857237571491412;4.857237571491412;4.883935140173191
691;57;6;5.459987772697876;5.459987772697876;4.733657907566233
692;45;6;3.149217042921372;3.149217042921372;2.913306078839487
693;44;6;6.146623852191237;6.146623852191237;4.905217276092441
694;105;6;4.5565718457772055;4.5565718457772055;4.419789739725038
695;9;6;7.696923454002873;7.696923454002873;4.840680217031133
696;38;6;5.95765880203781;5.95765880203781;4.686744407123405
697;96;6;4.360848279725446;4.360848279725446;4.3368595405556105
698;122;6;6.638319364288622;6.638319364288622;5.86588848245242
699;132;6;3.678404861220592;3.678404861220592;3.7764840682682195
700;96;6;4.100642099840764;4.100642099840764;4.022574218781864
701;79;6;5.487190789429371;5.487190789429371;4.693140475475963
702;32;6;4.602653082366371;4.602653082366371;4.040770538640068
703;16;6;6.0264333728742665;6.0264333728742665;4.46633628839307
704;45;6;6.428924025213774;6.428924025213774;4.952096473508578
705;105;6;4.881245581264024;4.881245581264024;4.7114336388385105
706;48;6;5.627348199580046;5.627348199580046;4.690447354571737
707;11;5;16.123855875216407;16.123855875216407;5.240508384951067
708;22;6;7.027913785662192;7.027913785662192;5.042079245612549
709;80;6;5.098244461411354;5.098244461411354;4.950964111146969
710;68;6;4.265324043318186;4.265324043318186;3.9340605751743225
711;65;6;4.38408586987762;4.38408586987762;4.075388193599852
712;44;6;6.634263731144661;6.634263731144661;5.33818557033739
713;171;6;4.776125624259648;4.776125624259648;4.868618843174336
714;40;6;5.866084455513709;5.866084455513709;4.94376433988771
715;186;6;4.350884165096658;4.350884165096658;4.434048229546333
716;59;6;3.339430354379408;3.339430354379408;3.313655356272277
717;91;6;3.4935136053618847;3.4935136053618847;3.5843229924914746
718;60;6;4.551543360516688;4.551543360516688;4.001061500538633
719;134;6;3.398044696936245;3.398044696936245;3.5774907546163157
720;14;2;7.648976449378002;7.648976449378002;4.802919882835932
721;100;6;4.568944477600085;4.568944477600085;4.459521439881592
722;12;6;7.67373705136439;7.67373705136439;5.181929550813295
723;135;6;5.538682347282284;5.538682347282284;5.327454352982365
724;168;6;4.5546076998742455;4.5546076998742455;4.6432686991288925
725;222;6;4.869190597478793;4.869190597478793;4.925119271698377
726;139;6;4.889633725403933;4.889633725403933;4.796971662393297
727;68;6;5.223292812565303;5.223292812565303;4.386995452322288
728;172;6;4.270301287724943;4.270301287724943;4.4360998667209754
729;52;6;4.646157334797869;4.646157334797869;4.346277867788868
730;84;6;4.61585242039233;4.61585242039233;4.513896937324578
731;146;6;3.1998904622470232;3.1998904622470232;3.3740464367067373
732;66;6;2.726525163137414;2.726525163137414;2.8324763000054936
733;181;6;4.192868106265858;4.192868106265858;4.425232568512145
734;183;6;4.5127737020773;4.5127737020773;4.809091141671469
735;176;6;4.740270808017336;4.740270808017336;4.640952561876806
736;242;6;3.9471573312612587;3.9471573312612587;4.263538245772337
737;108;6;3.919039016265349;3.919039016265349;4.11417986120873
738;96;6;4.722599189669166;4.722599189669166;4.6988048132713995
739;10;6;10.827269431131075;10.827269431131075;5.038288746340872
740;124;6;5.167940523898347;5.167940523898347;4.99867665641335
741;69;6;5.526089969153641;5.526089969153641;4.568893954620382
742;100;6;5.332342791342795;5.332342791342795;5.09132977965714
743;128;6;4.490656611860052;4.490656611860052;4.397720956185913
744;92;6;4.278093447211305;4.278093447211305;4.170672179370399
745;47;6;4.230275756551812;4.230275756551812;3.552010576671028
746;26;6;4.623864580641208;4.623864580641208;3.689021551532364
747;181;6;3.471571452124252;3.471571452124252;3.7097197139393656
748;66;6;3.767958346715157;3.767958346715157;3.4936717630786047
749;117;6;4.900554098268471;4.900554098268471;4.863213513728358
750;158;6;3.437979586325892;3.437979586325892;3.7817923846592953
751;45;6;6.384275777844863;6.384275777844863;5.2348671761963015
752;67;6;5.491237000757806;5.491237000757806;4.758090831227712
753;165;6;3.8920001236839417;3.8920001236839417;4.015531296738261
754;127;6;4.901257134961377;4.901257134961377;4.778911185526967
755;38;6;6.827818761041901;6.827818761041901;5.479981747230291
756;107;6;6.062478620973651;6.062478620973651;5.698399297119164
757;61;6;4.559761793840608;4.559761793840608;4.229587609722794
758;139;6;4.060360128239601;4.060360128239601;4.237734061122156
759;14;3;14.990047971515793;14.990047971515793;6.127472938150173
760;86;6;3.86438532677352;3.86438532677352;3.5400218484384993
761;90;6;5.662360317367981;5.662360317367981;5.1597461718256
762;238;6;4.700152904307171;4.700152904307171;4.785220979823869
763;93;6;5.458851701386198;5.458851701386198;5.037642419357921
764;11;6;13.776272490391623;13.776272490391623;6.549083937124001
765;65;6;5.243366651608955;5.243366651608955;4.799092877358601
766;84;6;6.210206523969167;6.210206523969167;5.349077035793136
767;251;6;4.79329711815697;4.79329711815697;4.900978307409926
768;121;6;4.32082836429758;4.32082836429758;4.2901186423588245
769;177;6;4.187872769682031;4.187872769682031;4.394123148385847
770;71;6;4.564378480090568;4.564378480090568;4.2844233823406865
771;141;6;4.694025530038492;4.694025530038492;4.741954627915624
772;141;6;3.358128548694837;3.358128548694837;3.8505053104431455
773;139;6;3.304430312357927;3.304430312357927;3.7753488568123914
774;82;6;3.927525277702778;3.927525277702778;4.087430044712851
775;134;6;2.9902730790508416;2.9902730790508416;3.355831240163621
776;254;6;5.63636380766853;5.63636380766853;5.627770061207388
777;125;6;3.146003317163217;3.146003317163217;3.5116906984239358
778;5;6;7.5699598342195005;7.5699598342195005;5.002743351251147
779;149;6;6.131223305204097;6.131223305204097;5.7425016244126725
780;125;6;4.183110300701903;4.183110300701903;4.258022666993558
781;141;6;3.812067030851027;3.812067030851027;4.035284799613853
782;50;6;4.084881970136643;4.084881970136643;4.018868230090694
783;145;6;4.103594831034947;4.103594831034947;4.128176619717648
784;59;6;4.235127037076127;4.235127037076127;3.5837605907854364
785;118;6;4.274128110904721;4.274128110904721;4.233600638136775
786;44;6;3.7202504528881812;3.7202504528881812;2.977857786856882
787;56;6;3.757832233584969;3.757832233584969;3.5081170885484028
788;28;6;5.256044412250688;5.256044412250688;4.220315042023647
789;62;6;4.3617427380583065;4.3617427380583065;4.143431316633252
790;143;6;4.894302969469355;4.894302969469355;5.087377202686719
791;142;6;3.131877563276092;3.131877563276092;3.453974513560941
792;25;6;8.062172348545639;8.062172348545639;6.814507383602229
793;17;6;7.493137852470247;7.493137852470247;5.47024117106716
794;81;6;3.836651620953295;3.836651620953295;4.06451429099261
795;185;6;4.319342048491029;4.319342048491029;4.491503676220691
796;18;6;5.31256807741582;5.31256807741582;3.6023444926504467
797;20;6;4.732405052393101;4.732405052393101;3.3422990195799733
798;54;6;6.108209948305972;6.108209948305972;5.442679153702632
799;91;6;4.2457979749205625;4.2457979749205625;4.231724899591141
800;150;6;5.467781019878885;5.467781019878885;5.370009975324026
801;145;6;3.9131766695416297;3.9131766695416297;4.095094933737432
802;66;6;4.515395707767624;4.515395707767624;4.37816289743955
803;204;6;3.728156191781784;3.728156191781784;4.016750125736195
804;207;6;4.891856404842772;4.891856404842772;4.951769503863084
805;136;6;4.991121880875425;4.991121880875425;4.886233186731033
806;138;6;4.777463782971052;4.777463782971052;4.719462462756869
807;104;6;4.487046123351322;4.487046123351322;4.4506874215926855
808;32;6;5.801018297422152;5.801018297422152;4.573944362915761
809;173;6;4.47264134216784;4.47264134216784;4.503808291757291
810;149;6;4.357334126793141;4.357334126793141;4.5314883421856536
811;29;6;6.095796651340683;6.095796651340683;5.086363759747138
812;107;6;5.123392140349449;5.123392140349449;5.037934642921752
813;55;6;5.2099157317691205;5.2099157317691205;4.647396836060539
814;53;6;4.728688634948953;4.728688634948953;4.307382542044312
815;229;6;4.527400989384586;4.527400989384586;4.715451565418649
816;107;6;4.691429398175856;4.691429398175856;4.4190615772099955
817;137;6;4.259085818908404;4.259085818908404;4.294038393240406
818;36;6;7.49075198216591;7.49075198216591;5.714807981198692
819;160;6;4.2504821745089085;4.2504821745089085;4.235848662427633
820;115;6;3.1739705155396822;3.1739705155396822;3.289681590004754
821;111;6;4.422977977856426;4.422977977856426;4.42994794803052
822;100;6;4.610934621431203;4.610934621431203;4.853062085599341
823;165;6;4.159038235971097;4.159038235971097;4.42680392641974
824;159;6;4.162021556670603;4.162021556670603;4.292927559731126
825;241;6;4.083140775414201;4.083140775414201;4.1506687583463355
826;72;6;5.724428889106575;5.724428889106575;5.275194559739216
827;146;6;4.313492973195855;4.313492973195855;4.547603226432697
828;129;6;3.5320998225034983;3.5320998225034983;3.664223468226068
829;232;6;4.1321662677240045;4.1321662677240045;4.53664647405172
830;101;6;4.30235557429011;4.30235557429011;4.1547901072571305
831;80;6;3.7156907569722897;3.7156907569722897;3.750608022379499
832;108;6;5.334567694616395;5.334567694616395;4.944822777618929
833;145;6;4.721495044896242;4.721495044896242;4.788493957589507
834;59;6;6.457555908254019;6.457555908254019;5.524846149670696
835;44;6;5.254177406526793;5.254177406526793;4.564513382810988
836;30;6;7.067461450835695;7.067461450835695;5.508233694030326
837;92;6;4.176412356234562;4.176412356234562;4.113101021655132
838;81;6;5.019938414652408;5.019938414652408;4.7472428054068265
839;136;6;3.979984046359914;3.979984046359914;4.197551499381509
840;140;6;4.7856597289272464;4.7856597289272464;4.767981979301023
841;6;7;16.03985526558114;16.03985526558114;5.462835425514444
842;135;6;5.73645074780721;5.73645074780721;5.3832690798561975
843;46;6;6.369140182731083;6.369140182731083;5.293252017364808
844;115;6;6.163299085522378;6.163299085522378;5.545709326735528
845;213;6;3.973821778699581;3.973821778699581;4.217384556736005
846;57;6;4.6187539651985725;4.6187539651985725;4.319076316890546
847;163;6;4.802114145276598;4.802114145276598;4.82172916945444
848;138;6;4.389117126620539;4.389117126620539;4.45052732769475
849;135;6;3.1454552116226018;3.1454552116226018;3.311584706874773
850;57;6;4.314275139365282;4.314275139365282;3.75254705948295
851;64;6;5.575831291996394;5.575831291996394;4.661215755287422
852;67;6;4.146357112121262;4.146357112121262;3.9113585344679183
853;114;6;5.892087638999638;5.892087638999638;5.530893717327008
854;55;6;5.877243905628802;5.877243905628802;5.454651266976441
855;81;6;6.142130472563922;6.142130472563922;5.627067516921233
856;26;6;6.38124679762397;6.38124679762397;5.194850172962129
857;174;6;4.541876773660292;4.541876773660292;4.8729307316882
858;126;6;4.238210955036986;4.238210955036986;4.324758697809308
859;126;6;3.0879263894223876;3.0879263894223876;3.3072225738065106
860;167;6;3.389651319954212;3.389651319954212;3.68647447313808
861;26;6;6.616622546042556;6.616622546042556;5.446001711649653
862;73;6;5.0516789167176785;5.0516789167176785;4.86319164732609
863;175;6;4.605063257964399;4.605063257964399;4.495597332365102
864;170;6;5.3206673052264275;5.3206673052264275;5.155093156400583
865;167;6;4.282131051105681;4.282131051105681;4.383579981837401
866;89;6;4.7309790917282735;4.7309790917282735;4.874723969801266
867;155;6;4.13418297943437;4.13418297943437;4.294293500378798
868;86;6;4.4027016530586875;4.4027016530586875;4.24431342469399
869;138;6;3.68184676050755;3.68184676050755;3.9192551787985077
870;116;6;4.104321574754889;4.104321574754889;4.087744059630836
871;118;6;4.427536697401177;4.427536697401177;4.328166840362569
872;73;6;4.567011530603504;4.567011530603504;4.5258974075375775
873;52;6;6.042027484497099;6.042027484497099;5.340614691146462
874;19;6;6.207617341405188;6.207617341405188;4.044931477867687
875;41;6;5.492792287244284;5.492792287244284;4.690605586214764
876;105;6;4.410253707768475;4.410253707768475;4.705226269965293
877;123;6;4.027082055554127;4.027082055554127;4.064616651898338
878;209;6;4.36824457232402;4.36824457232402;4.406029300105422
879;171;6;4.504723945492593;4.504723945492593;4.580054727220922
880;259;6;3.6811026630771795;3.6811026630771795;3.9875861852334853
881;18;6;3.800027711978118;3.800027711978118;2.774949151519203
882;68;6;3.269555484003397;3.269555484003397;3.326918836780115
883;154;6;5.0389248553916826;5.0389248553916826;5.056814280367276
884;154;6;3.6534752162231534;3.6534752162231534;3.9055610847132343
885;114;6;5.768972087964662;5.768972087964662;5.580653991805047
886;156;6;5.737393452640351;5.737393452640351;5.64023977926093
887;94;6;4.313510502524544;4.313510502524544;4.251054621670013
888;121;6;7.319934894745441;7.319934894745441;6.843188474758134
889;132;6;4.35170204741417;4.35170204741417;4.300199306242539
890;54;6;3.783281646411585;3.783281646411585;3.6942371217447034
891;146;6;4.732604714390118;4.732604714390118;4.689311802881298
892;60;6;3.854335343647701;3.854335343647701;3.6169534616120034
893;151;6;3.606901845821125;3.606901845821125;3.6804724753830818
894;118;6;3.954994720106943;3.954994720106943;4.272710875720768
895;127;6;3.5777808219975467;3.5777808219975467;3.954454987689649
896;90;6;3.9503725530504825;3.9503725530504825;4.088123597271882
897;93;6;4.368644041852849;4.368644041852849;4.256350701479388
898;164;6;5.754709832898657;5.754709832898657;5.462037026927439
899;56;6;4.157099736702395;4.157099736702395;3.5905749836896796
900;26;6;7.501379124387339;7.501379124387339;5.836477985271098
901;72;6;5.245905863570847;5.245905863570847;4.859334016567709
902;134;6;3.613943191953672;3.613943191953672;3.847987824562096
903;116;6;5.566469405053618;5.566469405053618;5.173086545754921
904;107;6;3.6563194542656654;3.6563194542656654;3.9533294828680074
905;61;6;4.51649694737619;4.51649694737619;4.2523577905663075
906;96;6;4.787279446604654;4.787279446604654;4.606318390329065
907;129;6;4.1627214689951275;4.1627214689951275;4.352384547487776
908;97;6;4.917573792462457;4.917573792462457;4.79952927621836
909;168;6;4.282932289040578;4.282932289040578;4.435252255258507
910;170;6;5.083822885647253;5.083822885647253;5.063387351763689
911;91;6;5.263891993821649;5.263891993821649;5.0196875472393
912;157;6;4.0240104798773455;4.0240104798773455;4.20482483087607
913;65;6;3.7011355910191366;3.7011355910191366;3.7064544341772034
914;50;6;6.646271087804287;6.646271087804287;5.555353703105327
915;37;6;8.199219264591186;8.199219264591186;6.829622338652292
916;75;6;4.429119867644393;4.429119867644393;4.252863981802399
917;83;6;3.84233918107053;3.84233918107053;3.776009472441554
918;62;6;6.197226161403438;6.197226161403438;5.485281303771608
919;195;6;4.567636154597337;4.567636154597337;4.642381857275594
920;164;6;3.210286335384041;3.210286335384041;3.5115129665530334
921;194;6;4.56453062997241;4.56453062997241;4.81601776309111
922;64;6;5.2019272711119955;5.2019272711119955;5.046263086518581
923;41;6;5.5557255109481645;5.5557255109481645;4.465664825627805
924;124;6;4.58318379527283;4.58318379527283;4.65456567430444
925;174;6;4.950283301811575;4.950283301811575;4.943824500634283
926;39;6;8.147762321530237;8.147762321530237;6.399665799611322
927;48;6;7.525279273997597;7.525279273997597;6.011594756822629
928;136;6;4.204998774883017;4.204998774883017;4.519072764244101
929;145;6;4.546679328525757;4.546679328525757;4.888518798795189
930;165;6;4.25110993493878;4.25110993493878;4.476428364095386
931;39;6;0.0;0.0;5.819972335578281
932;39;6;0.0;0.0;5.819972335578281
933;52;6;0.0;0.0;5.129308466407642
934;52;6;0.0;0.0;5.129308466407642
935;49;6;0.0;0.0;5.160936682425349
936;49;6;0.0;0.0;5.160936682425349
937;153;6;4.945578845616951;4.945578845616951;4.930184810519974
938;46;6;5.406353912430952;5.406353912430952;4.479028916203002
939;163;6;5.264831673312052;5.264831673312052;5.251001126784273
940;128;6;4.098167945454076;4.098167945454076;4.0745723313662445
941;62;6;6.767185997883247;6.767185997883247;5.997817075761486
942;111;6;4.374705909583864;4.374705909583864;4.490597495356041
943;57;6;4.551369452633626;4.551369452633626;4.418725567539576
944;167;6;4.7138615165325195;4.7138615165325195;4.8979728215440925
945;174;6;4.5690536310641585;4.5690536310641585;4.802949921907773
946;54;6;4.695463277555861;4.695463277555861;4.362574878451936
947;88;6;4.152827155945904;4.152827155945904;4.057548183642129
948;67;6;4.054616471042342;4.054616471042342;3.911354096067527
949;197;6;3.7890690401580933;3.7890690401580933;4.060198787805785
950;202;6;4.541892955798333;4.541892955798333;4.739852648168596
951;75;6;5.890270132193733;5.890270132193733;5.229848086233686
952;71;6;6.251419293879492;6.251419293879492;5.534306034077945
953;108;6;6.056944995125445;6.056944995125445;5.773662066931003
954;25;6;6.277743264198047;6.277743264198047;4.7664255029853
955;6;6;9.496499344794652;9.496499344794652;5.748666320765058
956;163;6;4.055779534384232;4.055779534384232;4.246667730759098
957;171;6;4.896372715963848;4.896372715963848;4.772859980298393
958;117;6;5.515664760914862;5.515664760914862;5.318419250881112
959;119;6;4.314801606819142;4.314801606819142;4.397203399004001
960;89;6;4.420559452847036;4.420559452847036;4.179962885443548
961;47;6;5.707151604646466;5.707151604646466;5.2477252946110164
962;20;6;0.0;0.0;4.604134026142035
963;20;6;0.0;0.0;4.604134026142035
964;22;6;0.0;0.0;5.544297386668518
965;22;6;0.0;0.0;5.544297386668518
966;131;6;0.0;0.0;4.971946114879561
967;129;6;0.0;0.0;4.971946114879561
968;102;6;5.7034225158968574;5.7034225158968574;5.2106420701147815
969;139;6;0.0;0.0;5.526525565407652
970;137;6;0.0;0.0;5.526525565407652
971;36;6;8.018388382762241;8.018388382762241;6.019693126614969
972;75;6;4.8289087372212665;4.8289087372212665;4.480214003187429
973;35;6;6.936187253395758;6.936187253395758;5.624626419593139
974;13;6;0.0;0.0;4.867675811487669
975;13;6;0.0;0.0;4.867675811487669
976;30;6;6.7504252394515;6.7504252394515;5.477581497857459
977;29;6;6.508257157045294;6.508257157045294;5.082273979177283
978;137;6;0.0;0.0;4.788996472325318
979;138;6;0.0;0.0;4.788996472325318
980;40;6;4.705728736088367;4.705728736088367;4.379791307039307
981;34;6;4.732804090947924;4.732804090947924;4.369442643690901
982;132;6;4.355326334683643;4.355326334683643;4.288934438571738
983;39;6;7.675749137559346;7.675749137559346;5.854559442088858
984;107;6;0.0;0.0;4.772357315790832
985;106;6;0.0;0.0;4.772357315790832
986;24;6;0.0;0.0;4.320311006058715
987;24;6;0.0;0.0;4.320311006058715
988;2;6;8.499367281684853;8.499367281684853;3.4521088947014884
989;2;6;0.0;0.0;3.4614401022041914
990;2;6;0.0;0.0;3.4614401022041914
991;61;6;4.495698925543797;4.495698925543797;4.3833319153520325
992;64;6;5.396056308115614;5.396056308115614;5.004293957791042
993;169;6;3.7783459577007985;3.7783459577007985;3.8598833181229537
994;127;6;4.8883207620062885;4.8883207620062885;4.887206472760617
995;150;6;5.676317686713017;5.676317686713017;5.324350893393565
996;99;6;5.2268564070141075;5.2268564070141075;5.0229092935277935
997;15;6;7.109800452160922;7.109800452160922;5.153703881622951
998;9;6;8.980881936298358;8.980881936298358;5.881919631697664
999;24;6;6.764563150217107;6.764563150217107;5.02287452876146
1000;29;6;5.426839933493148;5.426839933493148;3.8943550118226065
1001;112;6;4.875911062616844;4.875911062616844;4.776675324758186
1002;104;6;3.8887881022355364;3.8887881022355364;4.112936312238088
1003;142;6;5.610603069276243;5.610603069276243;5.433462459372378
1004;157;6;3.4651401833562785;3.4651401833562785;3.7608688753533754
1005;61;6;7.820568985997282;7.820568985997282;6.4556738042284
1006;125;6;0.0;0.0;4.3197344587202355
1007;126;6;0.0;0.0;4.3197344587202355
1008;76;6;0.0;0.0;4.9735582742490605
1009;76;6;0.0;0.0;4.9735582742490605
1010;166;6;4.61527465201836;4.61527465201836;4.64150974489076
1011;231;6;0.0;0.0;5.345498117633326
1012;234;6;0.0;0.0;5.345498117633326
1013;72;6;5.7199065700334;5.7199065700334;5.165459703135007
1014;117;6;0.0;0.0;4.335465387623723
1015;117;6;0.0;0.0;4.335465387623723
1016;66;6;4.380623384068611;4.380623384068611;4.335223138982772
1017;60;6;4.469986484508323;4.469986484508323;4.3557775660032005
1018;47;6;0.0;0.0;4.675547327656543
1019;48;6;0.0;0.0;4.675547327656543
1020;167;6;5.06964227764223;5.06964227764223;5.03002154131693
1021;23;6;6.997714370910581;6.997714370910581;5.279605494624307
1022;34;6;6.104479734149962;6.104479734149962;5.042009965816852
1023;63;6;6.3664214837455555;6.3664214837455555;5.403414757297607
1024;110;6;0.0;0.0;4.524326573971302
1025;109;6;0.0;0.0;4.524326573971302
1026;44;6;0.0;0.0;5.420904016496187
1027;44;6;0.0;0.0;5.420904016496187
1028;60;6;4.086160011036901;4.086160011036901;3.8688597250807177
1029;118;6;4.44485705041459;4.44485705041459;4.531401786911528
1030;78;6;5.88995987752395;5.88995987752395;5.284591989333524
1031;175;6;5.017452113400088;5.017452113400088;5.0076852348421586
1032;92;6;4.739340553572101;4.739340553572101;4.571287991978776
1033;51;6;5.140515476504319;5.140515476504319;4.449204578178102
1034;140;6;5.6294733647216235;5.6294733647216235;5.405986578032226
1035;54;6;5.874913914539812;5.874913914539812;5.174449106024347
1036;83;6;2.6272391040336305;2.6272391040336305;2.7976690109258233
1037;160;6;4.089435954624025;4.089435954624025;4.095316200117634
1038;56;6;3.3709605738342114;3.3709605738342114;3.400987514717897
1039;1;6;9.362176518980585;9.362176518980585;5.016154174365604
1040;134;6;4.289303881720897;4.289303881720897;4.302691055913355
1041;110;6;3.392742706164717;3.392742706164717;3.6153266716434884
1042;169;6;3.075516239936912;3.075516239936912;3.389951970720259
1043;164;6;4.147543627901025;4.147543627901025;4.278236387307016
1044;99;6;3.5573718892726123;3.5573718892726123;3.452655598214392
1045;133;6;3.4531343355294717;3.4531343355294717;3.591610484934458
1046;76;6;4.0638174902569295;4.0638174902569295;3.705519781556289
1047;131;6;3.485115905671944;3.485115905671944;3.6719371644379026
1048;153;6;3.9011003670190174;3.9011003670190174;4.0588678111785255
1049;101;6;3.8358878340633833;3.8358878340633833;3.9469971879101156
1050;95;6;3.9753126788131445;3.9753126788131445;4.00732530774263
1051;153;6;5.029092995685229;5.029092995685229;4.802394794038356
1052;76;6;6.194945894563134;6.194945894563134;5.564692578787942
1053;137;6;4.320061855435077;4.320061855435077;4.355061341601707
1054;184;6;4.161749472610752;4.161749472610752;4.317971827513538
1055;173;6;4.123755518352191;4.123755518352191;4.35601949774266
1056;184;6;4.936646599462155;4.936646599462155;5.030631138401039
1057;162;6;3.1412289108609457;3.1412289108609457;3.616952229915034
1058;12;5;14.00379078417359;14.00379078417359;7.521994172292707
1059;58;6;4.701422537956696;4.701422537956696;4.40912941796662
1060;58;6;4.805750933173541;4.805750933173541;4.7327581169456145
1061;98;6;5.334239750210548;5.334239750210548;4.986744995189799
1062;150;6;4.404215964103782;4.404215964103782;4.423014879652059
1063;137;6;5.33710493084518;5.33710493084518;5.123171629584028
1064;75;6;4.508418945269647;4.508418945269647;4.505213141295359
1065;199;6;4.0098731449980916;4.0098731449980916;4.193721064697243
1066;65;6;5.259112440908439;5.259112440908439;4.976399502987623
1067;73;6;4.707987632249525;4.707987632249525;4.6929098437975165
1068;70;6;4.962439113556985;4.962439113556985;4.634212673555576
1069;164;6;3.8766656489975575;3.8766656489975575;4.099854725639337
1070;45;6;3.9983846637937717;3.9983846637937717;3.81854946686022
1071;173;6;5.78213704566827;5.78213704566827;5.666966971106547
1072;155;6;4.006468860446349;4.006468860446349;4.094083050826006
1073;143;6;5.321243243284073;5.321243243284073;5.189896001237109
1074;61;6;5.608722008221731;5.608722008221731;5.027451868283173
1075;159;6;7.084976120244372;7.084976120244372;6.511408642983216
1076;69;6;3.119380663321839;3.119380663321839;3.139465423576659
1077;13;6;14.490552008709862;14.490552008709862;6.692806540958001
1078;31;6;6.60932869681598;6.60932869681598;5.171180387397876
1079;15;6;4.182920797391436;4.182920797391436;2.7228226720610262
1080;142;6;6.116571175181464;6.116571175181464;5.825987290556241
1081;82;6;4.683277528656632;4.683277528656632;4.480470469580588
1082;282;6;3.7979421524461707;3.7979421524461707;4.2110205934792
1083;112;6;4.158132432431289;4.158132432431289;4.401773830046032
1084;93;6;3.657518013351366;3.657518013351366;3.7320592540074617
1085;93;6;3.9158460599492093;3.9158460599492093;3.702393835739127
1086;146;6;3.817172392585885;3.817172392585885;4.353588923302049
1087;170;6;3.407577025384345;3.407577025384345;3.6396866218076496
1088;198;6;3.596875466071088;3.596875466071088;3.895004695100003
1089;81;6;4.443341112910284;4.443341112910284;4.390096170708381
1090;28;6;4.261994790211352;4.261994790211352;3.256808958241263
1091;208;6;4.000377753542578;4.000377753542578;4.211190933400663
1092;161;6;5.717528572012676;5.717528572012676;5.59187753943106
1093;103;6;4.113135438890248;4.113135438890248;4.153911797194405
1094;125;6;4.57758043221744;4.57758043221744;4.646011073431726
1095;133;6;4.803575364948694;4.803575364948694;4.608786894917538
1096;79;6;5.7831698725440654;5.7831698725440654;5.0203111502646625
1097;150;6;4.763614242860312;4.763614242860312;4.737921807248912
1098;121;6;5.1639007387604465;5.1639007387604465;5.179022682627165
1099;155;6;4.744969639452041;4.744969639452041;4.996783040010955
1100;131;6;5.557204138249762;5.557204138249762;5.407230460085796
1101;64;6;4.489082393662434;4.489082393662434;4.459135334115084
1102;44;6;5.309260347845373;5.309260347845373;4.837900690384444
1103;109;6;6.207767835287286;6.207767835287286;5.973654273641707
1104;56;6;3.4378889930864402;3.4378889930864402;3.370175196549838
1105;30;6;3.725390518873001;3.725390518873001;3.0469335515910347
1106;58;6;8.135087708329715;8.135087708329715;6.430684864606343
1107;120;6;3.886889588673574;3.886889588673574;3.9915805163352784
1108;48;6;6.156269719475621;6.156269719475621;5.834226451148214
1109;7;6;6.5152003539088525;6.5152003539088525;3.9268846102217188
1110;18;6;6.230493370112313;6.230493370112313;4.750507006155921
1111;75;6;4.996318301980901;4.996318301980901;4.824471131004436
1112;84;6;3.9904678937023546;3.9904678937023546;3.8595322319994634
1113;33;6;4.3397729805130645;4.3397729805130645;3.8891601673372342
1114;37;6;4.281732962519469;4.281732962519469;3.6884853172100347
1115;57;6;4.9918848701027745;4.9918848701027745;4.742073240257397
1116;37;6;4.22523741330652;4.22523741330652;3.830266188198819
1117;197;6;4.155499950907168;4.155499950907168;4.334303118708571
1118;94;6;5.119993151076287;5.119993151076287;4.9532687418948775
1119;43;6;3.509728919605737;3.509728919605737;3.2188129037129887
1120;25;6;3.9589139172617713;3.9589139172617713;3.341046771995073
1121;142;6;6.22467383151846;6.22467383151846;5.9213408824035305
1122;56;6;3.3339764269796865;3.3339764269796865;3.184516729829692
1123;106;6;3.7959341901964074;3.7959341901964074;3.9073255441719934
1124;187;6;4.715130048009061;4.715130048009061;4.72495226556173
1125;5;6;10.073141312466886;10.073141312466886;4.624820562771721
1126;46;6;5.400003219191471;5.400003219191471;4.775172725672392
1127;139;6;5.6235795079487145;5.6235795079487145;5.371904751260838
1128;60;6;5.484023288728304;5.484023288728304;4.7505645176569065
1129;95;6;4.181022199375239;4.181022199375239;4.362033001858449
1130;84;6;5.882906759988215;5.882906759988215;5.513258636373376
1131;72;6;4.460212498217106;4.460212498217106;4.287584376922044
1132;142;6;4.8738477580824595;4.8738477580824595;4.739624051502794
1133;104;6;5.691045515008584;5.691045515008584;5.274002823808627
1134;170;6;5.192845832616737;5.192845832616737;5.0967410151766455
1135;148;6;5.512078297090406;5.512078297090406;5.278251821493945
1136;25;6;0.0;0.0;5.042398075011255
1137;25;6;0.0;0.0;5.042398075011255
1138;259;6;3.456902819451826;3.456902819451826;3.871729560080141
1139;95;6;3.42998309564148;3.42998309564148;3.765422177981
1140;119;6;5.524081255800024;5.524081255800024;5.20347628324284
1141;139;6;5.3625759877386985;5.3625759877386985;5.377190901604581
1142;114;6;4.693199959008566;4.693199959008566;4.657782250667059
1143;54;6;4.813124550221456;4.813124550221456;4.197620198057812
1144;131;6;4.427566929793491;4.427566929793491;4.454905914942178
1145;13;3;7.889189685885009;7.889189685885009;4.566632653007277
1146;83;6;4.333548238877244;4.333548238877244;4.20582200147641
1147;123;6;4.73878420312976;4.73878420312976;4.5185366332288135
1148;92;6;4.798457513155914;4.798457513155914;4.577475033335118
1149;39;6;5.515855821397981;5.515855821397981;4.527645658025125
1150;132;6;4.060597046986741;4.060597046986741;4.174369312289353
1151;73;6;5.757148672103076;5.757148672103076;5.400005555002241
1152;101;6;7.1129205180698705;7.1129205180698705;6.380555432624115
1153;59;6;5.74753136197311;5.74753136197311;4.882002139798699
1154;126;6;3.9808781952609156;3.9808781952609156;4.024705000943235
1155;16;6;6.34012638132955;6.34012638132955;4.3226926541593835
1156;73;6;5.3204187333811515;5.3204187333811515;4.8823101197194205
1157;63;6;4.73122161841674;4.73122161841674;4.288690157235937
1158;226;6;3.5237993715412133;3.5237993715412133;3.8741979493536673
1159;106;6;5.890120158709224;5.890120158709224;5.5374441634765255
1160;92;6;3.598897372852222;3.598897372852222;3.7230617391385716
1161;85;6;6.061748902464744;6.061748902464744;5.6470216882309066
1162;104;6;4.595021120283601;4.595021120283601;4.306836140462473
1163;43;6;6.774929914822337;6.774929914822337;5.409108331887698
1164;70;6;5.784406617886577;5.784406617886577;5.248989833041053
1165;70;6;5.681225877607524;5.681225877607524;5.046385082961965
1166;144;6;4.305760058881982;4.305760058881982;4.377171381878142
1167;53;6;5.1361972145894494;5.1361972145894494;4.4027426350940795
1168;129;6;5.16098848098314;5.16098848098314;4.995295002809705
1169;32;6;7.154463758614564;7.154463758614564;5.893006847061184
1170;38;6;3.735742110208112;3.735742110208112;3.3369998897421085
1171;92;6;4.124256131973294;4.124256131973294;4.383526655446747
1172;255;6;3.7270418028879067;3.7270418028879067;4.3399339217986155
1173;279;6;3.32918603120196;3.32918603120196;3.828612988109469
1174;215;6;4.4855797130300035;4.4855797130300035;4.4188528967741
1175;262;6;3.613613078084622;3.613613078084622;4.201999057919082
1176;89;6;0.0;0.0;4.48554790375643
1177;89;6;0.0;0.0;4.48554790375643
1178;84;6;4.610205440833208;4.610205440833208;4.309830881112888
1179;195;6;3.108642050161756;3.108642050161756;3.400717380466556
1180;137;6;4.569272965839747;4.569272965839747;4.748014474635776
1181;89;6;3.5310404255385963;3.5310404255385963;3.70568592976442
1182;1;6;12.615046399963951;12.615046399963951;4.756329883534144
1183;26;6;5.0877508382731795;5.0877508382731795;3.958494058678186
1184;17;6;4.640471981379157;4.640471981379157;3.530505426495716
1185;82;6;4.773071903932496;4.773071903932496;4.527397111745177
1186;67;6;5.368452459916178;5.368452459916178;4.851812616631635
1187;146;6;4.798092905208054;4.798092905208054;4.755396810595561
1188;76;6;2.948942772061748;2.948942772061748;2.931509746037104
1189;148;6;5.583305636298783;5.583305636298783;5.382711757455747
1190;14;6;7.938472915838451;7.938472915838451;5.860917564918349
1191;59;6;4.063676464803896;4.063676464803896;3.9305220231363225
1192;35;6;6.379745205807137;6.379745205807137;5.052243397957526
1193;132;6;6.6744502573148905;6.6744502573148905;6.2898542335602565
1194;106;6;4.230455790372756;4.230455790372756;4.139981507018684
1195;66;6;3.956796339327265;3.956796339327265;3.5527911205291023
1196;268;6;4.303799021766443;4.303799021766443;4.560203976756889
1197;126;6;5.607258727160382;5.607258727160382;5.347609904687042
1198;62;6;5.933560912874207;5.933560912874207;5.293167522427179
1199;32;6;5.626381819167144;5.626381819167144;3.9669085433985996
1200;12;6;6.586558416640579;6.586558416640579;4.415569235407571
1201;24;6;4.746961967455894;4.746961967455894;3.625892362572696
1202;129;6;4.433890638809217;4.433890638809217;4.5163386371425345
1203;118;6;4.714157728076431;4.714157728076431;4.732327018845829
1204;132;6;4.7116241573548585;4.7116241573548585;4.612659536325121
1205;27;6;6.00603482509522;6.00603482509522;4.920675441289466
1206;114;6;4.543037329329245;4.543037329329245;4.5775354719516095
1207;94;6;3.8807841733187964;3.8807841733187964;3.877750901861705
1208;97;6;2.919897564604706;2.919897564604706;3.1697867300453377
1209;75;6;3.8313719842572933;3.8313719842572933;3.896371646838986
1210;74;6;4.624519384232163;4.624519384232163;4.544541590795208
1211;82;6;6.108541944572621;6.108541944572621;5.534299810323995
1212;161;6;4.693453532433809;4.693453532433809;4.705500639765237
1213;36;6;3.5011739161527835;3.5011739161527835;2.9522237439185885
1214;56;6;6.673327234956178;6.673327234956178;5.820394322255351
1215;124;6;4.043169521104809;4.043169521104809;4.067650132962367
1216;16;6;6.751431711265598;6.751431711265598;4.456639454325637
1217;30;6;6.81831667440045;6.81831667440045;5.413860682711178
1218;77;6;4.997558966233507;4.997558966233507;5.020184199580658
1219;118;6;4.718078727941373;4.718078727941373;4.640908118968099
1220;8;6;8.689619389032755;8.689619389032755;5.9410109659301495
1221;264;6;3.8053553064562835;3.8053553064562835;4.112778241253871
1222;56;6;4.881996481435748;4.881996481435748;4.261558619820541
1223;72;6;3.8275348357555483;3.8275348357555483;3.692505662368622
1224;137;6;4.570629431922451;4.570629431922451;4.664222093772297
1225;78;6;3.625018979617133;3.625018979617133;3.4989435197442886
1226;87;6;5.161649176276055;5.161649176276055;4.743391567807776
1227;189;6;3.4821066677109074;3.4821066677109074;3.6542150187986095
1228;61;6;3.159760617182085;3.159760617182085;3.290969503803241
1229;91;6;5.801914550263881;5.801914550263881;5.379970589350173
1230;94;6;5.62707648561528;5.62707648561528;5.388340683489412
1231;205;6;4.178375938519224;4.178375938519224;4.354063955129291
1232;85;6;4.4724056061308834;4.4724056061308834;4.303986944037063
1233;250;6;3.879372144637963;3.879372144637963;4.184697198604489
1234;170;6;5.5587460210514985;5.5587460210514985;5.401728481314433
1235;228;6;5.866313561325012;5.866313561325012;5.8355952697720115
1236;238;6;4.294280795380733;4.294280795380733;4.470009270977504
1237;138;6;3.4526390744654414;3.4526390744654414;3.76671002125195
1238;64;6;4.379660733319097;4.379660733319097;4.19252639346754
1239;131;6;3.0275746233643583;3.0275746233643583;3.3481193993926497
1240;135;6;4.687609104565897;4.687609104565897;4.607247357057788
1241;178;6;3.930607796250063;3.930607796250063;4.181594500972319
1242;62;6;0.0;0.0;3.955086041128537
1243;62;6;0.0;0.0;3.955086041128537
1244;104;6;4.451988338196341;4.451988338196341;4.663956595696389
1245;88;6;4.6445905207830265;4.6445905207830265;4.6382667355702285
1246;58;6;5.8439866289471905;5.8439866289471905;4.939166848373694
1247;61;6;5.15203543577022;5.15203543577022;4.610380407978669
1248;72;6;6.281100806405889;6.281100806405889;5.279708854568502
1249;52;6;7.046620774836165;7.046620774836165;5.660092115542736
1250;32;6;7.414259755973749;7.414259755973749;5.942903814860526
1251;111;6;4.0649156462592275;4.0649156462592275;4.2239127359417115
1252;19;6;4.6216585994113455;4.6216585994113455;3.2090190170253323
1253;152;6;4.2331117189154694;4.2331117189154694;4.326265270697196
1254;153;6;4.196972895885139;4.196972895885139;4.265054715120803
1255;89;6;3.9059865267058047;3.9059865267058047;3.946762973787694
1256;169;6;0.0;0.0;4.864012487523079
1257;77;6;5.167519066484292;5.167519066484292;4.709848390864681
1258;169;6;0.0;0.0;4.864012487523079
1259;53;6;3.895883094421886;3.895883094421886;3.681303218608541
1260;122;6;4.372833969497061;4.372833969497061;4.367236489985635
1261;80;6;4.11860217493961;4.11860217493961;3.9561974030518265
1262;114;6;5.788209265200744;5.788209265200744;5.4805341739617885
1263;112;6;4.280160200674106;4.280160200674106;4.6589537497262645
1264;72;6;4.896431811112586;4.896431811112586;5.0602471175759325
1265;144;6;3.1509476174609947;3.1509476174609947;3.4556932571339756
1266;131;6;3.787257863885059;3.787257863885059;4.01428741564137
1267;100;6;3.4468539637931546;3.4468539637931546;3.573467776162006
1268;87;6;2.6838854725751466;2.6838854725751466;2.899768661777081
1269;158;6;3.646313736996583;3.646313736996583;3.836330854134781
1270;71;6;4.417227523174387;4.417227523174387;4.1128261261927905
1271;181;6;4.107364160881557;4.107364160881557;4.272837165518319
1272;35;6;6.359969140138004;6.359969140138004;4.90143295890914
1273;162;6;4.309201546474167;4.309201546474167;4.417744181812574
1274;89;6;3.415453494053554;3.415453494053554;3.5535036308801766
1275;55;6;3.2112526180838765;3.2112526180838765;3.07914104074296
1276;180;6;5.002271561097173;5.002271561097173;4.816981265760815
1277;83;6;6.733383312643849;6.733383312643849;5.929052880687866
1278;173;6;4.688372376144347;4.688372376144347;4.642622823174633
1279;49;6;4.522330918980297;4.522330918980297;4.002571790113257
1280;46;6;5.291950898084685;5.291950898084685;4.971540784218926
1281;186;6;3.4413381287519305;3.4413381287519305;3.8180818212046352
1282;23;6;6.075462419149541;6.075462419149541;4.916700782272145
1283;20;6;5.735444843382035;5.735444843382035;4.7970881590737475
1284;151;6;4.72400792190726;4.72400792190726;4.848854522101435
1285;103;6;5.139208537632849;5.139208537632849;4.961328846840082
1286;124;6;5.049219118704468;5.049219118704468;5.0941582237420695
1287;18;6;5.760311708627455;5.760311708627455;3.9166416264406463
1288;20;6;5.86571227614343;5.86571227614343;4.772152891185568
1289;159;6;4.548363567171752;4.548363567171752;4.56498852413942
1290;105;6;5.1108775586521675;5.1108775586521675;5.044508589287078
1291;164;6;4.446031493333129;4.446031493333129;4.595266475328939
1292;132;6;4.5053359891982785;4.5053359891982785;4.562918038479432
1293;85;6;6.346492236501631;6.346492236501631;5.613782687320866
1294;30;6;5.868528668639145;5.868528668639145;4.734725997974896
1295;237;6;4.567411987855458;4.567411987855458;4.6810026264611135
1296;154;6;4.186617680764558;4.186617680764558;4.320410919792385
1297;45;6;6.460038497761391;6.460038497761391;5.447593552770371
1298;174;6;5.197253123038334;5.197253123038334;5.06781735397601
1299;90;6;3.8920971585890642;3.8920971585890642;3.7059544766705255
1300;152;6;4.185978147401395;4.185978147401395;4.26149614158049
1301;135;6;3.775387180706397;3.775387180706397;4.074720382633649
1302;195;6;5.181617873141408;5.181617873141408;5.080835618942934
1303;167;6;4.0409246980647655;4.0409246980647655;4.235589237683789
1304;52;6;4.610865166775362;4.610865166775362;3.895403289625639
1305;44;6;5.160656167322294;5.160656167322294;4.92101263604138
1306;61;6;7.071431091427089;7.071431091427089;6.1985395644793115
1307;130;6;5.195684025176545;5.195684025176545;5.096411692157499
1308;132;6;5.059428414481926;5.059428414481926;4.896323026369567
1309;153;6;3.8396206866151723;3.8396206866151723;3.9356048061001103
1310;96;6;4.929501873530473;4.929501873530473;4.765055100684809
1311;79;6;5.052870174633644;5.052870174633644;4.787687146608339
1312;108;6;4.17542175632417;4.17542175632417;4.172345618888973
1313;110;6;4.717958861077575;4.717958861077575;4.723507959801731
1314;76;6;5.519185354278349;5.519185354278349;5.048424390205304
1315;36;6;6.331141692145007;6.331141692145007;5.11511443049853
1316;43;6;4.723009435221347;4.723009435221347;4.221885441135454
1317;93;6;4.823080817028082;4.823080817028082;4.725872204524109
1318;134;6;4.726442394969619;4.726442394969619;4.835368677757825
1319;85;6;5.383362421408732;5.383362421408732;4.8469299285380885
1320;108;6;3.859804584771894;3.859804584771894;4.1178052484414325
1321;172;6;4.981667888803156;4.981667888803156;4.874985266036384
1322;47;6;4.696077094869873;4.696077094869873;4.165105619518583
1323;100;6;5.396955663805067;5.396955663805067;4.757840115587821
1324;77;6;4.810152451373021;4.810152451373021;4.561478603413414
1325;139;6;4.306449721140854;4.306449721140854;4.339163333097853
1326;80;6;4.207827689273408;4.207827689273408;4.147251422717928
1327;43;6;4.71042824574547;4.71042824574547;4.365126639992855
1328;25;6;6.811730941701865;6.811730941701865;5.381668094575361
1329;136;6;5.638588864465224;5.638588864465224;5.341967076005796
1330;146;6;3.872994430509022;3.872994430509022;4.109466045129927
1331;76;6;5.938472434204468;5.938472434204468;5.316353747524053
1332;5;6;9.310221630029202;9.310221630029202;5.137811019217711
1333;30;6;5.150748499565764;5.150748499565764;4.499388198076054
1334;153;6;4.05981402482715;4.05981402482715;4.192000528745897
1335;65;5;4.804038406127222;4.804038406127222;4.255344454086952
1336;135;6;3.2278165978912945;3.2278165978912945;3.503192577436887
1337;76;6;4.119539302242817;4.119539302242817;4.006792032723685
1338;61;6;5.322681940780548;5.322681940780548;4.818747372911095
1339;104;6;3.537141526804592;3.537141526804592;3.5757082598413357
1340;96;6;3.903894406391237;3.903894406391237;4.070312075534582
1341;168;6;3.8381507033238345;3.8381507033238345;4.154254827966181
1342;68;6;7.693839697110746;7.693839697110746;6.510866676054244
1343;67;6;4.859268015014804;4.859268015014804;4.714623896153496
1344;65;6;3.355852556829017;3.355852556829017;3.619088043389873
1345;183;6;5.514995906662132;5.514995906662132;5.2920505947059135
1346;210;6;4.218351343022553;4.218351343022553;4.289841950695967
1347;236;6;4.911142996664477;4.911142996664477;5.0390967281786025
1348;66;6;5.065661751468573;5.065661751468573;4.519765013520957
1349;172;6;4.288999343792963;4.288999343792963;4.494929081684764
1350;89;6;5.0695490728347385;5.0695490728347385;4.838660949716282
1351;197;6;4.001606372906552;4.001606372906552;4.254486599477648
1352;161;6;5.036044476065598;5.036044476065598;4.954481823741426
1353;96;6;4.606194541255248;4.606194541255248;4.563502961141937
1354;123;6;2.9383219900808744;2.9383219900808744;3.2158819156244323
1355;58;6;3.8624080560345186;3.8624080560345186;3.7985931499639607
1356;33;6;3.9343477595959153;3.9343477595959153;2.918806058815972
1357;20;6;5.206826269712254;5.206826269712254;4.419196727354256
1358;49;6;4.909594420087241;4.909594420087241;4.372612574072529
1359;108;6;3.828860886531612;3.828860886531612;4.01066646506262
1360;102;6;4.277794553362084;4.277794553362084;4.3636840951706395
1361;95;6;4.974381378843585;4.974381378843585;4.769194750773601
1362;138;6;5.592943735054344;5.592943735054344;5.394508470099185
1363;64;6;3.45455918363381;3.45455918363381;3.27057777934814
1364;88;6;3.2391525252041675;3.2391525252041675;3.141067742333042
1365;149;6;5.985258546857189;5.985258546857189;5.727393206844992
1366;78;6;4.510281292427136;4.510281292427136;4.2210806072597125
1367;177;6;4.138957617911831;4.138957617911831;4.198510826384263
1368;147;6;4.694086134513976;4.694086134513976;4.707857701685421
1369;109;6;3.61437145839368;3.61437145839368;3.621428995268103
1370;127;6;5.066530513871396;5.066530513871396;5.195620837914625
1371;186;6;4.09655558190113;4.09655558190113;4.254272981410968
1372;85;6;5.684696053009188;5.684696053009188;5.400278462743972
1373;151;6;3.075960804224268;3.075960804224268;3.236269633083026
1374;56;6;5.216520846950483;5.216520846950483;4.936721464038538
1375;49;6;4.358997239736914;4.358997239736914;4.0755388760629545
1376;104;6;4.625865916924541;4.625865916924541;4.584784751289403
1377;179;6;5.793125826244405;5.793125826244405;5.558106633275209
1378;13;6;6.963925333617185;6.963925333617185;4.6826823223559035
1379;103;6;4.107093114765603;4.107093114765603;4.311679701785077
1380;79;6;6.13548264962642;6.13548264962642;5.604924982259262
1381;36;6;6.612817420241589;6.612817420241589;5.463491510344434
1382;45;6;3.8723025095906043;3.8723025095906043;3.3335798785161534
1383;115;6;4.940818632863233;4.940818632863233;4.86893947838378
1384;103;6;3.867562258502678;3.867562258502678;3.914803420724653
1385;85;6;4.098527780097317;4.098527780097317;4.179434198763531
1386;92;6;2.7428268829507774;2.7428268829507774;2.8690803410136927
1387;57;6;5.985590268850555;5.985590268850555;5.320248509946144
1388;14;2;6.613317423799239;6.613317423799239;5.829848287275722
1389;14;3;7.032597970927243;7.032597970927243;5.027139854508616
1390;81;6;4.994727240477195;4.994727240477195;4.849828685764032
1391;101;6;4.996022333334182;4.996022333334182;4.627015839711905
1392;57;6;4.1389958032623655;4.1389958032623655;3.836194351758539
1393;75;6;4.372441602453613;4.372441602453613;4.009170184955036
1394;55;6;4.605023121576468;4.605023121576468;4.382057677349503
1395;13;6;8.524431034379587;8.524431034379587;5.786835428491094
1396;45;6;5.879674845924293;5.879674845924293;4.5035134535183134
1397;54;6;3.1673051736965068;3.1673051736965068;2.889084207880219
1398;38;6;4.396232241115616;4.396232241115616;3.92456413703972
1399;97;6;3.6695201987318153;3.6695201987318153;3.643545524149269
1400;40;6;5.483506020284076;5.483506020284076;4.905768233554693
1401;47;6;3.360745165628189;3.360745165628189;3.46221217439089
1402;150;6;3.810106753834491;3.810106753834491;4.008963758011986
1403;46;6;6.975499965584789;6.975499965584789;5.809510442964878
1404;196;6;4.457033742154179;4.457033742154179;4.69789821426359
1405;93;6;3.6366007261211952;3.6366007261211952;3.8398718557072375
1406;77;6;6.972445746891211;6.972445746891211;5.962307603009951
1407;89;6;5.047396907902313;5.047396907902313;4.809939749037884
1408;124;6;3.5065083363854734;3.5065083363854734;3.6099403673612085
1409;173;6;5.1341374254356325;5.1341374254356325;5.025229438037622
1410;157;6;4.287932372320856;4.287932372320856;4.407509781087528
1411;70;6;4.791277592346591;4.791277592346591;4.533101424405951
1412;78;6;5.426689462606981;5.426689462606981;5.170342433401803
1413;64;6;5.9235566991396915;5.9235566991396915;5.5043675200291196
1414;65;6;4.306670229196359;4.306670229196359;4.053370232229977
1415;35;6;3.355615456548615;3.355615456548615;3.1363598777899417
1416;56;6;4.130780095988335;4.130780095988335;4.024248337877365
1417;75;6;3.8029975431379044;3.8029975431379044;3.95729703710901
1418;97;6;5.874356348691222;5.874356348691222;5.417084079172504
1419;109;6;4.461017275159691;4.461017275159691;4.605307073861734
1420;102;6;2.567219880176942;2.567219880176942;2.8727694248682525
1421;148;6;4.6556866618412425;4.6556866618412425;4.6015549245451455
1422;88;6;5.494707928146456;5.494707928146456;5.004930147634945
1423;38;6;3.837762251200691;3.837762251200691;2.986268308346485
1424;15;6;9.527357180297939;9.527357180297939;6.347733553628526
1425;94;6;3.935404234656688;3.935404234656688;3.9866444940261787
1426;41;6;3.6976256401334355;3.6976256401334355;3.587027095613227
1427;64;6;4.247086232907605;4.247086232907605;4.233967576507132
1428;70;6;7.3537877968147285;7.3537877968147285;6.267969703855405
1429;18;6;6.221263455419537;6.221263455419537;4.669387295496488
1430;67;6;4.74921687098032;4.74921687098032;4.32960654124434
1431;96;6;5.2949752580003056;5.2949752580003056;4.910949086617575
1432;66;6;4.382594451541308;4.382594451541308;3.860216941857163
1433;116;6;4.010466239102048;4.010466239102048;4.146739766471877
1434;61;6;4.012392678967869;4.012392678967869;3.5251275351663107
1435;96;6;3.8255456038386075;3.8255456038386075;3.8863087036270647
1436;132;6;3.568409269688683;3.568409269688683;3.782421172891721
1437;108;6;3.391500038231667;3.391500038231667;3.587425701780546
1438;90;6;4.499998039567131;4.499998039567131;4.523938449191964
1439;72;6;4.7069691660146304;4.7069691660146304;4.172822968729731
1440;70;6;4.59605487269274;4.59605487269274;4.414087716977207
1441;158;6;4.6788262297484;4.6788262297484;4.670854786903353
1442;109;6;4.262078603310249;4.262078603310249;4.32305439931482
1443;35;6;6.619911196598206;6.619911196598206;4.954482689212993
1444;135;6;5.0336617587613235;5.0336617587613235;5.0113675840417615
1445;95;6;4.101362547147149;4.101362547147149;4.218371281319226
1446;49;6;4.21034964812447;4.21034964812447;3.508504545127002
1447;56;6;5.4129455104723325;5.4129455104723325;4.82927288797577
1448;45;6;3.78540819644241;3.78540819644241;3.3216142010087766
1449;109;6;4.538782322665961;4.538782322665961;4.279967986127273
1450;31;6;0.0;0.0;3.3763193338855744
1451;67;6;5.736413139150236;5.736413139150236;5.118111860987683
1452;21;6;5.72267574288622;5.72267574288622;4.307497867478378
1453;24;6;6.45078827290494;6.45078827290494;5.558957274043406
1454;23;6;3.8146177600448334;3.8146177600448334;2.6569499554893437
1455;61;6;4.071365578988969;4.071365578988969;3.8021500298080926
1456;120;6;2.8935506221314693;2.8935506221314693;3.2014883844473476
1457;117;6;3.9347607463229046;3.9347607463229046;4.099060887049528
1458;159;6;5.970597175315848;5.970597175315848;5.9947600001080765
1459;56;6;3.112036339971501;3.112036339971501;3.1642825421480354
1460;103;6;3.9975796247594153;3.9975796247594153;3.9071679468232725
1461;108;6;4.112405032555808;4.112405032555808;3.8827578194111325
1462;64;6;2.8430235485877766;2.8430235485877766;2.8347473882917393
1463;128;6;5.151961858799488;5.151961858799488;5.112102056973405
1464;80;6;4.48023398077461;4.48023398077461;4.333296583942095
1465;32;6;6.451173059362941;6.451173059362941;5.1725006654748125
1466;31;6;4.02343059446215;4.02343059446215;3.466608583739891
1467;42;6;5.866102426280551;5.866102426280551;4.932727463090861
1468;135;6;4.64917743129988;4.64917743129988;4.862625541587796
1469;157;6;4.771252078256885;4.771252078256885;4.881910289128664
1470;123;6;2.8284865523830436;2.8284865523830436;3.0775965351381473
1471;66;6;4.796307820823656;4.796307820823656;4.457953138790074
1472;33;6;4.449811965116763;4.449811965116763;3.7880590223074764
1473;93;6;3.5710629756594576;3.5710629756594576;3.5476181577603323
1474;101;6;4.128688984251854;4.128688984251854;4.377320051033764
1475;79;6;5.4206373651871695;5.4206373651871695;4.914985738937149
1476;149;6;4.9075953250845235;4.9075953250845235;4.835712298725987
1477;27;6;5.282389701992066;5.282389701992066;4.553122464956192
1478;40;6;6.301377313948738;6.301377313948738;5.277951242804339
1479;109;6;4.0253910692391575;4.0253910692391575;4.097720958379952
1480;66;6;5.342342887779375;5.342342887779375;5.015753537547538
1481;95;6;4.2027308339640115;4.2027308339640115;4.1877530200183575
1482;108;6;5.149884612846231;5.149884612846231;4.955785814153345
1483;109;6;4.514972324594657;4.514972324594657;4.509947896820862
