Skewness: 0.37071611721672454, Average LID: LPCA: 5.953504043126685  |||  MLE: 4.810898844339846  |||  MLENB: 4.810898844339846  |||  TLE: 4.635244928745161
LPCA: 0.17049268410397767  |||  MLE: -0.32144632052489025  |||  MLENB: -0.32144632052489025  |||  TLE: -0.14399198425849152
node;in_degree;local_intrinsic_dimensionality_LPCA;local_intrinsic_dimensionality_MLE;local_intrinsic_dimensionality_MLENB;local_intrinsic_dimensionality_TLE
0;102;6;3.6440102010380437;3.6440102010380437;3.9214248234479965
1;80;6;4.515922620841261;4.515922620841261;4.4222239461288435
2;116;6;3.2103641418857927;3.2103641418857927;3.451588295561307
3;71;6;4.56410981993905;4.56410981993905;4.729673060544682
4;95;6;4.071386168230531;4.071386168230531;4.059612553931257
5;14;1;15.599943419002521;15.599943419002521;6.807386107370105
6;75;6;2.883592470136236;2.883592470136236;3.125020872496646
7;58;6;7.403926460283023;7.403926460283023;6.456979906213293
8;43;6;4.94910906840809;4.94910906840809;4.886338219613392
9;76;6;5.282918947899118;5.282918947899118;4.777646643161522
10;183;6;4.4358101022822325;4.4358101022822325;4.562412049638405
11;137;6;4.73000573660709;4.73000573660709;4.712575647178541
12;107;6;6.313511202266008;6.313511202266008;5.8656003958918905
13;68;6;4.272622329964159;4.272622329964159;4.117917157613942
14;107;6;5.461190882688504;5.461190882688504;5.078325048064214
15;109;6;4.789159516237921;4.789159516237921;4.755940455302913
16;69;6;4.876564108273493;4.876564108273493;4.700407463821822
17;96;6;4.4767221236962955;4.4767221236962955;4.579931347978846
18;112;6;4.936605041661811;4.936605041661811;4.944165689138681
19;124;6;3.7634049693111002;3.7634049693111002;4.008111276212904
20;160;6;5.185324532954007;5.185324532954007;5.296336526702583
21;170;6;4.274620009331005;4.274620009331005;4.29900357772192
22;153;6;3.304169730738448;3.304169730738448;3.549765003366216
23;96;6;3.744215773187313;3.744215773187313;3.933151093884431
24;73;6;4.226812554169568;4.226812554169568;4.549317564542143
25;162;6;3.2619401221633115;3.2619401221633115;3.505260628018892
26;78;6;5.662385853404021;5.662385853404021;5.124735801298276
27;96;6;3.8766805267749826;3.8766805267749826;4.243964008890909
28;85;6;4.301240165445672;4.301240165445672;4.129879565816666
29;44;6;3.6934886290391753;3.6934886290391753;3.1663336072809107
30;49;6;7.090749843647337;7.090749843647337;6.349475954737341
31;15;6;3.9575401323200077;3.9575401323200077;2.705409721877837
32;35;6;7.02340577073234;7.02340577073234;5.515538646128529
33;48;6;5.160355420717309;5.160355420717309;4.820722578765514
34;103;6;3.0143588905973755;3.0143588905973755;3.231269273485352
35;110;6;4.436742890138591;4.436742890138591;4.417348186249691
36;143;6;3.858445600094233;3.858445600094233;4.037072687812987
37;137;6;5.035587349883801;5.035587349883801;5.189564925549055
38;95;6;3.8326401246424875;3.8326401246424875;3.885345011749995
39;136;6;4.450474282819365;4.450474282819365;4.33946532259063
40;98;6;3.1863184171997685;3.1863184171997685;3.2811494624752173
41;71;6;4.707624188952973;4.707624188952973;4.207110070842394
42;77;6;3.639666344825109;3.639666344825109;3.749345290230842
43;120;6;3.5192666852125245;3.5192666852125245;3.7661900398483854
44;162;6;4.396595314820456;4.396595314820456;4.606075495327421
45;37;6;6.969887572572167;6.969887572572167;6.030707125600554
46;24;6;6.29241412295292;6.29241412295292;5.009708858612839
47;122;6;4.508510664673738;4.508510664673738;4.54040985664324
48;81;6;5.44320798361402;5.44320798361402;5.165890691723494
49;32;6;4.675609141910234;4.675609141910234;4.0662248928274565
50;157;6;5.178776736711287;5.178776736711287;5.1898731852775075
51;46;6;3.2577696543146564;3.2577696543146564;3.2660795783759693
52;67;6;5.648359657544951;5.648359657544951;5.348546925252027
53;117;6;3.6059122534345667;3.6059122534345667;3.873291319816381
54;96;6;3.811662446529994;3.811662446529994;4.145918649204862
55;81;6;4.223282208325011;4.223282208325011;4.520671360826509
56;71;6;3.8589002738603972;3.8589002738603972;3.7038756058695665
57;113;6;4.2998292070119515;4.2998292070119515;4.3741933259285934
58;147;6;3.888223167542486;3.888223167542486;4.183074276938464
59;58;6;2.6863907061283068;2.6863907061283068;2.8444492958288703
60;61;6;4.914561621890815;4.914561621890815;4.628699772713393
61;108;6;5.686817405361934;5.686817405361934;5.363579515837104
62;87;6;4.1868086741034585;4.1868086741034585;4.478163133617205
63;84;6;5.290569528093927;5.290569528093927;5.271368784712181
64;55;6;6.012145126035232;6.012145126035232;5.416539044776011
65;105;6;5.8763870713992885;5.8763870713992885;5.526698257641726
66;49;6;5.2227881020109015;5.2227881020109015;4.90876184366427
67;102;6;4.872623842855642;4.872623842855642;5.038431982719489
68;85;6;4.313221178109399;4.313221178109399;4.574319850444116
69;66;6;3.2329112322651876;3.2329112322651876;3.122298483768123
70;130;6;5.388249369388002;5.388249369388002;5.170771714053306
71;98;6;5.7456303789291825;5.7456303789291825;5.434270088046054
72;76;6;5.140296613474187;5.140296613474187;4.5384838475132385
73;73;6;2.6674564324981316;2.6674564324981316;2.898224372745757
74;125;6;4.792261625370332;4.792261625370332;4.873342200782249
75;89;6;4.488207410530796;4.488207410530796;4.3137672397912
76;92;6;3.5023541186041305;3.5023541186041305;3.6017193103223897
77;145;6;3.6949969307449795;3.6949969307449795;3.910093998726765
78;36;6;5.783387827164053;5.783387827164053;4.930987400804834
79;112;6;3.5107992525376166;3.5107992525376166;3.587769304177737
80;132;6;3.697827403839987;3.697827403839987;3.851927528085249
81;117;6;4.330040187173266;4.330040187173266;4.312026428540911
82;80;6;4.461904306242271;4.461904306242271;4.031026070587985
83;61;6;4.747830152777625;4.747830152777625;5.002487908569526
84;12;3;6.915197319915394;6.915197319915394;5.705781019972459
85;11;6;5.6218087439538555;5.6218087439538555;3.892749455649744
86;90;6;3.453521399584843;3.453521399584843;3.6659723893573837
87;134;6;3.359970916340236;3.359970916340236;3.5096637264425925
88;74;6;6.518950622679224;6.518950622679224;6.121545720097163
89;103;6;5.128171875362992;5.128171875362992;4.962442221234873
90;51;6;5.818083796170546;5.818083796170546;5.1667817205180775
91;146;6;4.994502761278351;4.994502761278351;4.949011687120151
92;142;6;4.817001804823307;4.817001804823307;4.932931749214673
93;63;6;4.792087130732891;4.792087130732891;4.4834861784862685
94;123;6;6.095969419593603;6.095969419593603;6.032210154184916
95;69;6;5.9940576017614084;5.9940576017614084;5.818352863279353
96;101;6;4.946308011442875;4.946308011442875;4.82847503944055
97;67;6;4.7374176536476496;4.7374176536476496;4.5403485127666245
98;115;6;2.850409404602588;2.850409404602588;3.140708496593489
99;38;6;5.883238455876982;5.883238455876982;5.217122728538812
100;57;6;4.502910136908062;4.502910136908062;4.298578068611473
101;86;6;4.471191969037849;4.471191969037849;4.543326933619003
102;79;6;6.312209478791775;6.312209478791775;5.673490910624623
103;36;6;6.792195399977473;6.792195399977473;5.663220080927656
104;167;6;4.202450515871977;4.202450515871977;4.443619672205289
105;78;6;3.495960597154278;3.495960597154278;3.8278917060812003
106;116;6;3.7160595400345864;3.7160595400345864;3.8670177733780347
107;63;6;3.7287874905769463;3.7287874905769463;3.8760495010371896
108;61;6;5.356775471951788;5.356775471951788;4.608669544951925
109;39;6;5.117855322910109;5.117855322910109;4.682487775516935
110;14;2;16.59729438347167;16.59729438347167;6.957700155711227
111;122;6;4.340821073915003;4.340821073915003;4.430541762582972
112;59;6;3.878448478458007;3.878448478458007;3.73067783102748
113;99;6;4.538644376461306;4.538644376461306;4.382015284754706
114;10;6;4.260503913990968;4.260503913990968;2.861325753503141
115;96;6;3.0934823904246684;3.0934823904246684;3.1888724434508564
116;56;6;4.5938033136809455;4.5938033136809455;4.487580058524301
117;145;6;3.9540791965292557;3.9540791965292557;4.026228967376586
118;8;6;8.689947467518753;8.689947467518753;5.481587069868345
119;57;6;6.209960599980277;6.209960599980277;5.477949760379397
120;63;6;4.419244416941158;4.419244416941158;4.361072078117342
121;153;6;3.78617748055301;3.78617748055301;3.9205157331323193
122;70;6;3.7669204156763736;3.7669204156763736;3.838022968202209
123;99;6;4.781420816159723;4.781420816159723;4.500833048042691
124;54;6;5.557156526225259;5.557156526225259;5.341328873103927
125;113;6;3.5670071079467705;3.5670071079467705;3.771238141265734
126;182;6;4.06950668865665;4.06950668865665;4.30499645465149
127;41;6;5.112500725825317;5.112500725825317;4.40341794238378
128;30;6;6.957535848804419;6.957535848804419;6.018053066658983
129;42;6;5.239479404778927;5.239479404778927;5.110253458487331
130;68;6;3.8599803182118695;3.8599803182118695;4.050365199223316
131;59;6;6.034126713640292;6.034126713640292;5.547484406830321
132;64;6;5.932905828337929;5.932905828337929;5.356655459284801
133;97;6;3.488262707865074;3.488262707865074;3.7910901274776414
134;77;6;3.7829988795375815;3.7829988795375815;4.038313539999127
135;81;6;5.879757139423593;5.879757139423593;5.661127991704933
136;61;6;4.479151775643816;4.479151775643816;4.256887092875932
137;162;6;5.322465481784513;5.322465481784513;5.187330169842165
138;77;6;3.895014611237195;3.895014611237195;4.086934704523289
139;14;6;8.320223117843971;8.320223117843971;5.893218892344826
140;140;6;4.4977227548875796;4.4977227548875796;4.765195820388542
141;113;6;3.316974408680513;3.316974408680513;3.555022514556004
142;64;6;4.266538491430385;4.266538491430385;4.296257793606959
143;76;6;5.382133512845304;5.382133512845304;5.2230939426177265
144;110;6;4.013758195860793;4.013758195860793;4.3447485665026955
145;42;6;4.1708055159734565;4.1708055159734565;3.665636058865195
146;101;6;4.647076488814937;4.647076488814937;4.72620822980041
147;82;6;6.132873843771272;6.132873843771272;5.796232476443493
148;28;6;4.603795699591387;4.603795699591387;3.8199805611887228
149;95;6;4.300629557063601;4.300629557063601;4.326331939121282
150;122;6;4.444401856740273;4.444401856740273;4.611378958295196
151;94;6;4.229038888968065;4.229038888968065;4.299846884675569
152;69;6;6.808281333904617;6.808281333904617;6.274634032437508
153;117;6;6.11877184337677;6.11877184337677;5.805802234965826
154;43;6;3.9649061788815847;3.9649061788815847;3.8648186014538073
155;91;6;3.670419049786706;3.670419049786706;3.804828889164097
156;84;6;4.753076287188285;4.753076287188285;4.805988019382181
157;25;6;5.4255829942353655;5.4255829942353655;3.9676365873472204
158;181;6;3.9221084679471296;3.9221084679471296;4.246261016750051
159;61;5;4.878069730403783;4.878069730403783;4.544752753620791
160;26;6;0.0;0.0;5.602274885118414
161;26;6;0.0;0.0;5.602274885118414
162;171;6;3.6206040761782297;3.6206040761782297;3.9616351721140783
163;93;6;4.159339810009435;4.159339810009435;4.141023826524695
164;160;6;4.612742672282607;4.612742672282607;4.761257405357512
165;69;6;6.658348839171338;6.658348839171338;5.974138681992955
166;135;6;5.3380191626417215;5.3380191626417215;5.275270441964396
167;37;6;4.092720024762613;4.092720024762613;3.929408111490297
168;41;6;6.4479124897436835;6.4479124897436835;5.813146055573693
169;14;6;6.733280279678218;6.733280279678218;4.949940701628825
170;99;6;5.075045650870106;5.075045650870106;5.099341163766211
171;107;6;5.774036902766712;5.774036902766712;5.844054002786244
172;78;6;6.184180209653799;6.184180209653799;5.643244276077849
173;39;6;4.6115861747698155;4.6115861747698155;4.378148393268041
174;23;6;5.914135018659942;5.914135018659942;4.774889740691428
175;14;2;5.152783019235835;5.152783019235835;5.088752228127517
176;58;6;5.248486124211399;5.248486124211399;4.847430140142619
177;61;6;5.403055750383005;5.403055750383005;4.999746354513534
178;170;6;4.1359978463357505;4.1359978463357505;4.234399504051594
179;42;6;3.5255767324518943;3.5255767324518943;3.1976596808000344
180;21;6;6.336150631111946;6.336150631111946;4.882083458319851
181;118;6;4.75094971469154;4.75094971469154;4.622075121553319
182;111;6;5.252150133955902;5.252150133955902;5.196272403039343
183;107;6;3.6254132512379855;3.6254132512379855;3.705062626388047
184;22;6;7.264695265116115;7.264695265116115;5.650297816326921
185;68;6;3.5052758888043494;3.5052758888043494;3.7696455481696
186;63;6;3.7479121237215938;3.7479121237215938;4.012531001088166
187;42;6;5.767844712879874;5.767844712879874;5.134117691048025
188;110;6;4.799996199899791;4.799996199899791;4.789188816378871
189;69;6;5.478544898366769;5.478544898366769;5.197852385687165
190;135;6;3.431841286073372;3.431841286073372;3.764554256374132
191;51;6;4.455475206790848;4.455475206790848;4.269396973941295
192;80;6;4.158528433056216;4.158528433056216;4.333540316129059
193;150;6;4.055163962925777;4.055163962925777;4.186529999622776
194;78;6;4.1761100999235214;4.1761100999235214;3.9173741086256135
195;138;6;4.236020102522789;4.236020102522789;4.251314755572171
196;116;6;3.8407327818085375;3.8407327818085375;3.8797759102816634
197;93;6;3.6826767161820113;3.6826767161820113;3.7880792264225684
198;94;6;3.3722152943354433;3.3722152943354433;3.6078828828572314
199;66;6;6.510565437679899;6.510565437679899;6.092814670824789
200;107;6;5.964056882427625;5.964056882427625;5.377183957087548
201;28;6;4.829454884677283;4.829454884677283;4.346265343705292
202;117;6;3.440368466390744;3.440368466390744;3.7042229702035527
203;50;6;4.0994202565209115;4.0994202565209115;3.5958165572351546
204;75;6;4.720772786623968;4.720772786623968;4.529040873042748
205;33;6;5.392972883180663;5.392972883180663;4.9881389758120465
206;130;6;3.965241492397431;3.965241492397431;4.058566079940833
207;43;6;6.598889393082205;6.598889393082205;4.860930461945069
208;59;6;5.2952843985773965;5.2952843985773965;4.67775995621756
209;41;6;3.7902195530657647;3.7902195530657647;3.360822634847334
210;50;6;5.404689251794463;5.404689251794463;4.437316734613787
211;113;6;4.098738147758982;4.098738147758982;3.9639042430027116
212;140;6;4.4454279329245505;4.4454279329245505;4.431658570320684
213;111;6;5.349856366185097;5.349856366185097;5.2747337601899185
214;53;6;4.4073068769952375;4.4073068769952375;4.312748680931352
215;58;6;5.125943601334553;5.125943601334553;4.890716265674422
216;56;6;3.506876918634923;3.506876918634923;3.632573279131198
217;105;6;4.850218624225641;4.850218624225641;4.79825793968406
218;85;6;3.0958132365604007;3.0958132365604007;3.2542371762621207
219;11;6;10.498868109213682;10.498868109213682;5.468184290728148
220;28;6;7.7184768850532395;7.7184768850532395;6.175911984058895
221;85;6;4.0890183148985635;4.0890183148985635;4.336893641193754
222;139;6;5.0553385693275095;5.0553385693275095;5.024356052524998
223;53;6;4.880664772768709;4.880664772768709;4.757066828179343
224;69;6;4.0184222579965425;4.0184222579965425;4.04849834175859
225;99;6;3.3768979675489663;3.3768979675489663;3.9015310426359946
226;53;6;6.010496700570284;6.010496700570284;5.334413636275706
227;30;6;6.8108437472249985;6.8108437472249985;5.237351644304976
228;117;6;3.538437514014839;3.538437514014839;3.8810687142295777
229;14;3;15.961450662851524;15.961450662851524;6.6919862005625665
230;217;6;4.6085744328795695;4.6085744328795695;4.6484225212537424
231;45;6;5.590804130794696;5.590804130794696;4.91356293619254
232;55;6;3.832113045497865;3.832113045497865;3.860798172571008
233;86;6;2.7397890169230315;2.7397890169230315;2.9471309011247517
234;83;6;3.2308153197941607;3.2308153197941607;3.3983103224547064
235;94;6;5.171268256823029;5.171268256823029;5.0802505529802255
236;10;6;0.0;0.0;4.86584376037463
237;10;6;0.0;0.0;4.86584376037463
238;128;6;4.172433314690988;4.172433314690988;4.245819947010408
239;12;6;6.644917073437827;6.644917073437827;4.9754077782884645
240;106;6;4.74113377935932;4.74113377935932;4.913848944770644
241;78;6;4.80729054323295;4.80729054323295;4.784983899507382
242;10;6;6.712310861425612;6.712310861425612;5.232155409518338
243;44;6;6.516843291151583;6.516843291151583;5.612900606438702
244;29;6;5.050622099589155;5.050622099589155;4.119448890147711
245;140;6;5.338200155728063;5.338200155728063;5.430940559603496
246;28;6;7.112428755545437;7.112428755545437;5.409754957893245
247;31;6;5.792083816183707;5.792083816183707;4.4521427974630265
248;29;6;5.010256570782793;5.010256570782793;4.767446744477442
249;65;6;3.2400451471318945;3.2400451471318945;3.4466889897993624
250;14;2;4.454082199255304;4.454082199255304;5.313337621193762
251;85;6;5.510391987010691;5.510391987010691;5.355833852884928
252;33;6;6.034959086643703;6.034959086643703;4.842476535411819
253;138;6;4.59534923003943;4.59534923003943;4.7505957278608095
254;24;6;4.65776071054544;4.65776071054544;4.078357778362066
255;31;6;7.698438417149077;7.698438417149077;5.813101724576238
256;97;6;5.6063701998387705;5.6063701998387705;5.560240065617728
257;115;6;4.396611901596097;4.396611901596097;4.39094167945732
258;21;6;5.791033211615314;5.791033211615314;4.542211374013263
259;91;6;4.178162531123895;4.178162531123895;4.275980867948386
260;55;6;4.438868159644628;4.438868159644628;4.073604849411515
261;115;6;4.2070609105211565;4.2070609105211565;4.34307291651136
262;23;6;6.1359916991579215;6.1359916991579215;5.053809410741897
263;89;6;3.857365590180954;3.857365590180954;3.990617234649197
264;49;6;6.076820660370765;6.076820660370765;5.17325398592002
265;47;6;4.700669063732664;4.700669063732664;3.9479042963253765
266;129;6;4.191658789454023;4.191658789454023;4.338768508493722
267;91;6;5.345066282657422;5.345066282657422;5.182097912476738
268;109;6;6.291411208200672;6.291411208200672;6.0544232467531875
269;77;6;5.3591260823911115;5.3591260823911115;4.9546992915804315
270;136;6;5.181534339288618;5.181534339288618;5.042111402332976
271;11;5;7.845002919457065;7.845002919457065;4.568907439129834
272;44;6;7.321867376433426;7.321867376433426;5.7064408534256374
273;163;6;4.798098001588052;4.798098001588052;5.038571915418945
274;14;6;5.818504265216007;5.818504265216007;4.680866405783316
275;108;6;5.221662174128084;5.221662174128084;5.194318061293578
276;11;6;5.779123257289087;5.779123257289087;4.16930737518549
277;172;6;4.544538803002102;4.544538803002102;4.732197895046243
278;140;6;6.192722072190301;6.192722072190301;5.724976275602356
279;96;6;4.295359569881683;4.295359569881683;4.271049078608592
280;68;6;4.524453454837841;4.524453454837841;4.385852191500032
281;93;6;3.5388421608819707;3.5388421608819707;3.752450447887128
282;72;6;4.644004294556929;4.644004294556929;4.327180623995957
283;71;6;4.245877221090728;4.245877221090728;4.628427601630637
284;73;6;4.253663628302585;4.253663628302585;4.659911711446218
285;72;6;5.505147795814935;5.505147795814935;5.3037108837587015
286;26;6;5.841082696340287;5.841082696340287;4.700792417506207
287;93;6;3.3562815427680093;3.3562815427680093;3.6872246859590048
288;78;6;3.953725295567126;3.953725295567126;4.34451243920553
289;80;6;4.732323225973687;4.732323225973687;4.668579930584311
290;123;6;3.5069354476889414;3.5069354476889414;3.990288680972314
291;130;6;5.3024963280984245;5.3024963280984245;5.169610654789285
292;43;6;4.125913204333796;4.125913204333796;3.6687615248982093
293;109;6;3.765907943320828;3.765907943320828;4.2175725570026845
294;121;6;4.021433550297654;4.021433550297654;4.101390482053105
295;90;6;4.530383333665831;4.530383333665831;4.38404616836546
296;140;6;4.48743382355069;4.48743382355069;4.552301386483021
297;73;6;4.436943460986591;4.436943460986591;4.563622684293369
298;131;6;5.828895132995154;5.828895132995154;5.682992405590941
299;109;6;3.047198701186799;3.047198701186799;3.417921584476516
300;87;6;5.013514033116792;5.013514033116792;4.681736766395866
301;61;6;5.481095151799155;5.481095151799155;5.116069263917617
302;64;6;5.456896811382296;5.456896811382296;5.124582796967261
303;37;6;6.934590336449841;6.934590336449841;5.869583003573854
304;9;6;10.559956393850923;10.559956393850923;5.421229327523632
305;68;6;2.9782468112741896;2.9782468112741896;2.9611553446594434
306;10;6;12.971197669532376;12.971197669532376;7.127925124490688
307;137;6;5.235833705407989;5.235833705407989;5.1874926242606305
308;124;6;4.623495984420169;4.623495984420169;4.837893496068085
309;83;6;4.214357591020289;4.214357591020289;4.212744609058572
310;89;6;4.654008803031518;4.654008803031518;4.729895530381943
311;88;6;4.914231870598681;4.914231870598681;4.901185748523438
312;142;6;4.502854620574145;4.502854620574145;4.622832100518175
313;66;6;5.637476574954827;5.637476574954827;4.9202561802596385
314;56;6;4.138674788560538;4.138674788560538;4.111285580294941
315;112;6;5.704003311248387;5.704003311248387;5.46948513772188
316;55;6;4.295383362124751;4.295383362124751;3.926186076497946
317;69;6;4.365406151266706;4.365406151266706;4.270521190476726
318;61;6;2.9688376132820813;2.9688376132820813;3.016914147929599
319;13;2;5.752610997101043;5.752610997101043;4.495759272880639
320;131;6;4.518968772516057;4.518968772516057;4.464297096930062
321;130;6;4.495973248879839;4.495973248879839;4.8070312080865305
322;124;6;3.9279069378789444;3.9279069378789444;4.126339906594067
323;37;6;4.099257126089954;4.099257126089954;3.85374827729665
324;134;6;4.005383034833349;4.005383034833349;4.33510835703881
325;34;6;4.820958799846309;4.820958799846309;3.8853519718178524
326;44;6;3.6441209733410345;3.6441209733410345;3.2552236299593735
327;118;6;3.7957284165617793;3.7957284165617793;4.097280052360703
328;150;6;5.814445723481962;5.814445723481962;5.8639682316329775
329;80;6;3.9784877122330995;3.9784877122330995;4.0376582774554794
330;54;6;3.3354159065606948;3.3354159065606948;3.558281732458629
331;120;6;4.72809101232883;4.72809101232883;4.631091275085185
332;61;6;4.754332449037283;4.754332449037283;4.623260964341543
333;3;6;8.999548781195045;8.999548781195045;4.930699252462664
334;99;6;4.235455445876384;4.235455445876384;4.333115894229212
335;95;6;4.805974452493921;4.805974452493921;4.927111524965898
336;38;6;7.26441743777506;7.26441743777506;5.975806936796043
337;73;6;5.595189012192062;5.595189012192062;5.156522481334572
338;132;6;5.265417971259867;5.265417971259867;4.994687062823334
339;5;6;10.834159097062239;10.834159097062239;6.148985549307332
340;106;6;3.7687695212100345;3.7687695212100345;4.079657133662387
341;137;6;4.895424786347961;4.895424786347961;4.9692813942669884
342;153;6;4.541164364290826;4.541164364290826;4.508340421715401
343;122;6;4.182733273424134;4.182733273424134;4.346515091977028
344;79;6;4.290428933334869;4.290428933334869;4.2928189184321415
345;16;6;8.063018220111267;8.063018220111267;5.919908778020419
346;128;6;4.265466900361162;4.265466900361162;4.291170209386358
347;50;6;4.496761070218845;4.496761070218845;4.200548647407553
348;217;6;4.081442505687091;4.081442505687091;4.3027235542731574
349;57;6;5.58315088330465;5.58315088330465;5.298653246721317
350;144;6;5.971778154327846;5.971778154327846;5.652874215928233
351;138;6;4.595515373667071;4.595515373667071;4.6441844490096
352;79;6;6.5025006859805945;6.5025006859805945;5.715846756926446
353;52;6;5.799113303357273;5.799113303357273;5.469529278311335
354;69;6;3.6165702760744165;3.6165702760744165;3.6433604127821546
355;145;6;4.855818153020326;4.855818153020326;4.948917652408959
356;100;6;4.79828420380927;4.79828420380927;4.893961369863189
357;102;6;3.881917286174261;3.881917286174261;4.012702051190605
358;35;6;6.602824895650428;6.602824895650428;5.8332565609578255
359;117;6;5.050391151294575;5.050391151294575;5.184041748988328
360;25;6;5.610356436948431;5.610356436948431;4.586803674903265
361;116;6;5.373461775856651;5.373461775856651;5.334497466422419
362;74;6;4.161523183643127;4.161523183643127;4.235760776568347
363;30;6;5.388096626138926;5.388096626138926;4.172349704503171
364;103;6;4.2942807080807475;4.2942807080807475;4.466991036865735
365;97;6;5.021937537359299;5.021937537359299;4.924718636406542
366;99;6;4.522220558604705;4.522220558604705;4.436738087823077
367;33;6;4.801132728083065;4.801132728083065;4.230444834865861
368;89;6;4.0596705431595455;4.0596705431595455;4.340035853757702
369;135;6;4.190127208945367;4.190127208945367;4.24327608069056
370;169;6;3.6305410341521505;3.6305410341521505;4.031694086525295
371;139;6;4.3651386372389185;4.3651386372389185;4.572977314954708
372;128;6;3.3722066362033885;3.3722066362033885;3.6632502969281497
373;82;6;5.722720761477314;5.722720761477314;5.328048737164783
374;109;6;4.845736291473565;4.845736291473565;4.5735661697291174
375;36;6;5.729357294278929;5.729357294278929;4.966521960277271
376;26;6;5.795028995769705;5.795028995769705;4.70331040634724
377;32;6;6.521865098926982;6.521865098926982;5.197821034908176
378;40;6;6.03824527736393;6.03824527736393;5.197382578364737
379;64;6;4.734711493367776;4.734711493367776;4.400448387098881
380;116;6;4.360907881713335;4.360907881713335;4.601311712266139
381;123;6;4.70164836679568;4.70164836679568;4.885850849106011
382;125;6;4.880343210150335;4.880343210150335;4.841796611268928
383;86;6;3.918966680645536;3.918966680645536;4.009207372798643
384;99;6;4.098967892071898;4.098967892071898;4.293202571036611
385;79;6;4.364796075486589;4.364796075486589;4.591649673280716
386;94;6;4.3415623445845135;4.3415623445845135;4.599115675585536
387;79;6;5.531908572207784;5.531908572207784;5.320503569155537
388;67;6;5.695064438897411;5.695064438897411;5.44882682135224
389;57;6;5.389509362791255;5.389509362791255;5.014663870988069
390;64;6;4.547745265159156;4.547745265159156;4.3624666461790875
391;72;6;4.725818902212993;4.725818902212993;4.546870482146588
392;15;6;5.691400283058864;5.691400283058864;4.959104579390623
393;25;6;5.329443997376006;5.329443997376006;4.495629698539257
394;43;6;4.763237136273701;4.763237136273701;4.368750966094485
395;13;6;14.963685006627049;14.963685006627049;7.920323770801818
396;48;6;5.1044242345642274;5.1044242345642274;4.6743075768988405
397;110;6;5.083379342119366;5.083379342119366;5.0625858972800035
398;92;6;6.080690302451864;6.080690302451864;5.682670467658582
399;97;6;3.2950453179395183;3.2950453179395183;3.266462347807996
400;77;6;5.112121821426096;5.112121821426096;4.660048655924054
401;81;6;6.191607100647042;6.191607100647042;5.832425081978005
402;81;6;3.22497610112711;3.22497610112711;3.3417652463439858
403;67;6;5.205246062230999;5.205246062230999;4.774357125468644
404;123;6;3.7347436677129595;3.7347436677129595;4.04201933321319
405;58;6;5.819815957648713;5.819815957648713;5.3303633981337954
406;80;6;0.0;0.0;4.763709347842149
407;80;6;0.0;0.0;4.763709347842149
408;35;6;0.0;0.0;4.425747498174796
409;36;6;0.0;0.0;4.425747498174796
410;82;6;4.963489008118742;4.963489008118742;4.968186411346327
411;67;6;5.040717241388079;5.040717241388079;4.690797158121699
412;63;6;4.529594701671249;4.529594701671249;4.578107352686771
413;128;6;4.577442801948709;4.577442801948709;4.656766853146476
414;37;6;5.072114212161511;5.072114212161511;4.942770331399968
415;35;6;5.05008079380135;5.05008079380135;4.797931667946213
416;28;6;5.922974480096219;5.922974480096219;5.044490204336767
417;153;6;0.0;0.0;5.191296562646743
418;112;6;4.304472617559779;4.304472617559779;4.315684289731747
419;155;6;0.0;0.0;5.191296562646743
420;104;6;3.7219824211388004;3.7219824211388004;4.108833142203142
421;17;6;7.63945815187024;7.63945815187024;5.865910446438538
422;112;6;4.254221279948942;4.254221279948942;4.256300338155418
423;37;6;4.227794486980639;4.227794486980639;4.0353631665123935
424;21;6;0.0;0.0;3.255559385190226
425;87;6;4.736046862966514;4.736046862966514;4.773048643435742
426;64;6;3.462776394096793;3.462776394096793;3.6814057846483794
427;104;6;4.351321299800921;4.351321299800921;4.4181873864891426
428;134;6;4.644272166013264;4.644272166013264;4.604918316703331
429;124;6;3.6663600123913325;3.6663600123913325;3.8416079927015465
430;106;6;4.036599150186113;4.036599150186113;4.218222130588961
431;58;6;4.045148016700341;4.045148016700341;4.031084377405117
432;73;6;2.633712030916378;2.633712030916378;2.9130438604857165
433;33;6;3.7159507844419117;3.7159507844419117;3.1049347079626117
434;63;6;4.020223073653799;4.020223073653799;4.157261060705961
435;114;6;0.0;0.0;4.465893274004162
436;113;6;0.0;0.0;4.465893274004162
437;93;6;4.4342579712077725;4.4342579712077725;4.757450856473818
438;97;6;4.650633437846404;4.650633437846404;4.9002802855654055
439;52;6;3.729461950098654;3.729461950098654;3.5108028750449245
440;68;6;5.788993489982231;5.788993489982231;5.387092604269211
441;139;6;5.701956506579686;5.701956506579686;5.637500158126227
442;58;6;3.9343522200580403;3.9343522200580403;4.023483459764944
443;64;6;4.349823447008916;4.349823447008916;4.331809840283959
444;61;6;3.1778508769357647;3.1778508769357647;3.4140070063086267
445;82;6;3.681761562018334;3.681761562018334;3.8448772345988282
446;88;6;4.511223415980413;4.511223415980413;4.44460435692897
447;67;6;0.0;0.0;3.7632419613532195
448;66;6;0.0;0.0;3.7632419613532195
449;96;6;3.632522507323598;3.632522507323598;3.8578198846634444
450;95;6;5.209117023319135;5.209117023319135;5.143858048243019
451;156;6;3.3554380491353624;3.3554380491353624;3.5850347035068397
452;84;6;2.822583209853398;2.822583209853398;3.106029716027916
453;89;6;4.871357814347364;4.871357814347364;4.734405075881305
454;161;6;2.9440170423505343;2.9440170423505343;3.2501040587832404
455;149;6;3.3325575956472684;3.3325575956472684;3.6018459889808807
456;207;6;3.9642432427283953;3.9642432427283953;4.584878438954436
457;132;6;3.4719497925429255;3.4719497925429255;3.759736001318703
458;45;6;2.979519762337079;2.979519762337079;2.8128240705698278
459;61;6;3.596589354825904;3.596589354825904;3.5226865366783766
460;78;6;5.640343209473961;5.640343209473961;5.323762948549528
461;86;6;4.631428576003934;4.631428576003934;4.6056287337867055
462;130;6;4.698125683329898;4.698125683329898;4.86359636901527
463;6;6;8.55369316259794;8.55369316259794;5.136505193446564
464;67;6;5.29667585116521;5.29667585116521;4.806876333354502
465;100;6;4.826456499684971;4.826456499684971;4.920220414506451
466;85;6;5.568616728199729;5.568616728199729;5.333509954033974
467;85;6;5.473893335648452;5.473893335648452;5.234678144750466
468;78;6;6.372866324242827;6.372866324242827;6.042441360561178
469;135;6;5.8610385307228485;5.8610385307228485;5.6741333565474035
470;1;6;9.464368380803094;9.464368380803094;4.809671822208918
471;107;6;5.679043256369098;5.679043256369098;5.533549212437361
472;130;6;3.120083731643353;3.120083731643353;3.722437745210136
473;58;6;5.120454198785872;5.120454198785872;4.8614691620790875
474;45;6;5.89706597449733;5.89706597449733;5.409658900086612
475;5;6;8.328385417853836;8.328385417853836;4.63868509599854
476;63;6;5.287935372122363;5.287935372122363;4.861886255854615
477;44;6;6.224304494282416;6.224304494282416;5.450832138223737
478;93;6;4.401976590938918;4.401976590938918;4.674240002190869
479;115;6;4.305723354992711;4.305723354992711;4.314673072788315
480;63;6;3.3264645017051726;3.3264645017051726;3.5625384497651424
481;90;6;5.060393357901545;5.060393357901545;4.941065917072241
482;101;6;5.874883676460091;5.874883676460091;5.375716602740677
483;75;6;3.5982596271429803;3.5982596271429803;3.5873014264943857
484;92;6;4.504703518188673;4.504703518188673;4.449484847351047
485;46;6;5.332553834424873;5.332553834424873;5.330560322177748
486;38;6;5.091977407688078;5.091977407688078;4.524723451266638
487;47;6;7.321604131217031;7.321604131217031;6.191187476233501
488;10;6;13.863455112863216;13.863455112863216;5.514462872981182
489;55;6;5.320579948133326;5.320579948133326;5.086919861319199
490;105;6;6.0190783469375715;6.0190783469375715;5.803738045156307
491;45;6;6.2989160427712525;6.2989160427712525;5.435167460062077
492;117;6;3.888520165946959;3.888520165946959;3.8822452070264086
493;163;6;3.5738227351463996;3.5738227351463996;3.780804411846524
494;56;6;6.3472307505074275;6.3472307505074275;5.31545387674359
495;88;6;3.4615733900873917;3.4615733900873917;3.5977136983363467
496;65;6;3.5116096759855733;3.5116096759855733;3.3733348809947707
497;89;6;5.598823936634712;5.598823936634712;5.363235900219982
498;103;6;6.495054861953779;6.495054861953779;5.95431872612552
499;145;6;4.215795186258898;4.215795186258898;4.413384599840604
500;11;5;23.110873632501185;23.110873632501185;7.306728589034317
501;9;6;5.063044122345415;5.063044122345415;2.5898742508756945
502;107;6;5.31149163173023;5.31149163173023;4.899980594418215
503;16;6;5.405743690503767;5.405743690503767;3.501145779588663
504;42;6;4.069787433386216;4.069787433386216;4.014316474622065
505;20;6;5.552661434146109;5.552661434146109;3.951519820971635
506;6;7;10.66296895423375;10.66296895423375;4.303018316363526
507;41;6;4.488614229805935;4.488614229805935;4.028296168220917
508;34;6;3.5116416373331876;3.5116416373331876;2.9033372220061446
509;129;6;5.241929433852717;5.241929433852717;5.15906246342835
510;137;6;3.8110987827418175;3.8110987827418175;3.9953699297036285
511;104;6;3.725130554830515;3.725130554830515;3.952682560012902
512;74;6;4.275196124486249;4.275196124486249;4.183594323573801
513;45;6;5.949691807077358;5.949691807077358;5.456988281055277
514;19;6;5.949728269157399;5.949728269157399;4.089176146736818
515;109;6;5.083890479740137;5.083890479740137;5.0813163454111425
516;125;6;4.596949313524106;4.596949313524106;4.798674017781475
517;117;6;3.641326716890735;3.641326716890735;3.897599628309766
518;91;6;3.974469428220704;3.974469428220704;3.98144081433376
519;116;6;6.2144220806225645;6.2144220806225645;5.838133785762938
520;92;6;2.710422566547459;2.710422566547459;2.9736561666249175
521;33;6;5.15183035090234;5.15183035090234;4.669727098703969
522;125;6;4.933739602662977;4.933739602662977;4.92217486436414
523;103;6;5.606490347660642;5.606490347660642;5.278531902706859
524;113;6;4.681949556177249;4.681949556177249;4.5998714717220714
525;84;6;4.3261971181546155;4.3261971181546155;4.4719507056964
526;114;6;4.204822020186251;4.204822020186251;4.509032675189286
527;94;6;4.69444888531822;4.69444888531822;4.605519068843051
528;34;6;5.400165477780931;5.400165477780931;4.027464917334026
529;131;6;4.634200650222323;4.634200650222323;4.6793020728994605
530;144;6;3.3688315076013704;3.3688315076013704;3.6122967413155957
531;8;6;6.5750840356812015;6.5750840356812015;4.613135175263792
532;171;6;3.4992301539058364;3.4992301539058364;3.7350175954187006
533;32;6;3.305977472497882;3.305977472497882;3.225370064361848
534;164;6;5.035730554612968;5.035730554612968;4.843366922744585
535;115;6;3.281268334620201;3.281268334620201;3.445904229582337
536;72;6;5.88471694035041;5.88471694035041;5.269599253080124
537;38;6;5.07728589996316;5.07728589996316;4.357627187192717
538;15;6;7.99632040510938;7.99632040510938;5.676488298546864
539;28;6;6.376324815634545;6.376324815634545;5.106101868359317
540;48;6;4.856029299531023;4.856029299531023;4.541791788329648
541;73;6;3.327197135161694;3.327197135161694;3.867213206002107
542;166;6;4.1768914355034745;4.1768914355034745;4.468229510719856
543;102;6;4.621299231553824;4.621299231553824;4.8544057761317045
544;74;6;3.3053282009780816;3.3053282009780816;3.83319010698686
545;124;6;4.629557799898854;4.629557799898854;4.999960484502799
546;157;6;4.216400619526782;4.216400619526782;4.371536191570012
547;63;6;3.0840858607453976;3.0840858607453976;3.1835928841694976
548;158;6;3.5095565404388607;3.5095565404388607;3.695762465371923
549;118;6;3.615143079597505;3.615143079597505;3.924260825325737
550;114;6;5.23468822064752;5.23468822064752;5.208502018604923
551;65;6;5.320766426965482;5.320766426965482;4.857551170063445
552;96;6;5.286925122366807;5.286925122366807;4.864826615235603
553;2;6;13.955764566469224;13.955764566469224;4.984257588034816
554;45;6;5.343749759524593;5.343749759524593;4.775365356703969
555;83;6;4.1740742982002095;4.1740742982002095;4.404735670202382
556;87;6;3.9578562617322213;3.9578562617322213;4.096509810286428
557;125;6;3.217338303851174;3.217338303851174;3.5319277277529393
558;14;2;5.3785850391329735;5.3785850391329735;4.951695795182354
559;109;6;4.184993791966517;4.184993791966517;4.077742473878445
560;84;6;4.223123352162779;4.223123352162779;4.305767139577241
561;96;6;3.6831136318556457;3.6831136318556457;4.004373573524994
562;142;6;4.270208829413185;4.270208829413185;4.3211930666357015
563;100;6;4.953690631285578;4.953690631285578;5.026846209671279
564;105;6;4.4499214177223925;4.4499214177223925;4.658088543497636
565;129;6;4.293633154665809;4.293633154665809;4.39924062125175
566;81;6;3.550782594094733;3.550782594094733;3.5941393345769805
567;90;6;4.982733684304283;4.982733684304283;4.950073006767518
568;96;6;4.746509337941409;4.746509337941409;4.428610758485521
569;77;6;3.8468161950211766;3.8468161950211766;4.034125705065883
570;117;6;4.534498488636138;4.534498488636138;4.669447691736977
571;58;6;6.59015197828884;6.59015197828884;6.108697837177741
572;76;6;5.243421931428699;5.243421931428699;4.944925868949736
573;134;6;4.339480903390515;4.339480903390515;4.634739050949977
574;80;6;3.7667239252345173;3.7667239252345173;3.8997329664811176
575;5;6;7.570977011810432;7.570977011810432;4.93654990877294
576;91;6;4.444922302297088;4.444922302297088;4.593516493431404
577;75;6;4.977887738607132;4.977887738607132;4.881726675193599
578;81;6;4.824816294373115;4.824816294373115;4.620898117063061
579;61;6;3.0763113411582617;3.0763113411582617;2.997140369456438
580;107;6;2.8097636442038776;2.8097636442038776;2.989746126580312
581;49;6;3.535519308377329;3.535519308377329;3.371003978910505
582;69;6;3.5789764544933518;3.5789764544933518;3.700748489621222
583;79;6;5.885505676213919;5.885505676213919;5.231976761970721
584;170;6;4.890534242473931;4.890534242473931;5.027017387130579
585;80;6;4.775374711283676;4.775374711283676;4.73920391743758
586;56;6;6.516693839240861;6.516693839240861;5.89264727711308
587;18;6;4.725713111086139;4.725713111086139;4.279096584321295
588;127;6;4.665216045336914;4.665216045336914;4.7810761089367215
589;20;6;5.585037336323346;5.585037336323346;3.781964394480059
590;72;6;5.299951178767802;5.299951178767802;5.025753734439538
591;64;6;4.81311749653132;4.81311749653132;4.737637257291102
592;14;1;4.479334381139823;4.479334381139823;4.97066001136667
593;25;6;6.374974000870015;6.374974000870015;5.247601071082084
594;63;6;4.609065703846288;4.609065703846288;4.5824719084276415
595;32;6;5.017352772929653;5.017352772929653;4.094046294763445
596;54;6;6.033412945541995;6.033412945541995;5.37850217276023
597;54;6;4.965941858883175;4.965941858883175;5.012688346763955
598;12;6;4.567053531406662;4.567053531406662;2.9283788526310963
599;121;6;5.011686768759515;5.011686768759515;5.061896028064763
600;58;6;5.4924043494693615;5.4924043494693615;5.024355413805919
601;86;6;3.788414218922309;3.788414218922309;3.8905152566180794
602;72;6;4.633099607436273;4.633099607436273;4.68435369913761
603;120;6;5.276094374810889;5.276094374810889;5.158040973284445
604;114;6;5.586455535831225;5.586455535831225;5.654521609150762
605;24;6;6.954609543432087;6.954609543432087;5.218126119979793
606;119;6;4.09452900073842;4.09452900073842;4.151014079630381
607;70;6;2.9091089690060965;2.9091089690060965;3.117138963749018
608;71;6;4.915773147806455;4.915773147806455;4.783849293741992
609;14;3;5.570229414330216;5.570229414330216;4.732783832772968
610;70;6;4.547039172407476;4.547039172407476;4.36109582756754
611;57;6;5.352642937664612;5.352642937664612;4.657019448078777
612;114;6;4.580414131915322;4.580414131915322;4.545725329819417
613;42;6;8.351529233374889;8.351529233374889;6.876838182660467
614;15;6;7.336581261397218;7.336581261397218;5.458467081815018
615;52;6;7.097321306376557;7.097321306376557;6.139341651584271
616;20;6;6.240894732090976;6.240894732090976;4.93051100327539
617;80;6;5.245150703942735;5.245150703942735;4.908615806366849
618;82;6;4.400219908689747;4.400219908689747;4.751136776918366
619;101;6;3.8021155727538245;3.8021155727538245;3.996758398990273
620;87;6;3.9923333795976084;3.9923333795976084;3.8787672656290724
621;91;6;4.033027131995114;4.033027131995114;4.312958284445642
622;67;6;5.0109272579139175;5.0109272579139175;5.058279862065415
623;90;6;3.9328030036442194;3.9328030036442194;4.207203086610091
624;88;6;3.4349299762583363;3.4349299762583363;3.4902005610698024
625;73;6;4.894384065862758;4.894384065862758;4.690111590316874
626;125;6;3.616057799799079;3.616057799799079;3.7500424494049542
627;80;6;3.607887270126773;3.607887270126773;3.5574982012759246
628;71;6;4.182316544453189;4.182316544453189;4.307786307897561
629;129;6;4.192184665698579;4.192184665698579;4.047181445564303
630;87;6;4.324921664519669;4.324921664519669;4.3193945100455124
631;62;6;4.0077651851707286;4.0077651851707286;3.6992886448426345
632;85;6;3.4359389088348045;3.4359389088348045;3.5853160736231904
633;34;6;4.092433948307719;4.092433948307719;3.8664967694554075
634;89;6;3.2666754507734046;3.2666754507734046;3.5148586891113474
635;84;6;7.1977082460813575;7.1977082460813575;6.277038720180747
636;87;6;5.051947382253525;5.051947382253525;4.797182127400606
637;110;6;3.783153323297838;3.783153323297838;3.7037282301636805
638;93;6;5.094113447688352;5.094113447688352;5.117610132376642
639;95;6;4.815268666618522;4.815268666618522;5.026214973698406
640;78;6;4.304268886042171;4.304268886042171;4.350322320858558
641;99;6;2.8992277495716827;2.8992277495716827;3.10464619507055
642;166;6;3.604662734805768;3.604662734805768;3.8302602215566663
643;39;6;6.85751129776888;6.85751129776888;5.755283051359714
644;53;6;8.143726415116353;8.143726415116353;6.803305106071858
645;63;6;4.6018818452688075;4.6018818452688075;4.255045673988829
646;124;6;4.624545063221299;4.624545063221299;4.887674515407615
647;147;6;4.346354992368767;4.346354992368767;4.383290145751783
648;55;6;3.694838674020015;3.694838674020015;3.533564419234386
649;95;6;3.136397599615117;3.136397599615117;3.319918319372399
650;69;6;3.72719469236062;3.72719469236062;3.886152383435781
651;134;6;4.253375054680351;4.253375054680351;4.266792505263237
652;68;6;3.225056509976206;3.225056509976206;3.2486195459452776
653;113;6;3.689388170300988;3.689388170300988;4.389972033482418
654;73;6;6.61377304357495;6.61377304357495;6.094090684603737
655;99;6;4.821418566374688;4.821418566374688;4.901187216029517
656;113;6;4.971638976308802;4.971638976308802;4.980565286666441
657;138;6;3.9513215843988383;3.9513215843988383;4.034886570198173
658;42;6;5.715445138344977;5.715445138344977;5.0989911972149455
659;12;5;12.32921870896887;12.32921870896887;7.353885037530863
660;193;6;5.027673656502236;5.027673656502236;5.178428928966508
661;27;6;7.521429135884624;7.521429135884624;5.975963318286389
662;72;6;5.663624068280328;5.663624068280328;5.374283127106964
663;95;6;4.033207858197842;4.033207858197842;4.258300714131678
664;56;6;3.6839233592933893;3.6839233592933893;3.565122486502021
665;69;6;3.932570245350088;3.932570245350088;4.035092311751881
666;88;6;4.1289595849438685;4.1289595849438685;4.395186960231331
667;24;6;6.869738580204637;6.869738580204637;5.369391160894415
668;50;6;4.938181258933025;4.938181258933025;4.487701108997069
669;144;6;3.8860685707659623;3.8860685707659623;4.060041943047948
670;125;6;3.182485737317574;3.182485737317574;3.471075452867434
671;113;6;5.043562334127841;5.043562334127841;4.876197414485204
672;75;6;5.795772384288141;5.795772384288141;5.521973831495131
673;125;6;5.000149430091537;5.000149430091537;5.221607387677331
674;62;6;5.745070482256613;5.745070482256613;5.26769979514326
675;64;6;4.90748503595529;4.90748503595529;4.219428802600053
676;54;6;5.4201395016620015;5.4201395016620015;4.915189243902086
677;41;6;6.489985940126557;6.489985940126557;6.202235124246975
678;58;6;6.05899539672828;6.05899539672828;5.641003405201865
679;122;6;3.853449319090359;3.853449319090359;3.7964805905260155
680;99;6;3.732307759502406;3.732307759502406;3.6498168785142773
681;81;6;4.551849681611771;4.551849681611771;4.588820539700191
682;41;6;6.188132625062132;6.188132625062132;5.529896323380104
683;49;6;6.728218607988582;6.728218607988582;5.664338086715403
684;6;6;6.738333471815478;6.738333471815478;4.001284685632003
685;117;6;6.208096862047056;6.208096862047056;6.0294817162952015
686;43;6;5.567962043315107;5.567962043315107;5.170607264767185
687;89;6;5.408394835761055;5.408394835761055;5.247414055460912
688;100;6;4.911898881467247;4.911898881467247;4.670187787369676
689;195;6;3.570537683825482;3.570537683825482;3.926218790399001
690;122;6;5.561135449574721;5.561135449574721;5.624010373514136
691;50;6;5.547180691423318;5.547180691423318;4.905640473952219
692;36;6;3.2212403344462444;3.2212403344462444;3.015054048546159
693;33;6;6.419449171688164;6.419449171688164;5.153353643484392
694;84;6;4.295868321508381;4.295868321508381;4.144961803372333
695;8;6;7.541240998249114;7.541240998249114;4.715688901902962
696;29;6;6.888969652776536;6.888969652776536;5.353598409558838
697;85;6;4.670904264454071;4.670904264454071;4.685131482562837
698;89;6;6.896491276681241;6.896491276681241;6.132716473691985
699;113;6;4.001897859668962;4.001897859668962;4.114160285686806
700;75;6;4.775946406121074;4.775946406121074;4.687442430460686
701;59;6;5.658515222460851;5.658515222460851;4.817587095852849
702;26;6;5.070662089587487;5.070662089587487;4.638751054238005
703;14;6;6.084149323626634;6.084149323626634;4.572201446338253
704;34;6;7.479079257851503;7.479079257851503;5.69374965628842
705;89;6;5.206747264912785;5.206747264912785;5.0870332529942175
706;35;6;5.4984734512448865;5.4984734512448865;4.621859782442052
707;11;4;14.810229735506285;14.810229735506285;5.556859391586738
708;19;6;7.117842568007466;7.117842568007466;5.09054472830555
709;71;6;5.388792124406014;5.388792124406014;5.2581131342421115
710;54;6;4.709018854035562;4.709018854035562;4.301473550452425
711;55;6;5.1631390845714575;5.1631390845714575;4.701403459907397
712;34;6;6.693970701470299;6.693970701470299;5.4384336010449985
713;132;6;4.950180133810382;4.950180133810382;5.0715833225788245
714;35;6;6.069682444767541;6.069682444767541;5.221599717729491
715;144;6;4.006493459497119;4.006493459497119;4.066414159901081
716;49;6;3.239762864627472;3.239762864627472;3.235122466296592
717;79;6;3.5230186852755203;3.5230186852755203;3.648193238461507
718;44;6;5.085913268364734;5.085913268364734;4.451911894794104
719;121;6;3.38015262999144;3.38015262999144;3.5449861911513247
720;14;2;6.2267933102352435;6.2267933102352435;4.790743424768233
721;77;6;4.460136518183903;4.460136518183903;4.365838128257999
722;9;6;7.520415112069936;7.520415112069936;5.06297874662661
723;104;6;5.624187894611451;5.624187894611451;5.39020930898451
724;125;6;4.491696485258519;4.491696485258519;4.63317877688252
725;186;6;4.863190598877298;4.863190598877298;4.880533574088544
726;103;6;5.603627810532192;5.603627810532192;5.510178267933124
727;52;6;5.750813053291348;5.750813053291348;4.725087525726107
728;138;6;4.208090553007595;4.208090553007595;4.383402690002737
729;46;6;4.813690551347761;4.813690551347761;4.5802360550648755
730;67;6;5.128465498592167;5.128465498592167;5.045468889414496
731;126;6;3.609413827997075;3.609413827997075;3.7679289082835052
732;55;6;2.7038978791270507;2.7038978791270507;2.857933288392183
733;138;6;4.019063412272602;4.019063412272602;4.254278525752516
734;140;6;4.314094347285082;4.314094347285082;4.669906208697594
735;134;6;4.820208323864044;4.820208323864044;4.649270344235461
736;194;6;3.6330078540627846;3.6330078540627846;3.9077430590458344
737;82;6;3.8278848689548686;3.8278848689548686;4.015338089073788
738;80;6;4.63592628470488;4.63592628470488;4.633760932709391
739;10;6;9.909072072549908;9.909072072549908;5.021489048592637
740;102;6;5.45850262977799;5.45850262977799;5.277034382798752
741;49;6;7.087537339440404;7.087537339440404;5.668176376248016
742;68;6;5.217133453229955;5.217133453229955;5.01315254110382
743;101;6;4.4406590415989555;4.4406590415989555;4.3405748219996205
744;66;6;4.356718146675113;4.356718146675113;4.212357427727102
745;37;6;4.170882242173839;4.170882242173839;3.4825325743225743
746;23;6;5.101910125793203;5.101910125793203;4.120973150560938
747;139;6;3.583340720057054;3.583340720057054;3.791442334212762
748;54;6;3.9202406634905516;3.9202406634905516;3.6167102410468845
749;87;6;4.602316289493434;4.602316289493434;4.577020066518284
750;122;6;3.1447058034186384;3.1447058034186384;3.4438113601310048
751;34;6;7.23521421742436;7.23521421742436;5.754868579665002
752;54;6;5.607440123794719;5.607440123794719;4.826775336937753
753;126;6;4.019856388872868;4.019856388872868;4.120590500849327
754;108;6;4.687284357650421;4.687284357650421;4.544405830828324
755;27;6;7.090849415405359;7.090849415405359;5.738372819103372
756;82;6;5.900281919035958;5.900281919035958;5.595374451717134
757;56;6;4.604586169559722;4.604586169559722;4.332841734821854
758;110;6;4.105865452060619;4.105865452060619;4.310736831163627
759;14;2;12.899435181117854;12.899435181117854;6.057751120480214
760;77;6;4.707414460137974;4.707414460137974;4.278386568152834
761;71;6;6.336365486861467;6.336365486861467;5.703720759101093
762;188;6;4.88249729627814;4.88249729627814;4.927367646973912
763;67;6;5.337950524912249;5.337950524912249;5.017351354339678
764;11;5;11.571603609820592;11.571603609820592;6.815091302229861
765;49;6;5.833336718482918;5.833336718482918;5.406310326643928
766;68;6;6.220933120393916;6.220933120393916;5.43337587501417
767;191;6;5.056109286031998;5.056109286031998;5.2124039283300405
768;91;6;4.414629519345388;4.414629519345388;4.34186555169669
769;135;6;4.076309046906094;4.076309046906094;4.295861021372979
770;61;6;4.5831167004819875;4.5831167004819875;4.266636509185884
771;114;6;4.4705245556604725;4.4705245556604725;4.529434676904388
772;125;6;3.3104126475276736;3.3104126475276736;3.877938263985296
773;125;6;3.227314641507922;3.227314641507922;3.7642103462376726
774;72;6;4.0150915559736005;4.0150915559736005;4.225687607481624
775;127;6;2.9858010997513884;2.9858010997513884;3.357731022470332
776;201;6;5.453428952791524;5.453428952791524;5.4501041249778615
777;108;6;2.9916768220015704;2.9916768220015704;3.3508759955336163
778;5;6;7.518665400985306;7.518665400985306;5.008560165086378
779;122;6;6.041749301433754;6.041749301433754;5.630941739948956
780;110;6;4.6598579592479785;4.6598579592479785;4.723632359999266
781;111;6;3.755488832702198;3.755488832702198;3.9851931965187375
782;38;6;4.421958866653494;4.421958866653494;4.381807606190339
783;115;6;3.9490225607078617;3.9490225607078617;3.976180775215168
784;50;6;4.89364261377181;4.89364261377181;4.1119043776976065
785;107;6;4.525871676810147;4.525871676810147;4.464059195867686
786;33;6;4.0807010126368874;4.0807010126368874;3.2646119530336515
787;47;6;3.7045232221941404;3.7045232221941404;3.4947753946932347
788;20;6;5.095012137141409;5.095012137141409;4.145052981597866
789;53;6;3.9515586031593015;3.9515586031593015;3.768098592935918
790;115;6;4.644684859576719;4.644684859576719;4.875158582849448
791;135;6;3.162307375439737;3.162307375439737;3.4697038129343873
792;22;6;7.907963120232293;7.907963120232293;6.842530017874456
793;14;6;7.681770881830762;7.681770881830762;5.557089485698627
794;73;6;3.9125032512197992;3.9125032512197992;4.169425163791008
795;140;6;4.626425786078826;4.626425786078826;4.809011049770372
796;14;6;5.532367753888267;5.532367753888267;3.893162904841945
797;17;6;5.016685854309175;5.016685854309175;3.721151222722655
798;42;6;5.964444532315496;5.964444532315496;5.338284555631216
799;77;6;4.260332556165006;4.260332556165006;4.233122591388196
800;102;6;5.66068906655912;5.66068906655912;5.631256371550404
801;119;6;4.115628065425047;4.115628065425047;4.301431069010424
802;50;6;4.484037520551705;4.484037520551705;4.39870191533348
803;151;6;3.595235926099199;3.595235926099199;3.8530000998819474
804;180;6;5.873781055341716;5.873781055341716;5.963319137470754
805;98;6;4.95927001392916;4.95927001392916;4.8964733357287695
806;107;6;4.4970412530567;4.4970412530567;4.433548837155664
807;82;6;4.789739240117657;4.789739240117657;4.7661579492118396
808;27;6;6.841042585453009;6.841042585453009;5.3179057543417
809;122;6;4.4795486843072885;4.4795486843072885;4.459860780393184
810;117;6;4.441097290823635;4.441097290823635;4.630626705910098
811;27;6;5.658967061585888;5.658967061585888;4.893265211330605
812;97;6;4.649577085929745;4.649577085929745;4.61765504419956
813;44;6;5.083424832760058;5.083424832760058;4.551297285785465
814;45;6;5.230328707762001;5.230328707762001;4.709543665750339
815;178;6;4.563725807897499;4.563725807897499;4.721974575825606
816;88;6;4.848351357091701;4.848351357091701;4.546749779289706
817;107;6;4.151438404295716;4.151438404295716;4.205295432488028
818;25;6;7.234908921448809;7.234908921448809;5.569401982645249
819;134;6;4.581823601159582;4.581823601159582;4.5715182505867356
820;87;6;3.225631229115201;3.225631229115201;3.302795948771971
821;87;6;4.533901653516014;4.533901653516014;4.520080025688708
822;75;6;4.257302627331844;4.257302627331844;4.499593948015316
823;133;6;4.134529746410382;4.134529746410382;4.444989504766018
824;128;6;4.351893241042668;4.351893241042668;4.4938911607677055
825;189;6;4.4891199291804975;4.4891199291804975;4.499313436450878
826;61;6;5.570543727621262;5.570543727621262;5.172929006943853
827;126;6;4.136797188576517;4.136797188576517;4.378741491457871
828;108;6;3.403089118301645;3.403089118301645;3.5167413285997866
829;185;6;3.9267952902279215;3.9267952902279215;4.30614067078759
830;79;6;4.692856852002538;4.692856852002538;4.547285281931851
831;68;6;3.6976766684698026;3.6976766684698026;3.7554978874206695
832;89;6;5.669992314986648;5.669992314986648;5.212543980748507
833;119;6;4.566031084671687;4.566031084671687;4.699653054768325
834;48;6;6.72523817699438;6.72523817699438;5.682764810155538
835;32;6;5.45028685352011;5.45028685352011;4.856568356245153
836;25;6;7.015469980443611;7.015469980443611;5.407669055992368
837;77;6;4.259395273631701;4.259395273631701;4.204158856222657
838;62;6;5.262982700279847;5.262982700279847;5.006890182840164
839;115;6;4.153472759995088;4.153472759995088;4.363490485599378
840;122;6;5.100133491590237;5.100133491590237;5.099486464119706
841;6;7;16.29373229352942;16.29373229352942;5.763378486619529
842;112;6;6.043726799381828;6.043726799381828;5.698978776616374
843;33;6;6.580268365867633;6.580268365867633;5.586917922863094
844;92;6;6.417564216382407;6.417564216382407;5.753528702863096
845;172;6;4.024511544681814;4.024511544681814;4.234298678660353
846;51;6;5.013277711022646;5.013277711022646;4.678388838860078
847;124;6;4.712632973828051;4.712632973828051;4.72545086442417
848;108;6;4.566934612668154;4.566934612668154;4.664043901901864
849;104;6;3.6582237665532733;3.6582237665532733;3.816214899522221
850;50;6;4.559334957729624;4.559334957729624;3.951270389973412
851;52;6;5.938886676703859;5.938886676703859;5.064214398270141
852;55;6;3.985460930175249;3.985460930175249;3.7550744391675357
853;79;6;6.033115019830879;6.033115019830879;5.701006427805172
854;43;6;5.468533494010048;5.468533494010048;5.195333915281947
855;62;6;6.00863486566725;6.00863486566725;5.54692431577798
856;21;6;6.813239136730128;6.813239136730128;5.693962814427636
857;146;6;4.16824003318119;4.16824003318119;4.495730608118483
858;98;6;4.82134479740964;4.82134479740964;4.877900034708984
859;105;6;3.091301790104177;3.091301790104177;3.297469211784042
860;122;6;3.3173696542391267;3.3173696542391267;3.6117867257075518
861;18;6;6.566186481146578;6.566186481146578;5.562610012362664
862;62;6;5.001229474242098;5.001229474242098;4.919549362644417
863;125;6;5.0284960959638765;5.0284960959638765;4.87936795948864
864;132;6;5.025655425036566;5.025655425036566;4.869280672594738
865;126;6;4.149010638232384;4.149010638232384;4.2704094561942005
866;70;6;4.560835358498304;4.560835358498304;4.765005283464604
867;125;6;4.194885376741839;4.194885376741839;4.361947233558898
868;72;6;4.428016100624869;4.428016100624869;4.2688297958243435
869;122;6;3.5452993240080217;3.5452993240080217;3.7497796101283773
870;92;6;4.253102319851643;4.253102319851643;4.227411296785744
871;89;6;4.626931356001146;4.626931356001146;4.492748874647511
872;60;6;4.112490187375861;4.112490187375861;4.123053853983255
873;43;6;5.542683117622824;5.542683117622824;4.893788860106994
874;15;6;6.9069029966942175;6.9069029966942175;4.438484739042462
875;37;6;5.07613920058642;5.07613920058642;4.409800871116881
876;89;6;4.113286186904719;4.113286186904719;4.47635715958517
877;114;6;4.386634823770453;4.386634823770453;4.427828430445455
878;163;6;4.697584392905527;4.697584392905527;4.716037244005941
879;127;6;4.462379947050738;4.462379947050738;4.522358272846005
880;199;6;3.6051379797716945;3.6051379797716945;3.8816827400690546
881;16;6;3.938688395919262;3.938688395919262;2.9696694126786696
882;64;6;3.4490307010233305;3.4490307010233305;3.5156569046536004
883;114;6;4.8299450740795615;4.8299450740795615;4.856050807226542
884;124;6;3.7512811478907047;3.7512811478907047;4.008863839043145
885;95;6;6.038922013982247;6.038922013982247;5.986211500166758
886;129;6;5.599758967040573;5.599758967040573;5.5231368108123045
887;77;6;4.539285877685334;4.539285877685334;4.506517264652082
888;83;6;7.152724922553801;7.152724922553801;6.679916897287627
889;96;6;5.090974390433458;5.090974390433458;4.989004931030539
890;52;6;3.859198561221564;3.859198561221564;3.8483379527042314
891;122;6;5.074630481187592;5.074630481187592;5.016958319461719
892;50;6;4.202652463111336;4.202652463111336;3.983519192250288
893;126;6;3.9522028874441952;3.9522028874441952;3.957270616972726
894;103;6;3.796021053294247;3.796021053294247;4.130413379403788
895;103;6;3.581106041329202;3.581106041329202;4.056390208735954
896;65;6;4.150766955662651;4.150766955662651;4.365738927052679
897;68;6;4.900191184542508;4.900191184542508;4.8089723949135745
898;133;6;6.339234766459818;6.339234766459818;6.0472061854084105
899;44;6;4.286511235333009;4.286511235333009;3.718762976813777
900;17;6;7.871231581345664;7.871231581345664;6.262646981909912
901;63;6;5.419145231646877;5.419145231646877;5.01222723008792
902;114;6;3.6971490747810334;3.6971490747810334;3.9467479308501043
903;93;6;5.886626603033259;5.886626603033259;5.457413535016956
904;90;6;3.5284271052670166;3.5284271052670166;3.889568522052013
905;47;6;4.692183430230431;4.692183430230431;4.45868069836049
906;86;6;4.942451718001962;4.942451718001962;4.814845032729319
907;97;6;4.104433945842126;4.104433945842126;4.327095706715167
908;69;6;5.319333221090762;5.319333221090762;5.25224281623672
909;131;6;4.211056515280055;4.211056515280055;4.346651866514558
910;135;6;4.699213997266619;4.699213997266619;4.694892712950174
911;72;6;5.326465862221112;5.326465862221112;5.0910110063616045
912;123;6;4.041228191104798;4.041228191104798;4.2508522369737065
913;54;6;3.893173783164857;3.893173783164857;3.8947094631341455
914;39;6;6.74890996472241;6.74890996472241;5.83357040473873
915;28;6;8.568766148820336;8.568766148820336;7.111586339638913
916;53;6;4.891487442775045;4.891487442775045;4.730761466680318
917;72;6;4.112107727290541;4.112107727290541;4.07976210071776
918;47;6;6.4646734740764895;6.4646734740764895;5.729193266830013
919;153;6;4.582023358740904;4.582023358740904;4.650559028143464
920;146;6;3.342613150941461;3.342613150941461;3.661909426152855
921;140;6;4.531334182222502;4.531334182222502;4.855823860868362
922;41;6;5.024067458040663;5.024067458040663;4.965708342646158
923;25;6;5.875293454327528;5.875293454327528;4.701188617665391
924;97;6;4.768344826232321;4.768344826232321;4.8520283834723354
925;131;6;5.124993767955646;5.124993767955646;5.128908003517106
926;30;6;8.654587484667566;8.654587484667566;6.803878101903409
927;41;6;8.076197848081584;8.076197848081584;6.4725979191076535
928;110;6;3.9035591261523073;3.9035591261523073;4.259003704078234
929;115;6;4.41420256742787;4.41420256742787;4.8333713297465115
930;138;6;4.363231712998711;4.363231712998711;4.624494652481636
931;32;6;0.0;0.0;6.670795462641101
932;32;6;0.0;0.0;6.670795462641101
933;37;6;0.0;0.0;5.484627366861223
934;35;6;0.0;0.0;5.484627366861223
935;36;6;0.0;0.0;5.209101617052032
936;35;6;0.0;0.0;5.209101617052032
937;118;6;5.018746174914464;5.018746174914464;5.005710915586809
938;36;6;5.372005452824845;5.372005452824845;4.463295257160741
939;122;6;5.376070235510612;5.376070235510612;5.386726863123578
940;103;6;4.205311108304139;4.205311108304139;4.162481902846825
941;44;6;6.51008559091069;6.51008559091069;5.922140067054882
942;93;6;4.10816389746215;4.10816389746215;4.228956349883651
943;55;6;4.530007753551034;4.530007753551034;4.460660231473504
944;127;6;4.604308567990097;4.604308567990097;4.824882488888104
945;142;6;4.122694099709801;4.122694099709801;4.343670613359412
946;47;6;4.91074190723238;4.91074190723238;4.580748928154295
947;75;6;4.158663291331843;4.158663291331843;4.083218684855335
948;55;6;4.366772307505244;4.366772307505244;4.257763983879114
949;156;6;4.0279629902510425;4.0279629902510425;4.329756262226167
950;151;6;4.642579000071285;4.642579000071285;4.89170031012467
951;63;6;6.548719854762229;6.548719854762229;5.729324924650028
952;54;6;6.363084138427487;6.363084138427487;5.6237961451323795
953;79;6;5.985809289635012;5.985809289635012;5.751787314340944
954;20;6;6.800149806036837;6.800149806036837;5.090291265047907
955;4;6;9.505701425689715;9.505701425689715;5.822620422260937
956;135;6;4.30279650597568;4.30279650597568;4.510245032800015
957;132;6;5.576774356910002;5.576774356910002;5.429724951803234
958;89;6;5.6512416799546505;5.6512416799546505;5.516799730189635
959;94;6;4.2227065453577755;4.2227065453577755;4.327239746285018
960;77;6;4.489568356615994;4.489568356615994;4.242413293884169
961;40;6;5.62226255360988;5.62226255360988;5.257984715790482
962;18;6;0.0;0.0;4.709040681958932
963;18;6;0.0;0.0;4.709040681958932
964;18;6;0.0;0.0;5.714618445368461
965;18;6;0.0;0.0;5.714618445368461
966;95;6;0.0;0.0;5.115440195141076
967;97;6;0.0;0.0;5.115440195141076
968;73;6;5.831772141945947;5.831772141945947;5.297068776413922
969;110;6;0.0;0.0;5.721352515158019
970;109;6;0.0;0.0;5.721352515158019
971;22;6;8.688424215834928;8.688424215834928;6.40657879104656
972;58;6;5.260864333097381;5.260864333097381;4.831362973412068
973;31;6;7.027270778065198;7.027270778065198;5.781519542926702
974;10;6;0.0;0.0;5.058011051678351
975;10;6;0.0;0.0;5.058011051678351
976;27;6;6.92552736356282;6.92552736356282;5.726835439293655
977;22;6;7.4015873715723295;7.4015873715723295;5.721917701597905
978;95;6;0.0;0.0;4.75000411183509
979;94;6;0.0;0.0;4.75000411183509
980;32;6;4.8712265051090675;4.8712265051090675;4.640865112830027
981;29;6;4.808892188600317;4.808892188600317;4.533870281022539
982;102;6;4.741098564390006;4.741098564390006;4.634534500946466
983;25;6;8.398237190820069;8.398237190820069;6.35452686715517
984;87;6;0.0;0.0;4.8762667296164866
985;87;6;0.0;0.0;4.8762667296164866
986;19;6;0.0;0.0;4.520889858082677
987;19;6;0.0;0.0;4.520889858082677
988;2;6;8.611154951623952;8.611154951623952;3.531159389059452
989;2;6;0.0;0.0;3.312921737129642
990;2;6;0.0;0.0;3.312921737129642
991;52;6;4.648581181717939;4.648581181717939;4.5531154567426055
992;46;6;5.466954823421152;5.466954823421152;5.162604604650716
993;134;6;4.086498408688871;4.086498408688871;4.11179151774888
994;112;6;4.90214052694534;4.90214052694534;4.956550771967407
995;117;6;6.6212748233634535;6.6212748233634535;6.2304763894883815
996;76;6;5.105289468422956;5.105289468422956;4.955922189378582
997;12;6;7.0678285243766945;7.0678285243766945;5.102695932384258
998;8;6;9.060361465254957;9.060361465254957;5.930562538338922
999;11;6;7.208634323910572;7.208634323910572;5.399957404649185
1000;15;6;5.726926785612299;5.726926785612299;4.0346166246670885
1001;84;6;4.766296956102786;4.766296956102786;4.688454395560389
1002;83;6;4.079664262073485;4.079664262073485;4.363511813965549
1003;116;6;5.58688222128377;5.58688222128377;5.435664409986158
1004;130;6;3.469660633168745;3.469660633168745;3.786240828406578
1005;43;6;7.4160829122617;7.4160829122617;6.173288856720416
1006;106;6;0.0;0.0;4.059720251363022
1007;106;6;0.0;0.0;4.059720251363022
1008;60;6;0.0;0.0;5.269478151198095
1009;60;6;0.0;0.0;5.269478151198095
1010;130;6;4.992956396096348;4.992956396096348;5.059980468035355
1011;182;6;0.0;0.0;4.911203425846694
1012;181;6;0.0;0.0;4.911203425846694
1013;56;6;6.4363002221120205;6.4363002221120205;5.863847866776857
1014;96;6;0.0;0.0;4.3632149757369945
1015;95;6;0.0;0.0;4.3632149757369945
1016;53;6;4.1523019115348605;4.1523019115348605;4.214256768842986
1017;51;6;4.362914673020141;4.362914673020141;4.365464493591046
1018;31;6;0.0;0.0;4.329584473921751
1019;30;6;0.0;0.0;4.329584473921751
1020;123;6;5.1310428323051145;5.1310428323051145;5.084924961355604
1021;16;6;7.868596731918859;7.868596731918859;5.682175302690274
1022;26;6;5.794357715498398;5.794357715498398;4.923911015786241
1023;56;6;6.349179814234387;6.349179814234387;5.426567635497676
1024;81;6;0.0;0.0;4.376162244684685
1025;79;6;0.0;0.0;4.376162244684685
1026;42;6;0.0;0.0;5.221132164641696
1027;42;6;0.0;0.0;5.221132164641696
1028;52;6;3.9760908057680817;3.9760908057680817;3.8094934573359938
1029;101;6;4.386888326159529;4.386888326159529;4.527446800667666
1030;61;6;5.8465274221682755;5.8465274221682755;5.301740685257665
1031;136;6;5.18249588714052;5.18249588714052;5.204515807866634
1032;72;6;4.786007632603862;4.786007632603862;4.617397738417742
1033;39;6;6.1108036128902725;6.1108036128902725;5.249093603324375
1034;117;6;5.807332200420983;5.807332200420983;5.631146169538038
1035;45;6;5.723884091708289;5.723884091708289;5.1109412885891325
1036;78;6;2.669057574746107;2.669057574746107;2.8123746022218015
1037;133;6;4.803282700740428;4.803282700740428;4.74754495154443
1038;53;6;3.331680194024747;3.331680194024747;3.459851246748723
1039;1;6;9.659373079400373;9.659373079400373;5.239385659080846
1040;103;6;4.362477490440874;4.362477490440874;4.349088207366682
1041;94;6;3.364288324638132;3.364288324638132;3.5785391856786823
1042;146;6;3.1806331848334706;3.1806331848334706;3.510382173225367
1043;127;6;4.7098919881998595;4.7098919881998595;4.854003143650639
1044;86;6;3.7778157354291766;3.7778157354291766;3.6340206292695374
1045;123;6;3.4932713417788266;3.4932713417788266;3.608844848171278
1046;59;6;4.298122209665087;4.298122209665087;3.9191537838321855
1047;110;6;3.694833808926256;3.694833808926256;3.9222224457605326
1048;126;6;3.705031011518747;3.705031011518747;3.835119253692477
1049;84;6;3.950345377666144;3.950345377666144;4.057257284405798
1050;75;6;4.130488691854668;4.130488691854668;4.214016418451995
1051;111;6;5.260375050093142;5.260375050093142;4.938122106083065
1052;56;6;6.358396954311267;6.358396954311267;5.74470733226919
1053;97;6;4.684364165098657;4.684364165098657;4.711418003549364
1054;154;6;4.401337325461734;4.401337325461734;4.516542583238302
1055;127;6;4.197235964483085;4.197235964483085;4.463733281308869
1056;147;6;5.333106269976913;5.333106269976913;5.448349751796946
1057;132;6;3.4046973574711004;3.4046973574711004;4.029860770580715
1058;12;5;11.555869041359534;11.555869041359534;7.295073783787796
1059;55;6;4.8457305776028265;4.8457305776028265;4.555035995840484
1060;48;6;4.58071570837326;4.58071570837326;4.580364302163449
1061;70;6;6.0299918550621285;6.0299918550621285;5.621556296598217
1062;115;6;4.443743900733705;4.443743900733705;4.4404527252812604
1063;109;6;5.339737341260736;5.339737341260736;5.16626091070638
1064;61;6;4.358565088852807;4.358565088852807;4.376464555435441
1065;163;6;4.168763509615174;4.168763509615174;4.3384830873850415
1066;47;6;5.121096163544398;5.121096163544398;4.923393094097835
1067;59;6;4.843785661842719;4.843785661842719;4.930277125869559
1068;49;6;5.0532688604775275;5.0532688604775275;4.692652500083203
1069;125;6;3.992814448677446;3.992814448677446;4.222615216997285
1070;40;6;3.9506402453474547;3.9506402453474547;3.8659712155601325
1071;134;6;5.625554683154674;5.625554683154674;5.528729022369412
1072;127;6;4.546553133612417;4.546553133612417;4.629328620653429
1073;119;6;5.416563261914237;5.416563261914237;5.307165493316905
1074;44;6;5.297714937463036;5.297714937463036;4.82500943234734
1075;124;6;7.061810063004171;7.061810063004171;6.43576322417737
1076;57;6;3.255048480738761;3.255048480738761;3.2347220109159216
1077;13;5;12.37107488652536;12.37107488652536;6.668999684718368
1078;25;6;6.747022521277728;6.747022521277728;5.328186696502205
1079;14;6;4.146903084138779;4.146903084138779;2.8066335450531867
1080;104;6;6.15532842137108;6.15532842137108;5.915047057153885
1081;69;6;4.538336178477667;4.538336178477667;4.372500638867747
1082;206;6;3.926083209120197;3.926083209120197;4.398795723672223
1083;85;6;4.24193471717062;4.24193471717062;4.545014522236365
1084;73;6;3.947796319887914;3.947796319887914;4.081462530473798
1085;75;6;4.4107539628254;4.4107539628254;4.138725165119851
1086;119;6;3.7380120483331916;3.7380120483331916;4.371055053269226
1087;133;6;3.43659198321052;3.43659198321052;3.672087550740829
1088;147;6;3.408345475647864;3.408345475647864;3.6773919978651404
1089;71;6;4.166146124822923;4.166146124822923;4.172344473343417
1090;27;6;4.370902795018408;4.370902795018408;3.369553187379985
1091;159;6;3.9734297343896974;3.9734297343896974;4.155451691291012
1092;129;6;5.8888804830651456;5.8888804830651456;5.723772890532063
1093;85;6;4.24290277307984;4.24290277307984;4.246178388765355
1094;100;6;4.413612503417015;4.413612503417015;4.5014025783907625
1095;104;6;4.746233839696478;4.746233839696478;4.581746760683048
1096;59;6;6.545905918845957;6.545905918845957;5.644815629442989
1097;127;6;4.847418172583852;4.847418172583852;4.774724640294765
1098;105;6;5.051016723352336;5.051016723352336;5.111030323808709
1099;127;6;4.569407639457274;4.569407639457274;4.8547804067057
1100;93;6;6.025496533149127;6.025496533149127;5.9015207947870065
1101;54;6;4.3256911576059505;4.3256911576059505;4.343802726627571
1102;39;6;5.195106459600699;5.195106459600699;4.805445512624088
1103;87;6;6.00407222165762;6.00407222165762;5.808451258745782
1104;47;6;3.6905397205579105;3.6905397205579105;3.73600564242438
1105;27;6;3.641310423679093;3.641310423679093;3.0588748492188746
1106;36;6;8.666708760414114;8.666708760414114;6.844553216313493
1107;108;6;3.798855690231824;3.798855690231824;3.884953717496031
1108;40;6;5.591889016387918;5.591889016387918;5.3792634227224525
1109;6;6;6.967932686755832;6.967932686755832;4.18006097027238
1110;12;6;6.118609961048917;6.118609961048917;4.792187738501122
1111;57;6;5.106282133548232;5.106282133548232;4.94874975214172
1112;73;6;4.430520056730405;4.430520056730405;4.351430422607461
1113;24;6;4.172746608091819;4.172746608091819;3.8390632715668835
1114;33;6;4.1449451715546175;4.1449451715546175;3.688867964407579
1115;46;6;4.982023773266767;4.982023773266767;4.806288195306742
1116;31;6;4.34690062305058;4.34690062305058;3.945957048033461
1117;147;6;4.3902996736600315;4.3902996736600315;4.56553309055082
1118;66;6;5.018145903323371;5.018145903323371;4.900289931211674
1119;36;6;3.528980866415737;3.528980866415737;3.2469780859147943
1120;22;6;3.8153243445189147;3.8153243445189147;3.227444528004599
1121;99;6;5.9403879664133505;5.9403879664133505;5.70601225184678
1122;54;6;3.714113635808567;3.714113635808567;3.5803840983484028
1123;92;6;4.032812010227364;4.032812010227364;4.151906826889105
1124;143;6;5.364632650877895;5.364632650877895;5.3876080222921825
1125;3;6;10.399391454486244;10.399391454486244;4.768586098276513
1126;41;6;5.295375327672407;5.295375327672407;4.736537943769597
1127;113;6;5.891424401327143;5.891424401327143;5.6052447214691306
1128;37;6;6.4817911032735305;6.4817911032735305;5.5897136970918
1129;74;6;3.906914163995396;3.906914163995396;4.076302070971855
1130;63;6;6.189428629022496;6.189428629022496;5.78079401408821
1131;64;6;4.320735165271165;4.320735165271165;4.1478096470628945
1132;111;6;4.843139350086397;4.843139350086397;4.716897130283441
1133;86;6;6.285094725825067;6.285094725825067;5.814588427269075
1134;139;6;5.33829466230748;5.33829466230748;5.235615479166792
1135;116;6;5.739356394807834;5.739356394807834;5.479214000880584
1136;22;6;0.0;0.0;5.250795980601869
1137;22;6;0.0;0.0;5.250795980601869
1138;207;6;3.5780203653401985;3.5780203653401985;4.008158856650879
1139;83;6;3.283744322240729;3.283744322240729;3.666237562469894
1140;90;6;5.779090467762302;5.779090467762302;5.425757134968061
1141;110;6;5.430947303895421;5.430947303895421;5.499586610225965
1142;87;6;4.546728461983765;4.546728461983765;4.533419806491747
1143;48;6;5.204891651809803;5.204891651809803;4.540810791469795
1144;116;6;4.544696966297235;4.544696966297235;4.546879184029048
1145;13;2;6.444874080838265;6.444874080838265;4.276492522605046
1146;68;6;4.559040765429231;4.559040765429231;4.433376801313239
1147;92;6;4.76839413520984;4.76839413520984;4.512228351769079
1148;76;6;5.293792807955017;5.293792807955017;5.03565874459894
1149;39;6;5.812729095202767;5.812729095202767;4.854978473386605
1150;114;6;3.988503422833256;3.988503422833256;4.07736815438686
1151;61;6;5.742892439437637;5.742892439437637;5.418694385278747
1152;75;6;7.214930420077391;7.214930420077391;6.4711399857659435
1153;43;6;5.8865250525737;5.8865250525737;4.988024971688893
1154;112;6;4.4396250738384255;4.4396250738384255;4.469261302111021
1155;14;6;6.195498404080637;6.195498404080637;4.251806631841448
1156;58;6;5.952158669732895;5.952158669732895;5.4574255835111405
1157;51;6;4.995411305425252;4.995411305425252;4.5188761018436026
1158;185;6;3.6585665420829994;3.6585665420829994;4.025312110385962
1159;82;6;6.24082189192633;6.24082189192633;5.820789230469458
1160;80;6;3.449399855058244;3.449399855058244;3.5425644852869214
1161;68;6;6.115067720237122;6.115067720237122;5.727007944291966
1162;79;6;4.966978258586432;4.966978258586432;4.642446440575388
1163;34;6;7.2906414521773;7.2906414521773;5.8089532954383385
1164;59;6;6.394935237012266;6.394935237012266;5.865277076542112
1165;57;6;5.651740710132793;5.651740710132793;5.077319760271818
1166;106;6;4.23506816412765;4.23506816412765;4.295289012261806
1167;45;6;5.76606239686891;5.76606239686891;4.93349343621766
1168;109;6;5.057626298589721;5.057626298589721;4.905991365797818
1169;23;6;6.710452596008168;6.710452596008168;5.663961652081192
1170;33;6;3.6667417396921684;3.6667417396921684;3.3916069864613156
1171;75;6;4.201622509002594;4.201622509002594;4.562226856509531
1172;194;6;3.4463485235164035;3.4463485235164035;4.057353885689259
1173;216;6;3.263541653777222;3.263541653777222;3.770243702140962
1174;161;6;5.33064250253544;5.33064250253544;5.127657427510735
1175;199;6;3.3304960367199716;3.3304960367199716;3.911524765108053
1176;65;6;0.0;0.0;4.9855311927833945
1177;64;6;0.0;0.0;4.9855311927833945
1178;62;6;5.281399312117648;5.281399312117648;4.936341473261698
1179;163;6;3.5308754857004416;3.5308754857004416;3.847342001843695
1180;110;6;4.362780271667823;4.362780271667823;4.613612873115909
1181;81;6;3.791093139372026;3.791093139372026;4.020757604303067
1182;1;6;14.2252566648941;14.2252566648941;5.451562710216598
1183;17;6;5.106436048470413;5.106436048470413;3.955396232366407
1184;14;6;4.577960517504163;4.577960517504163;3.5004868309478203
1185;60;6;4.71351660191132;4.71351660191132;4.483419949930141
1186;52;6;5.599290701442213;5.599290701442213;5.0424600070480565
1187;117;6;4.533063274956329;4.533063274956329;4.509204826368712
1188;61;6;3.15926564461601;3.15926564461601;3.103960487028806
1189;117;6;5.992842732671614;5.992842732671614;5.775915108430177
1190;11;6;7.309053673275406;7.309053673275406;5.442539838895762
1191;50;6;3.9735444161907454;3.9735444161907454;3.8578448826223255
1192;28;6;6.127790100678139;6.127790100678139;4.907492203302973
1193;100;6;6.590996554562127;6.590996554562127;6.276635125448751
1194;90;6;4.697149531669368;4.697149531669368;4.633460615225536
1195;55;6;4.836109135769999;4.836109135769999;4.255372090427806
1196;209;6;4.536008068920949;4.536008068920949;4.836923262994242
1197;97;6;5.607456316992504;5.607456316992504;5.441261531875709
1198;49;6;6.706546542402026;6.706546542402026;5.940638673528085
1199;26;6;5.971959687171701;5.971959687171701;4.176823795265881
1200;12;6;6.751843635611235;6.751843635611235;4.499170328614743
1201;20;6;4.892832795286417;4.892832795286417;3.829257851399291
1202;109;6;4.394687948706476;4.394687948706476;4.4741918114023616
1203;90;6;4.640759668115527;4.640759668115527;4.69791230256315
1204;106;6;5.116100001348483;5.116100001348483;5.022993698301506
1205;19;6;5.697908428312337;5.697908428312337;4.745512701212074
1206;91;6;4.886627397070118;4.886627397070118;4.977730975746641
1207;86;6;3.9567658720359966;3.9567658720359966;3.897581867569565
1208;86;6;2.9071880590493;2.9071880590493;3.1509608860229763
1209;62;6;3.7529587830255413;3.7529587830255413;3.8783098015640607
1210;62;6;4.3982870134922045;4.3982870134922045;4.378761992389882
1211;68;6;6.012293096143556;6.012293096143556;5.4170219592797215
1212;130;6;5.405327178230467;5.405327178230467;5.411917912599372
1213;30;6;3.7073097633827263;3.7073097633827263;3.183327875511086
1214;43;6;6.307787861598998;6.307787861598998;5.611074882943487
1215;108;6;4.1864865603961485;4.1864865603961485;4.179223652992136
1216;13;6;7.513674940031778;7.513674940031778;4.93767613042919
1217;22;6;7.073195333323122;7.073195333323122;5.682103236735508
1218;66;6;4.967194257803337;4.967194257803337;5.055136855910665
1219;93;6;5.340155790249731;5.340155790249731;5.242744174249136
1220;5;6;8.34810341513091;8.34810341513091;5.841434854775681
1221;197;6;3.7093132302792933;3.7093132302792933;3.994125890189692
1222;45;6;5.219830032635905;5.219830032635905;4.606258989871985
1223;65;6;3.981183678118691;3.981183678118691;3.83385325054351
1224;109;6;4.756807747170142;4.756807747170142;4.888511974345194
1225;64;6;3.809343615955398;3.809343615955398;3.686859768249795
1226;74;6;5.5251204182373;5.5251204182373;5.024079245169496
1227;155;6;3.8296621978132213;3.8296621978132213;3.9976093067806437
1228;58;6;3.1844045777088485;3.1844045777088485;3.322471904632807
1229;75;6;5.552728655473882;5.552728655473882;5.163987627052587
1230;81;6;5.459306684883076;5.459306684883076;5.275756687711818
1231;161;6;3.8295709567887597;3.8295709567887597;3.958875719985699
1232;66;6;4.358511288999759;4.358511288999759;4.213197209188026
1233;206;6;3.74960874950758;3.74960874950758;4.032626281721175
1234;118;6;5.434389023745848;5.434389023745848;5.316204238437146
1235;179;6;6.1675330600079485;6.1675330600079485;6.186788041137876
1236;182;6;4.23581519764155;4.23581519764155;4.388301353577869
1237;105;6;3.2228600213999448;3.2228600213999448;3.502352297967991
1238;46;6;4.421086994589682;4.421086994589682;4.262411478242168
1239;96;6;3.1112846810675383;3.1112846810675383;3.438472144334214
1240;112;6;4.674452817140177;4.674452817140177;4.562226964882208
1241;140;6;3.847736929484499;3.847736929484499;4.136939543902989
1242;53;6;0.0;0.0;4.202518813959488
1243;53;6;0.0;0.0;4.202518813959488
1244;78;6;4.45226031207872;4.45226031207872;4.812989286080755
1245;68;6;4.532958766748832;4.532958766748832;4.598965277705815
1246;38;6;6.117012885954149;6.117012885954149;5.283626671402751
1247;45;6;5.195050724370066;5.195050724370066;4.703692745600808
1248;50;6;6.617377297393102;6.617377297393102;5.506060728868745
1249;33;6;7.507914797266749;7.507914797266749;5.969602701923174
1250;21;6;7.231385600537681;7.231385600537681;5.793132225299695
1251;97;6;4.116556730367023;4.116556730367023;4.344397308534088
1252;15;6;4.542417422773844;4.542417422773844;3.2493385252766944
1253;128;6;4.7776048389869485;4.7776048389869485;4.887154160482539
1254;130;6;4.3390513300135884;4.3390513300135884;4.41183977362815
1255;76;6;3.975584979405368;3.975584979405368;4.039739735374665
1256;130;6;0.0;0.0;4.930682878826633
1257;63;6;5.342788902134068;5.342788902134068;4.85075617357281
1258;130;6;0.0;0.0;4.930682878826633
1259;48;6;3.863936526184766;3.863936526184766;3.7508668164072145
1260;99;6;4.362552972609292;4.362552972609292;4.376549042405952
1261;66;6;4.369424604804526;4.369424604804526;4.225038883765715
1262;85;6;5.716822647916535;5.716822647916535;5.476498569214345
1263;74;6;4.109419199345915;4.109419199345915;4.5486550276693425
1264;54;6;4.868258133832767;4.868258133832767;5.202204501370955
1265;132;6;3.1412222912212497;3.1412222912212497;3.4237490203725383
1266;108;6;3.586955157200069;3.586955157200069;3.791536601549685
1267;88;6;3.2039908365772067;3.2039908365772067;3.3139262129322113
1268;82;6;2.85018648989196;2.85018648989196;3.06302867522249
1269;136;6;3.938898135790202;3.938898135790202;4.112491790256941
1270;57;6;4.48591372347555;4.48591372347555;4.132302824183812
1271;144;6;4.341320568476767;4.341320568476767;4.473943782200052
1272;27;6;6.515428489988843;6.515428489988843;5.133609429685635
1273;125;6;4.501573125509758;4.501573125509758;4.5920623975160035
1274;83;6;3.1953907557050094;3.1953907557050094;3.32317088326671
1275;48;6;3.625503436232687;3.625503436232687;3.502404532978869
1276;143;6;5.824401534567886;5.824401534567886;5.542402420267072
1277;68;6;6.648665466973935;6.648665466973935;5.9884376391492475
1278;134;6;4.994330657760294;4.994330657760294;4.923049815580079
1279;41;6;4.780520824442883;4.780520824442883;4.331941639758625
1280;40;6;5.2691821519428155;5.2691821519428155;5.128870690315898
1281;155;6;3.285532939328381;3.285532939328381;3.629879951651764
1282;19;6;6.252764353716809;6.252764353716809;5.211101828934851
1283;15;6;6.374813393625918;6.374813393625918;5.6405934851607835
1284;119;6;4.679334070316685;4.679334070316685;4.832674847010309
1285;70;6;4.906084735933314;4.906084735933314;4.847527764897858
1286;100;6;5.229932907577367;5.229932907577367;5.384381014625248
1287;14;6;5.5244311773426364;5.5244311773426364;3.8973464093793257
1288;17;6;5.7088708993659525;5.7088708993659525;4.741924962600095
1289;121;6;4.647076736841463;4.647076736841463;4.6866264667004005
1290;85;6;4.8972189140676905;4.8972189140676905;4.90718820463358
1291;121;6;4.52417330232101;4.52417330232101;4.684171882626315
1292;100;6;4.608375312911684;4.608375312911684;4.6689626321552895
1293;68;6;6.608083569421423;6.608083569421423;5.93665948360317
1294;21;6;5.782164065702541;5.782164065702541;4.695122848222634
1295;176;6;4.44572386563502;4.44572386563502;4.532759590197655
1296;120;6;4.435856012786351;4.435856012786351;4.642428938557823
1297;34;6;6.794678122189247;6.794678122189247;5.695859891207139
1298;138;6;5.074008552011467;5.074008552011467;4.924613291610786
1299;70;6;4.279298954894188;4.279298954894188;4.033814518865632
1300;116;6;4.586711718542134;4.586711718542134;4.648703126772308
1301;113;6;4.033083331302857;4.033083331302857;4.401606673758327
1302;158;6;5.207708077977042;5.207708077977042;5.090526465111022
1303;134;6;4.193694495427753;4.193694495427753;4.398873126427841
1304;39;6;4.856482047854713;4.856482047854713;4.132201982528199
1305;40;6;4.789052248006831;4.789052248006831;4.694083902909524
1306;47;6;7.536373676664843;7.536373676664843;6.705046535041593
1307;104;6;5.124301631369219;5.124301631369219;5.067568333796009
1308;95;6;5.000777465698158;5.000777465698158;4.830814357402414
1309;124;6;3.9063373453594394;3.9063373453594394;3.989512257352609
1310;70;6;4.920490014719227;4.920490014719227;4.771845304936021
1311;60;6;4.899742509218897;4.899742509218897;4.675649973955503
1312;101;6;4.518937641734817;4.518937641734817;4.459964941437747
1313;85;6;4.659673438238209;4.659673438238209;4.701154749823199
1314;62;6;5.939394649580324;5.939394649580324;5.335969855212679
1315;27;6;6.326732683147448;6.326732683147448;5.044210695071932
1316;34;6;4.610123879179993;4.610123879179993;4.25558630162509
1317;71;6;4.969583786147964;4.969583786147964;4.898369990496615
1318;111;6;4.494046050316432;4.494046050316432;4.641702717414518
1319;77;6;5.6574600164996;5.6574600164996;5.070150507909487
1320;100;6;3.6235941767002364;3.6235941767002364;3.8858502198994542
1321;131;6;5.24767025034995;5.24767025034995;5.158850379704254
1322;39;6;4.691172191629457;4.691172191629457;4.269379087957924
1323;63;6;5.273007110126941;5.273007110126941;4.664444213551409
1324;59;6;5.117659729331173;5.117659729331173;4.84994913072937
1325;117;6;4.557790559616987;4.557790559616987;4.57166264421293
1326;61;6;4.097783931092108;4.097783931092108;4.032266890488294
1327;39;6;4.660789326718371;4.660789326718371;4.389155345983565
1328;24;6;6.230909472586002;6.230909472586002;5.0126309565139255
1329;101;6;5.590874979478124;5.590874979478124;5.265627267686211
1330;109;6;4.054940565971366;4.054940565971366;4.3144754185081196
1331;59;6;6.645651004652014;6.645651004652014;5.9363367849163335
1332;4;6;9.424197008806097;9.424197008806097;5.121894308462661
1333;23;6;5.100994875384659;5.100994875384659;4.637003880571057
1334;127;6;4.563206651628886;4.563206651628886;4.6598925934407704
1335;47;5;5.099634838698209;5.099634838698209;4.506576947541058
1336;109;6;3.662924691206318;3.662924691206318;4.007275309914727
1337;64;6;4.065637268905706;4.065637268905706;3.963855211953226
1338;49;6;5.283777992805259;5.283777992805259;4.789326452444711
1339;81;6;4.032208041761205;4.032208041761205;4.045858001559798
1340;76;6;4.111116369459284;4.111116369459284;4.28964650243711
1341;123;6;3.7644024512579497;3.7644024512579497;4.093387487458578
1342;52;6;8.481925246411215;8.481925246411215;7.149641488702555
1343;53;6;4.602738386989497;4.602738386989497;4.501526922138849
1344;59;6;3.3152005809667378;3.3152005809667378;3.6091372235821693
1345;136;6;5.54905666331907;5.54905666331907;5.336944559239128
1346;163;6;4.407995072721007;4.407995072721007;4.4918191293970695
1347;191;6;4.552813649637031;4.552813649637031;4.703219039619402
1348;49;6;5.3031862894509345;5.3031862894509345;4.723743707139816
1349;133;6;4.306880387887186;4.306880387887186;4.535534595596924
1350;69;6;5.467333214953098;5.467333214953098;5.246869547408654
1351;151;6;4.263879155333418;4.263879155333418;4.523632767427699
1352;119;6;5.331409875949571;5.331409875949571;5.282565317224963
1353;70;6;4.55088380820393;4.55088380820393;4.53218248987949
1354;115;6;3.2617259846939426;3.2617259846939426;3.5854991267297054
1355;51;6;4.143804291269114;4.143804291269114;4.14835346597756
1356;23;6;4.64163071845574;4.64163071845574;3.393589305665598
1357;17;6;5.186268901088992;5.186268901088992;4.455551557766708
1358;37;5;4.7775263086535755;4.7775263086535755;4.249125719173209
1359;100;6;3.8917638974820434;3.8917638974820434;4.134674218828891
1360;86;6;4.644653371427588;4.644653371427588;4.7477105942701305
1361;71;6;5.262982983954319;5.262982983954319;5.04936566175308
1362;95;6;5.216033069291088;5.216033069291088;5.028824014964016
1363;53;6;3.965402852934009;3.965402852934009;3.7536197817248156
1364;77;6;3.762171481402443;3.762171481402443;3.6043665648368712
1365;122;6;5.6371479758569025;5.6371479758569025;5.3949306005749085
1366;65;6;5.206164816684345;5.206164816684345;4.8720277046796365
1367;139;6;4.658338761556408;4.658338761556408;4.747953116207864
1368;109;6;4.878790026160464;4.878790026160464;4.904762348841091
1369;91;6;4.034099988324472;4.034099988324472;4.00314853934576
1370;95;6;5.060400281254177;5.060400281254177;5.2343084160111
1371;144;6;4.0840330950171735;4.0840330950171735;4.265720364477398
1372;69;6;5.643236563338851;5.643236563338851;5.3896753451221
1373;113;6;3.807999018399532;3.807999018399532;3.952977071215663
1374;49;6;4.845692720435518;4.845692720435518;4.6261266502564355
1375;41;6;4.523315730962679;4.523315730962679;4.254559852321057
1376;83;6;4.294411694360497;4.294411694360497;4.288556915375041
1377;140;6;5.762144895479731;5.762144895479731;5.498776097587992
1378;13;6;7.053163851929155;7.053163851929155;4.753698545406949
1379;78;6;4.123926897787345;4.123926897787345;4.380504562191621
1380;61;6;6.305792338008762;6.305792338008762;5.830444520017071
1381;31;6;6.883294473601065;6.883294473601065;5.703722622865746
1382;38;6;4.012256623730159;4.012256623730159;3.516110959911508
1383;90;6;4.806646082109507;4.806646082109507;4.7729266436868745
1384;88;6;4.034962253635364;4.034962253635364;4.1121939267729815
1385;67;6;4.066305829588171;4.066305829588171;4.156856601186038
1386;84;6;3.168581218075007;3.168581218075007;3.2744548331246497
1387;43;6;5.637271030864833;5.637271030864833;5.040866518614313
1388;14;1;5.299704988754814;5.299704988754814;5.073648152558871
1389;14;3;5.721936858485779;5.721936858485779;4.865282806006942
1390;73;6;4.695203379101314;4.695203379101314;4.527836306169202
1391;81;6;5.262643750205675;5.262643750205675;4.82315692976567
1392;41;6;4.968685017152236;4.968685017152236;4.617756774120366
1393;53;6;4.5744594962725005;4.5744594962725005;4.138032582226608
1394;47;6;4.777680834878505;4.777680834878505;4.561806880107073
1395;10;6;8.900422697711667;8.900422697711667;6.131915105013302
1396;32;6;6.524056666878684;6.524056666878684;4.890761415211144
1397;47;6;3.6647014020268562;3.6647014020268562;3.3704827588365314
1398;33;6;4.507979630200365;4.507979630200365;4.026410848617081
1399;78;6;4.455423643355887;4.455423643355887;4.393379355259424
1400;34;6;5.432527424710521;5.432527424710521;4.890324953620434
1401;43;6;3.264072590983761;3.264072590983761;3.40780886318976
1402;117;6;3.788359726389269;3.788359726389269;4.002137908120673
1403;35;6;6.7339303417614005;6.7339303417614005;5.71139116748074
1404;144;6;4.422528151444534;4.422528151444534;4.680109867110639
1405;79;6;3.7451595492107748;3.7451595492107748;3.9507485903315183
1406;58;6;7.03585920776243;7.03585920776243;6.11415064981104
1407;73;6;4.7621623831120266;4.7621623831120266;4.561104587491012
1408;114;6;3.81171032835602;3.81171032835602;3.8646715812375017
1409;137;6;6.043078470573893;6.043078470573893;5.920176073923961
1410;127;6;4.271236647949399;4.271236647949399;4.39006232681305
1411;58;6;5.0286866951912765;5.0286866951912765;4.759323811928641
1412;53;6;5.614593825505335;5.614593825505335;5.5160223155452615
1413;57;6;5.942879867830564;5.942879867830564;5.558586870961079
1414;49;6;4.41179437422287;4.41179437422287;4.15500552378795
1415;32;6;3.471154307713883;3.471154307713883;3.4240853044499344
1416;49;6;4.075903405806772;4.075903405806772;4.031505153389563
1417;65;6;3.5944341900531853;3.5944341900531853;3.7822905890848237
1418;76;6;6.2761605552351645;6.2761605552351645;5.756630283211523
1419;94;6;4.4123877198452535;4.4123877198452535;4.611753450628522
1420;97;6;2.9045869503553012;2.9045869503553012;3.2471421937940956
1421;118;6;4.633424881805789;4.633424881805789;4.5591675821691995
1422;67;6;5.586661684995257;5.586661684995257;5.036188822834455
1423;26;6;3.927151495996469;3.927151495996469;3.030235627917851
1424;9;6;9.944900373745655;9.944900373745655;6.749091841525515
1425;82;6;3.910676348565404;3.910676348565404;3.97670964915937
1426;36;6;3.8140493602020826;3.8140493602020826;3.7565560782660876
1427;56;6;4.228401912645306;4.228401912645306;4.251327859528412
1428;50;6;8.237712271644142;8.237712271644142;6.933642350585015
1429;16;6;6.714813715258144;6.714813715258144;5.126742432135523
1430;47;6;5.724612603957123;5.724612603957123;5.235340715030125
1431;69;6;5.9863856058519485;5.9863856058519485;5.515497497627609
1432;51;6;4.403478172283612;4.403478172283612;3.8858523044913555
1433;91;6;4.022034293242219;4.022034293242219;4.162606454914367
1434;50;6;3.959367018780564;3.959367018780564;3.492363479315463
1435;87;6;3.8411492402557412;3.8411492402557412;3.9357063430550805
1436;119;6;3.7396879760741815;3.7396879760741815;3.967700255272104
1437;98;6;3.270995149941273;3.270995149941273;3.4622814539507947
1438;77;6;4.515617115958678;4.515617115958678;4.543326856752324
1439;55;6;4.772395098251379;4.772395098251379;4.31465653007185
1440;57;6;4.8554387969837975;4.8554387969837975;4.712724168090897
1441;131;6;4.980350681333051;4.980350681333051;4.981907941200766
1442;91;6;4.293837829122179;4.293837829122179;4.4216995228313944
1443;22;6;8.15154740675908;8.15154740675908;5.966304005585771
1444;106;6;4.790954091267459;4.790954091267459;4.757544897673148
1445;72;6;4.121114305691882;4.121114305691882;4.290524919436212
1446;44;6;4.581891814571022;4.581891814571022;3.820227492931445
1447;46;6;5.254750684310147;5.254750684310147;4.8570881376638475
1448;41;6;3.952325567514358;3.952325567514358;3.5230413337498607
1449;85;6;5.496655124443547;5.496655124443547;5.0378086213895115
1450;21;6;0.0;0.0;3.255559385190226
1451;52;6;5.686448914792488;5.686448914792488;5.122031871039451
1452;18;5;5.249325802480213;5.249325802480213;4.050395275752568
1453;22;6;6.561445607189188;6.561445607189188;5.771389291441807
1454;17;6;4.121127430620413;4.121127430620413;2.910583092976382
1455;55;6;4.405165847405125;4.405165847405125;4.161411877758566
1456;109;6;3.0102765508547766;3.0102765508547766;3.313429223379711
1457;89;6;3.912557953597812;3.912557953597812;4.1002075368031825
1458;129;6;5.834995858975625;5.834995858975625;5.926823700819054
1459;53;6;3.1130510125556103;3.1130510125556103;3.2062672508692702
1460;86;6;3.88594617933241;3.88594617933241;3.820091588315908
1461;89;6;5.1088407225741745;5.1088407225741745;4.7005778634896185
1462;59;6;3.231250968272242;3.231250968272242;3.2592858756719747
1463;101;6;5.408888875924097;5.408888875924097;5.447436822298749
1464;63;6;4.909378895190273;4.909378895190273;4.811631307514722
1465;30;6;6.790412157630149;6.790412157630149;5.442516178605263
1466;28;6;3.8357030116599424;3.8357030116599424;3.3154590133715915
1467;35;6;6.067686470439961;6.067686470439961;5.075336526981744
1468;106;6;4.504567301176903;4.504567301176903;4.746192672876871
1469;115;6;4.740044584523688;4.740044584523688;4.853303188834799
1470;99;6;2.9177731334184975;2.9177731334184975;3.1583688883655436
1471;51;6;4.741862577874603;4.741862577874603;4.399061582587184
1472;30;6;4.55659824416702;4.55659824416702;3.8925799419094105
1473;78;6;4.191172543904408;4.191172543904408;4.110768384327823
1474;80;6;4.115417958207482;4.115417958207482;4.435693361369326
1475;63;6;5.53174228225666;5.53174228225666;5.036939713697647
1476;111;6;5.1578146049707945;5.1578146049707945;5.0467474182201295
1477;24;6;5.371098637035365;5.371098637035365;4.762528882193504
1478;28;6;6.314533231387353;6.314533231387353;5.370989183602755
1479;83;6;4.29880137630842;4.29880137630842;4.413620924732733
1480;53;6;5.428064776604983;5.428064776604983;5.137907856688662
1481;69;6;3.8689372185128112;3.8689372185128112;3.8701234962806876
1482;75;6;4.80772035354302;4.80772035354302;4.674858529899798
1483;93;6;4.645320017609816;4.645320017609816;4.626614779667404
