Skewness: 0.24275359253924148, Average LID: LPCA: 5.797169811320755  |||  MLE: 5.29507413560143  |||  MLENB: 5.29507413560143  |||  TLE: 5.379220142761847
LPCA: 0.16692465630219372  |||  MLE: -0.2839702705549787  |||  MLENB: -0.2839702705549787  |||  TLE: -0.2147824988338686
node;in_degree;local_intrinsic_dimensionality_LPCA;local_intrinsic_dimensionality_MLE;local_intrinsic_dimensionality_MLENB;local_intrinsic_dimensionality_TLE
0;27;5;5.2362145210444595;5.2362145210444595;4.877568038079689
1;17;6;6.358810530784209;6.358810530784209;5.966803864829922
2;33;6;4.44432629752663;4.44432629752663;4.816749959360033
3;23;6;3.819156050540644;3.819156050540644;4.02911967295599
4;23;6;4.973203264882831;4.973203264882831;5.414498638435358
5;14;3;4.193422879479708;4.193422879479708;3.5705220209204858
6;30;6;3.151668180285789;3.151668180285789;3.65975583001786
7;11;6;8.054001853246978;8.054001853246978;7.7231148705112735
8;13;5;3.82736343389326;3.82736343389326;4.182486752189195
9;15;6;8.820290997558176;8.820290997558176;7.694565684576236
10;35;6;6.266722505199679;6.266722505199679;6.437532219807592
11;25;6;6.206084430088889;6.206084430088889;6.259729630663601
12;24;6;9.947170216258224;9.947170216258224;9.144133828206115
13;16;6;4.5387776027560145;4.5387776027560145;4.374778348613958
14;17;5;7.41895162337275;7.41895162337275;6.668475627940596
15;18;6;5.0426236221164755;5.0426236221164755;5.3785906450811405
16;19;6;4.417220782725532;4.417220782725532;4.659260053577159
17;32;6;5.188648117672936;5.188648117672936;5.277679187396677
18;23;6;4.819972230053844;4.819972230053844;4.908638575561687
19;35;6;4.177589803757371;4.177589803757371;4.5356210510220025
20;41;6;4.999460518620013;4.999460518620013;5.3906365380153405
21;27;6;7.8742922582787545;7.8742922582787545;7.711239550225617
22;39;5;3.9303360823463858;3.9303360823463858;4.147657678540082
23;27;6;3.8463407462077557;3.8463407462077557;4.203014591955067
24;15;5;3.000387276845649;3.000387276845649;3.6105640034681743
25;38;6;4.0135549805588235;4.0135549805588235;4.352498689150165
26;11;6;5.3346167532804;5.3346167532804;4.984871692362969
27;25;6;3.539165070233758;3.539165070233758;4.1099298458462385
28;12;6;5.7018386645747015;5.7018386645747015;5.4076499614488025
29;12;6;5.7206968604988395;5.7206968604988395;5.327055511056586
30;11;6;5.444496626553927;5.444496626553927;5.605209067539313
31;4;6;5.391664795223754;5.391664795223754;3.7787127119298574
32;3;5;6.627013312855332;6.627013312855332;5.672580249804977
33;11;6;5.044994026107601;5.044994026107601;4.602574741930031
34;34;6;4.0454904063818065;4.0454904063818065;4.2080271568835
35;23;6;5.629318266997197;5.629318266997197;5.361251974907118
36;37;6;5.672656137764564;5.672656137764564;5.8357987224116545
37;27;6;5.457330698967458;5.457330698967458;5.813358491599689
38;22;6;5.57426260777368;5.57426260777368;5.160759379964133
39;26;5;10.200531663278829;10.200531663278829;9.046636283388926
40;26;5;4.060088493540023;4.060088493540023;4.139857280565049
41;17;6;5.544387037229618;5.544387037229618;5.168292517365115
42;22;6;6.257695790338601;6.257695790338601;6.220818989309784
43;36;6;3.53208012876199;3.53208012876199;3.847324090971134
44;44;6;4.0980477858660365;4.0980477858660365;4.39862127533388
45;9;6;10.01629483768797;10.01629483768797;10.0445440395228
46;9;6;8.827068255942036;8.827068255942036;7.094258550715976
47;31;6;4.361036760154507;4.361036760154507;4.724437554457329
48;20;5;5.295340702714866;5.295340702714866;5.224507917042387
49;8;6;5.860706906718246;5.860706906718246;5.264224720523506
50;28;6;4.270906745598727;4.270906745598727;4.4578568278070465
51;23;6;4.5631410220002895;4.5631410220002895;4.715524258288027
52;23;6;5.134500685842166;5.134500685842166;5.388062119472924
53;30;6;3.886064058475445;3.886064058475445;4.384663775682994
54;21;6;2.7352037892377545;2.7352037892377545;3.117503312368515
55;21;6;3.7201190242449087;3.7201190242449087;4.366364335502482
56;19;6;4.576296994704726;4.576296994704726;4.225332829521306
57;25;6;4.821131238254012;4.821131238254012;5.337418217930412
58;45;6;3.8614426871737675;3.8614426871737675;4.2721281313067845
59;28;6;2.6960273078087327;2.6960273078087327;3.1267438026556
60;14;6;4.660986148605967;4.660986148605967;4.576285930243347
61;22;6;5.775713869238992;5.775713869238992;5.952463215456267
62;26;6;3.819537305795965;3.819537305795965;4.48690974388607
63;23;6;5.773067096770929;5.773067096770929;6.068981627262202
64;15;6;7.753509704949938;7.753509704949938;7.2152925671090085
65;21;6;7.0858035464901805;7.0858035464901805;6.610370196167258
66;11;6;4.296958142099032;4.296958142099032;4.421731660890141
67;26;6;4.37475197442026;4.37475197442026;4.688897783015959
68;24;5;3.5958007840051938;3.5958007840051938;3.9400127895218957
69;19;6;4.043915871683794;4.043915871683794;4.090276120399103
70;16;5;8.266437765446126;8.266437765446126;7.359497239697079
71;13;6;5.498181194565995;5.498181194565995;5.667328979733091
72;11;6;5.44426154687668;5.44426154687668;5.254952375070618
73;32;6;2.8395503238939583;2.8395503238939583;3.2033837982764473
74;31;5;4.190895308027074;4.190895308027074;4.500395066835652
75;27;6;4.158855592307351;4.158855592307351;4.037567282737589
76;29;6;5.252854021732647;5.252854021732647;5.234246398550106
77;43;6;6.133524770991514;6.133524770991514;6.276613811145024
78;11;6;8.289076513783703;8.289076513783703;6.5256295829034405
79;25;6;4.656930010253076;4.656930010253076;4.623322144127565
80;31;6;4.918831269711607;4.918831269711607;5.207914452316126
81;22;6;4.987608687744515;4.987608687744515;4.9379720515799645
82;9;6;6.932221543122283;6.932221543122283;5.691389456258108
83;16;5;2.844243544694605;2.844243544694605;3.2099374748615728
84;12;3;1.7583247030135891;1.7583247030135891;1.9917491595973063
85;3;6;12.879271553882155;12.879271553882155;8.509834016072993
86;32;6;4.836397218761797;4.836397218761797;5.550561680158893
87;38;5;5.463887814272492;5.463887814272492;5.610314405266888
88;19;6;7.696205329292674;7.696205329292674;7.462664626039183
89;26;6;7.701222107986615;7.701222107986615;7.739467008917657
90;10;6;7.546010438384852;7.546010438384852;7.269814706441516
91;29;6;5.3924475799805;5.3924475799805;5.2013401490511155
92;32;6;5.462822992388811;5.462822992388811;5.6359748237448
93;8;6;6.638850843646716;6.638850843646716;6.541048129417512
94;27;6;7.415655200825105;7.415655200825105;6.790020538450753
95;18;6;4.509019577775974;4.509019577775974;4.646003575055213
96;23;5;5.434439030827131;5.434439030827131;5.014229120451804
97;15;6;4.508036123951377;4.508036123951377;4.811037004921557
98;50;5;4.499109837216034;4.499109837216034;4.523435996464972
99;12;6;4.953229580007229;4.953229580007229;4.531868200416917
100;16;6;5.6234985905930355;5.6234985905930355;5.393542419643697
101;20;6;4.421145793125079;4.421145793125079;4.807499118582433
102;7;6;6.575306403099926;6.575306403099926;5.570542368166711
103;8;6;6.87336212660509;6.87336212660509;6.445934086328678
104;31;6;3.5054225160215027;3.5054225160215027;4.0009081209348185
105;30;6;3.328101397788619;3.328101397788619;3.6286400309165745
106;31;6;4.499511203438044;4.499511203438044;4.709128302631624
107;17;6;3.4406678203897627;3.4406678203897627;4.128630553302455
108;8;6;6.491041245434139;6.491041245434139;5.555882882488007
109;12;6;4.58185533942132;4.58185533942132;4.036309189611311
110;14;2;5.46194808343231;5.46194808343231;4.714420073404116
111;30;6;4.294257296648884;4.294257296648884;4.655942874021718
112;24;6;6.097897393473411;6.097897393473411;5.803726515544649
113;26;6;5.407477835032282;5.407477835032282;5.537280147331357
114;3;6;4.204743265491349;4.204743265491349;3.019210156460162
115;29;5;4.5089931346750936;4.5089931346750936;4.881055515900068
116;14;6;4.7225126118499885;4.7225126118499885;4.986215299307052
117;40;6;5.058853998071086;5.058853998071086;5.291580091889659
118;4;5;10.192441792718537;10.192441792718537;7.155210393895591
119;13;6;7.666990471700213;7.666990471700213;6.854789466857629
120;14;6;4.087011290214397;4.087011290214397;4.213599815972783
121;47;6;6.299819821712188;6.299819821712188;6.420531240578855
122;22;6;4.588515259672443;4.588515259672443;4.865437036320169
123;22;6;6.821466456737286;6.821466456737286;6.0540889469635655
124;18;6;6.105275473105337;6.105275473105337;6.526174408882358
125;35;6;4.523192565652222;4.523192565652222;4.805377403947057
126;38;6;5.235138003692748;5.235138003692748;5.65444463074406
127;11;5;5.2413405372377015;5.2413405372377015;4.6391860517338195
128;5;5;5.997306764658153;5.997306764658153;5.295142197077314
129;21;5;4.137444331042987;4.137444331042987;4.379012035975166
130;15;6;3.4669454332308334;3.4669454332308334;3.734400823186749
131;12;6;6.528882217893965;6.528882217893965;5.681689838519603
132;13;6;9.117663612379543;9.117663612379543;8.43899881429699
133;25;6;3.6022944555838996;3.6022944555838996;4.112978428023895
134;30;6;4.302505171887908;4.302505171887908;4.524174581805914
135;18;6;5.278894059596178;5.278894059596178;5.413141465911096
136;19;6;6.659897980565805;6.659897980565805;6.497265922417653
137;25;5;5.261137212597042;5.261137212597042;5.230617297264954
138;29;6;3.7272472209518064;3.7272472209518064;3.9572784739432625
139;3;6;7.629964836305654;7.629964836305654;5.249480843519614
140;34;6;3.972819748708322;3.972819748708322;4.275355959901534
141;27;6;4.336550092724148;4.336550092724148;4.685204360193124
142;16;6;3.889379520233032;3.889379520233032;4.2001998590404925
143;15;6;5.477101688991773;5.477101688991773;5.915659376236366
144;27;6;3.266991010447532;3.266991010447532;3.5323115739137982
145;12;5;5.9287798007875585;5.9287798007875585;5.357012273216193
146;27;6;5.1092599913181544;5.1092599913181544;5.228879191757819
147;18;6;12.310518634920468;12.310518634920468;10.184483153460159
148;9;6;5.661713883453054;5.661713883453054;5.1085533546156725
149;17;6;5.3165860145540345;5.3165860145540345;5.830644380607545
150;30;6;4.182405667224979;4.182405667224979;4.368613483217013
151;29;6;6.391458496547885;6.391458496547885;6.476977756273644
152;12;6;6.86524968734679;6.86524968734679;6.395121816244819
153;20;6;5.7966123689732445;5.7966123689732445;6.034627209313887
154;21;6;4.829632238347647;4.829632238347647;4.925813699889658
155;22;6;3.9321748253660442;3.9321748253660442;4.319601803048038
156;22;6;4.834690783298035;4.834690783298035;4.978582691937856
157;6;6;6.151169219956306;6.151169219956306;4.900931003227734
158;36;6;4.314502815524574;4.314502815524574;4.229318323053092
159;13;5;4.628910068111432;4.628910068111432;4.432652017131888
160;8;6;0.0;0.0;6.193373799088904
161;8;6;0.0;0.0;6.193373799088904
162;40;6;4.733370840864843;4.733370840864843;5.217495419498593
163;20;6;4.310833627648399;4.310833627648399;4.484316668093351
164;27;6;5.048541073347885;5.048541073347885;5.425792722980222
165;8;6;7.521565710046361;7.521565710046361;7.321610243565693
166;23;6;4.807093678685312;4.807093678685312;4.8755719236681605
167;13;6;3.8790727704265664;3.8790727704265664;4.518938965790689
168;12;5;5.726126060461381;5.726126060461381;5.439889131051637
169;2;5;11.485751995800333;11.485751995800333;8.730681350189117
170;35;6;6.098541169082444;6.098541169082444;5.949356061957344
171;21;5;5.321117353580034;5.321117353580034;6.483681299801449
172;12;6;5.805972365953019;5.805972365953019;5.691635135859156
173;13;6;3.9963059343190417;3.9963059343190417;4.507181690757348
174;5;5;7.126408066893425;7.126408066893425;5.62586934408967
175;14;2;1.2709771156512202;1.2709771156512202;1.6803349214396666
176;18;6;5.2122393452719855;5.2122393452719855;5.3558274573181635
177;16;6;5.411032897410657;5.411032897410657;5.362548423201206
178;36;6;5.859733869611042;5.859733869611042;5.694612147642969
179;12;5;3.8771415348039167;3.8771415348039167;3.710267408983175
180;7;6;6.132971897481975;6.132971897481975;4.611255624460097
181;19;6;7.444749299882867;7.444749299882867;7.216770253830101
182;29;5;4.550656654730554;4.550656654730554;4.720562686563398
183;24;6;4.510507411734766;4.510507411734766;4.655484462189051
184;4;6;11.764513647324815;11.764513647324815;8.173879446239937
185;22;5;3.4715842611854764;3.4715842611854764;4.2573122258003835
186;26;5;3.0176858560031605;3.0176858560031605;3.506994139431635
187;10;6;6.90260292957873;6.90260292957873;6.354049286157324
188;24;6;4.758709366398419;4.758709366398419;4.96880329533397
189;6;6;5.642285066198372;5.642285066198372;5.858093343456805
190;40;5;3.4197519096195035;3.4197519096195035;3.741876912457438
191;13;6;4.574233821649201;4.574233821649201;5.010074011831335
192;24;6;3.918211200421888;3.918211200421888;4.204442123640766
193;31;6;4.911068527676126;4.911068527676126;5.038662700016328
194;23;6;4.639613233520994;4.639613233520994;4.592441451416667
195;25;6;6.260235865805945;6.260235865805945;6.3811764570982135
196;21;6;4.563776963872097;4.563776963872097;4.784552574848106
197;27;6;5.008937820282558;5.008937820282558;5.00722482733411
198;33;6;3.7534589660900486;3.7534589660900486;4.065410483848866
199;16;6;5.9019535498765805;5.9019535498765805;5.939491132308454
200;13;6;11.2072892569301;11.2072892569301;9.976576469022012
201;13;6;3.7270563494566455;3.7270563494566455;3.85648673852877
202;27;6;3.847612980417583;3.847612980417583;4.257901761161827
203;9;6;6.58812355533989;6.58812355533989;5.055795105770462
204;25;5;8.560517552196185;8.560517552196185;7.923901568656281
205;10;6;4.547791312157468;4.547791312157468;4.6086907261107095
206;24;6;4.053330548085524;4.053330548085524;4.296238731522832
207;3;6;8.02070948063939;8.02070948063939;5.851288908975892
208;13;6;7.1255005052113205;7.1255005052113205;6.130302655360817
209;16;5;5.987177414083991;5.987177414083991;5.112683142614943
210;6;6;6.235701023927137;6.235701023927137;5.158849385199727
211;14;6;6.49772516614369;6.49772516614369;6.037473288144132
212;27;5;4.490976207390183;4.490976207390183;4.5612319268843
213;15;6;5.07983286145963;5.07983286145963;5.23745832257449
214;22;6;5.190560265139355;5.190560265139355;4.957885655033445
215;15;5;6.157105937799005;6.157105937799005;5.79974378071806
216;16;6;3.4278310518607715;3.4278310518607715;3.827144372778037
217;18;6;5.981296331063032;5.981296331063032;6.154512966741073
218;23;6;3.8545239767986015;3.8545239767986015;4.032853441097785
219;11;4;3.9965501109665666;3.9965501109665666;4.6381921955019365
220;4;6;9.615282847451942;9.615282847451942;8.031857628933592
221;26;6;3.572782053303617;3.572782053303617;3.968733252925048
222;20;6;5.336856673381582;5.336856673381582;5.367293204535587
223;20;6;4.1926181791950174;4.1926181791950174;4.628099404519572
224;27;6;4.387724273840066;4.387724273840066;4.854239263990021
225;25;5;2.7664088547590886;2.7664088547590886;3.41631951555978
226;15;6;4.929477855853209;4.929477855853209;4.676762882355621
227;8;6;7.762736476695244;7.762736476695244;6.2193425427818525
228;38;6;3.2159485598405233;3.2159485598405233;3.789620922195692
229;14;2;4.827382577659576;4.827382577659576;4.187267031629441
230;47;6;5.628619269965765;5.628619269965765;5.697855762474562
231;8;5;5.123813981661174;5.123813981661174;4.919338398718932
232;16;6;3.7504656348655208;3.7504656348655208;3.624083100065942
233;28;6;3.6353788418195063;3.6353788418195063;3.802224799927926
234;24;6;3.541744420793534;3.541744420793534;3.762954150110131
235;21;6;6.480570993934849;6.480570993934849;6.813142836429156
236;7;6;0.0;0.0;4.481968086761307
237;7;6;0.0;0.0;4.481968086761307
238;29;6;5.436810743710027;5.436810743710027;6.129052299690236
239;5;5;7.120915615565648;7.120915615565648;6.973844442288949
240;21;6;4.872740413248471;4.872740413248471;5.2231309125031515
241;20;6;4.829004913922999;4.829004913922999;4.89114452610389
242;6;6;5.06585852348791;5.06585852348791;5.025485281392672
243;12;6;9.132332791241405;9.132332791241405;8.591085170382703
244;6;6;6.45878044109932;6.45878044109932;5.525513718883888
245;29;6;4.358269288367466;4.358269288367466;4.835403517431109
246;4;5;8.905587410425815;8.905587410425815;7.620293721499086
247;4;6;9.342976945713955;9.342976945713955;7.15551921805652
248;14;6;3.508567470629684;3.508567470629684;3.654559011850147
249;28;6;3.8205413297905224;3.8205413297905224;4.44232479653821
250;14;3;1.083840400521382;1.083840400521382;1.5520342767931987
251;21;6;5.830565810466543;5.830565810466543;6.044638326282092
252;9;6;5.893055830001184;5.893055830001184;4.986058460335124
253;38;6;4.757408205145374;4.757408205145374;5.0533529107239445
254;8;6;4.0170100208685176;4.0170100208685176;3.9894917243800103
255;9;5;9.683358475959553;9.683358475959553;7.427418648054041
256;18;6;4.630168871658376;4.630168871658376;4.978875574803539
257;33;6;5.401350270365028;5.401350270365028;5.2562580188834875
258;6;6;5.683669107906195;5.683669107906195;5.160540937999335
259;31;6;5.2478468624999355;5.2478468624999355;5.48773063565194
260;21;6;5.157276142787973;5.157276142787973;5.0187195598375185
261;31;6;6.252921860121242;6.252921860121242;6.085294884525316
262;8;6;7.285459678048663;7.285459678048663;6.781113474133577
263;26;6;3.9312163260620276;3.9312163260620276;4.335055919457015
264;12;6;6.413598771372149;6.413598771372149;6.117767270103877
265;11;5;5.966868668870203;5.966868668870203;5.279880708508109
266;30;5;5.238964661810268;5.238964661810268;5.454671757723227
267;12;6;5.1676933401126615;5.1676933401126615;5.525211349160044
268;18;6;5.485757583896747;5.485757583896747;5.6124009080079
269;18;6;6.79880503089953;6.79880503089953;6.703988625841577
270;24;6;7.5037701489395925;7.5037701489395925;6.602842339189599
271;3;4;6.112308582842616;6.112308582842616;4.581459815931777
272;3;5;17.84807202366546;17.84807202366546;12.492822576664325
273;23;6;3.830294323633226;3.830294323633226;4.497863859808181
274;5;6;5.311132623898309;5.311132623898309;5.182434757543814
275;23;6;6.729179952168256;6.729179952168256;6.6510027393775655
276;0;6;7.366914387704132;7.366914387704132;5.368226721617183
277;29;6;4.6435528844053024;4.6435528844053024;4.8433127407302905
278;23;6;7.300594903221941;7.300594903221941;6.541250703047533
279;24;6;5.682670045452119;5.682670045452119;5.567227355765178
280;20;6;6.101898558624173;6.101898558624173;6.468220037078978
281;24;6;3.3438738682022904;3.3438738682022904;3.917914778726668
282;13;5;6.559184607410145;6.559184607410145;5.727312077127526
283;19;6;3.503060836003512;3.503060836003512;4.790496941068197
284;19;6;3.196614057113665;3.196614057113665;4.284646740969323
285;14;5;4.73807893854023;4.73807893854023;4.804997223505835
286;7;5;7.771798732379857;7.771798732379857;6.79879137099754
287;31;6;2.9763568340240063;2.9763568340240063;3.5195404315891343
288;23;5;2.9832734074286424;2.9832734074286424;3.186824770899681
289;25;5;5.6674282938217715;5.6674282938217715;5.559291006940484
290;32;6;2.736232307269689;2.736232307269689;3.299759307430165
291;29;6;7.461092299803979;7.461092299803979;6.624683014846975
292;10;6;4.231671145148372;4.231671145148372;4.169441180221552
293;32;6;3.2805407631031454;3.2805407631031454;3.781263555521426
294;34;6;4.52489494531712;4.52489494531712;4.765919060880392
295;20;5;6.468629177292232;6.468629177292232;5.586855084384378
296;32;6;8.016201279507255;8.016201279507255;7.617048018566618
297;28;6;5.523939022578069;5.523939022578069;5.733392663015443
298;21;6;4.5902501633303485;4.5902501633303485;5.037398475177898
299;33;6;2.568402254508813;2.568402254508813;2.954456569579831
300;20;6;8.135013876449008;8.135013876449008;7.669265070057104
301;14;6;5.597726213754654;5.597726213754654;5.484244812737386
302;13;6;4.494569327461432;4.494569327461432;4.233743192833993
303;7;5;8.392736087657102;8.392736087657102;7.221721902892658
304;9;5;4.078464218424164;4.078464218424164;5.253795255450466
305;21;6;3.793927589129457;3.793927589129457;3.856749787084874
306;8;4;3.772512667508098;3.772512667508098;4.636404690819053
307;27;6;5.426123700259737;5.426123700259737;5.696989396607254
308;30;6;3.7011270869870723;3.7011270869870723;4.294895565326727
309;22;6;4.046239047311381;4.046239047311381;3.598832723300056
310;21;6;4.875860777957888;4.875860777957888;5.340922393279453
311;20;6;4.5146318517947535;4.5146318517947535;4.732790129333874
312;32;5;4.742043405002894;4.742043405002894;4.668023755117422
313;13;6;7.542324358085526;7.542324358085526;6.6768496052957556
314;20;6;6.756095948752914;6.756095948752914;6.347684724583461
315;19;5;5.9352995852233095;5.9352995852233095;5.698972653879683
316;13;6;6.443612874746299;6.443612874746299;5.516911248330147
317;17;6;4.84091290923346;4.84091290923346;4.970969767709871
318;22;5;3.3410791398790867;3.3410791398790867;4.030705403268914
319;13;3;1.4458517467335503;1.4458517467335503;1.8663867204864883
320;22;6;4.60633665918409;4.60633665918409;4.80014764038926
321;33;6;4.527053325980528;4.527053325980528;4.923274265276604
322;31;6;3.8157905210945677;3.8157905210945677;4.1648478186557
323;15;6;3.185474252958351;3.185474252958351;3.4545072924477704
324;32;6;3.741697854839612;3.741697854839612;4.236820412132436
325;13;6;7.5703759555696575;7.5703759555696575;6.53219255900854
326;19;5;4.88564838478008;4.88564838478008;4.574712236167335
327;33;5;4.716811805882135;4.716811805882135;5.300459448768406
328;25;6;5.361542676018139;5.361542676018139;5.242946394780383
329;25;6;3.9170399349757066;3.9170399349757066;4.267447487618955
330;21;6;3.1052063107480112;3.1052063107480112;3.3367340167194683
331;24;5;4.616450347306865;4.616450347306865;4.763574977387396
332;16;6;5.639635111599495;5.639635111599495;5.653448272212379
333;1;5;7.294559435120802;7.294559435120802;5.282819824078684
334;30;5;5.31729394376424;5.31729394376424;5.626018440898211
335;23;6;3.702867624089374;3.702867624089374;4.1611121881453705
336;6;5;10.7573671156826;10.7573671156826;8.995642813173596
337;11;6;5.8255396806771484;5.8255396806771484;5.445775616172931
338;27;5;16.55716937656034;16.55716937656034;14.374285560066761
339;1;6;14.106781174908823;14.106781174908823;9.710926542227933
340;28;6;5.040730390668454;5.040730390668454;5.4441095383101645
341;24;6;7.814991826204963;7.814991826204963;8.250666130678347
342;27;6;9.393075599072365;9.393075599072365;8.162005068175214
343;27;6;3.7556509151966124;3.7556509151966124;4.003950337373992
344;23;6;7.576422014545811;7.576422014545811;7.772167642418024
345;4;6;7.086366155754804;7.086366155754804;6.186222071640244
346;24;6;4.969013397675201;4.969013397675201;4.953183634606459
347;19;6;6.416002643402812;6.416002643402812;5.881747985456914
348;40;6;4.894728394664273;4.894728394664273;5.126933347051481
349;15;6;4.227436891812491;4.227436891812491;4.301741328724686
350;19;6;7.0594103093940355;7.0594103093940355;6.822755826537414
351;48;6;6.575102638065815;6.575102638065815;6.49181262377698
352;7;6;12.993003229286664;12.993003229286664;12.1058467186556
353;10;5;5.546958351817915;5.546958351817915;5.530206947330414
354;25;6;4.541559609292721;4.541559609292721;4.792516129783805
355;29;5;4.205968327761113;4.205968327761113;4.46038629178757
356;18;6;4.6453424574732125;4.6453424574732125;5.225685884925834
357;35;6;4.6090813963004615;4.6090813963004615;4.738890937947758
358;11;6;7.381989752003202;7.381989752003202;7.168341318722774
359;23;6;5.287565391981027;5.287565391981027;5.530156862991755
360;7;6;5.200179163174579;5.200179163174579;4.733048807997891
361;24;6;6.536322442344196;6.536322442344196;7.120983066523458
362;22;6;4.786506746444865;4.786506746444865;4.748024307472451
363;6;6;4.859700838923518;4.859700838923518;4.826992511667898
364;31;6;4.86863592300672;4.86863592300672;5.4873484482814385
365;24;6;6.432378073387522;6.432378073387522;6.345929985842827
366;20;5;6.055861445444814;6.055861445444814;5.327365504944558
367;6;6;5.65550282077504;5.65550282077504;5.617634831314735
368;24;6;3.3491150543883377;3.3491150543883377;3.851102588944495
369;21;6;5.097158643593655;5.097158643593655;5.04206970583488
370;28;6;2.950918980187878;2.950918980187878;3.312404506590789
371;30;6;5.064443109065678;5.064443109065678;5.807005942750315
372;39;6;4.134459488371552;4.134459488371552;4.769001903873703
373;14;6;6.374854942417357;6.374854942417357;6.10365493761049
374;30;6;7.151805502989857;7.151805502989857;7.18448217311785
375;12;6;7.126314772209678;7.126314772209678;6.23814555749098
376;8;6;6.631881325910231;6.631881325910231;6.399371438079829
377;9;6;6.4174333052818;6.4174333052818;5.781806490167396
378;11;6;6.7650669549615525;6.7650669549615525;6.3031937778902645
379;8;6;8.145206084775467;8.145206084775467;7.30640464737835
380;29;5;3.8875026254524414;3.8875026254524414;4.476345390662785
381;31;6;5.314952674188451;5.314952674188451;5.871255467056653
382;34;6;5.576313829234344;5.576313829234344;5.591304662504021
383;34;6;5.162112892008439;5.162112892008439;5.4011683997065605
384;33;5;4.387829206343879;4.387829206343879;4.80012361175766
385;19;6;3.5937388739604543;3.5937388739604543;4.464839061636925
386;21;6;3.897847288247908;3.897847288247908;4.890028633849397
387;19;6;5.804845659955206;5.804845659955206;6.182251069484818
388;17;6;5.657807212862093;5.657807212862093;6.368016854340518
389;15;6;5.390034112036137;5.390034112036137;5.166759152158281
390;16;6;6.370060787332796;6.370060787332796;5.716349993326273
391;18;6;6.299678538530706;6.299678538530706;6.2975119727605104
392;10;5;3.501108432953462;3.501108432953462;3.926845899923345
393;15;6;5.317341917853731;5.317341917853731;5.219761311796299
394;15;6;5.148548990196431;5.148548990196431;4.67210641707953
395;13;5;5.278257699873807;5.278257699873807;5.138124192276275
396;11;6;4.057774949933992;4.057774949933992;4.166931711383743
397;24;6;6.4486277118691175;6.4486277118691175;6.394192252281013
398;13;6;5.791683012799503;5.791683012799503;6.01043893361004
399;30;6;8.599111206767299;8.599111206767299;8.173308044578171
400;12;6;7.469395084430793;7.469395084430793;6.958072600020632
401;18;6;6.6874849508798455;6.6874849508798455;6.676251511077285
402;28;5;4.012336678871768;4.012336678871768;4.235898786026502
403;8;6;6.536709448469422;6.536709448469422;6.21918281721605
404;30;6;3.6523944776060198;3.6523944776060198;4.1909894432636765
405;11;6;5.944633890017117;5.944633890017117;6.754560060710287
406;19;6;0.0;0.0;4.513933199406234
407;19;6;0.0;0.0;4.513933199406234
408;12;6;0.0;0.0;6.838868680327888
409;12;6;0.0;0.0;6.838868680327888
410;18;5;4.256752679885964;4.256752679885964;4.396048934771117
411;9;5;6.074587388041928;6.074587388041928;5.205231866416745
412;20;6;3.7274442564017622;3.7274442564017622;3.993352875094873
413;33;6;5.022357935876121;5.022357935876121;5.342871837242442
414;15;6;5.203125920443958;5.203125920443958;5.385176541358492
415;13;5;5.1459469279426635;5.1459469279426635;5.413319250684952
416;15;6;5.469393119100399;5.469393119100399;5.455704887192578
417;23;6;0.0;0.0;7.305530041306721
418;31;5;5.697277633873641;5.697277633873641;5.531731041333399
419;20;6;0.0;0.0;7.305530041306721
420;34;6;2.4393257706731344;2.4393257706731344;2.9038826993012252
421;5;6;7.283237609207419;7.283237609207419;6.060435775329912
422;22;6;6.056571869024437;6.056571869024437;6.015218027588697
423;16;6;3.889544674022207;3.889544674022207;3.759665277352637
424;8;6;0.0;0.0;5.098985637798485
425;14;6;4.001547990884115;4.001547990884115;4.508759629292554
426;23;6;3.1392269538849686;3.1392269538849686;3.3933947679896383
427;28;6;5.505215834660985;5.505215834660985;5.629235275230939
428;31;6;6.737322845168506;6.737322845168506;6.611203214055439
429;29;6;4.811325307246623;4.811325307246623;4.8450016887838085
430;33;6;4.961814598616004;4.961814598616004;5.251311401900631
431;18;6;4.168799408086847;4.168799408086847;4.369900435293385
432;33;6;2.5325211206616887;2.5325211206616887;3.1575218541819248
433;12;6;4.928612754818232;4.928612754818232;4.002526115362871
434;25;6;3.26793705849543;3.26793705849543;3.5775109023699323
435;26;6;0.0;0.0;3.7242257456139622
436;26;6;0.0;0.0;3.7242257456139622
437;20;6;3.410713057255064;3.410713057255064;4.158723767131919
438;24;6;3.43506195608131;3.43506195608131;4.140015797656185
439;18;5;5.352263477224676;5.352263477224676;5.252683269031289
440;15;6;4.7030976248618925;4.7030976248618925;5.122930101879411
441;31;6;5.714619596214005;5.714619596214005;5.849874294224403
442;23;6;4.20587426777892;4.20587426777892;4.914485371234966
443;20;6;6.104532227245004;6.104532227245004;6.184727952028747
444;27;6;3.3764409866110388;3.3764409866110388;3.8650724593033545
445;26;6;5.316049655262982;5.316049655262982;5.96197273006436
446;17;6;6.091007120893642;6.091007120893642;6.000384907361958
447;19;6;0.0;0.0;3.667040671151198
448;20;6;0.0;0.0;3.667040671151198
449;31;6;4.5371783523384845;4.5371783523384845;4.804207978633764
450;15;6;5.026928520724768;5.026928520724768;5.333073577160078
451;38;6;5.253135586093653;5.253135586093653;5.429377435371303
452;35;6;3.8575719095259404;3.8575719095259404;4.448225871060088
453;22;5;6.702560023820046;6.702560023820046;6.241662349286668
454;45;6;3.5304319527121537;3.5304319527121537;4.001165582027688
455;42;6;5.390620441135256;5.390620441135256;5.486087893703217
456;38;6;2.7867107213882267;2.7867107213882267;3.1790629422436365
457;28;6;3.513474747132864;3.513474747132864;3.73737558863006
458;20;6;3.819870513948386;3.819870513948386;3.4859529229855566
459;20;6;3.765308540477679;3.765308540477679;4.065036399363975
460;9;6;5.671040613638245;5.671040613638245;5.7574494193743435
461;20;6;4.779477314313617;4.779477314313617;5.024133778271554
462;28;6;5.474809609335789;5.474809609335789;5.969173590820855
463;0;5;17.04725045974403;17.04725045974403;9.663851620841273
464;17;6;6.247301695331084;6.247301695331084;5.822012716191513
465;26;6;4.363996966089748;4.363996966089748;4.548942738995258
466;15;6;5.201392270058416;5.201392270058416;5.494819664395955
467;17;6;6.40396776140966;6.40396776140966;6.311808938006764
468;14;6;6.780730437413667;6.780730437413667;7.051032347206844
469;28;6;7.421298703512518;7.421298703512518;7.2511539468515815
470;1;5;7.852391298760716;7.852391298760716;5.91570930096056
471;24;6;8.699281942199754;8.699281942199754;8.334866640959229
472;30;6;2.248993121548694;2.248993121548694;2.8992453494557253
473;10;6;5.507577410307171;5.507577410307171;5.169788136025587
474;15;6;8.45670597010256;8.45670597010256;7.800528507426298
475;3;6;5.271567139792109;5.271567139792109;3.464659788466283
476;17;6;4.728271369580639;4.728271369580639;4.574119986242372
477;10;6;9.708026526983346;9.708026526983346;8.473145844250855
478;27;6;3.8343972521343206;3.8343972521343206;4.242829197335086
479;33;6;5.027341082410783;5.027341082410783;5.09837853319948
480;26;6;3.642426702594321;3.642426702594321;3.7670242786387425
481;18;6;7.314057781129702;7.314057781129702;6.992332139775127
482;16;6;7.127025362353763;7.127025362353763;7.030056640040514
483;26;6;4.408256171679708;4.408256171679708;4.558293579571379
484;21;6;7.148860674963575;7.148860674963575;6.530335890611496
485;12;6;3.333133553824168;3.333133553824168;3.757615605312314
486;10;6;3.9220628261485495;3.9220628261485495;3.9084295081419493
487;6;6;7.570912438807469;7.570912438807469;6.489393942608019
488;10;3;7.229193024341559;7.229193024341559;6.086229064788401
489;15;6;4.668436668916873;4.668436668916873;5.170466329820353
490;13;6;5.061223638107994;5.061223638107994;5.543722953313066
491;8;6;8.609861900541887;8.609861900541887;7.415516838005244
492;19;6;4.491004850613187;4.491004850613187;4.70615296336803
493;36;6;6.30232737761523;6.30232737761523;6.513370310071558
494;17;6;5.620633335980544;5.620633335980544;5.542346132391456
495;22;6;4.04315463578828;4.04315463578828;4.321726623511615
496;20;6;4.63345493615996;4.63345493615996;4.79510497197458
497;22;6;5.010464110579036;5.010464110579036;5.200536776552567
498;16;6;8.710700886105204;8.710700886105204;8.673993869722729
499;31;6;3.7167001488012024;3.7167001488012024;4.0896317793902845
500;10;3;8.936580413557227;8.936580413557227;7.348656693311284
501;3;5;5.795207202138432;5.795207202138432;3.217004877115519
502;23;6;10.405871794352823;10.405871794352823;8.914609472153577
503;1;6;5.613606642225927;5.613606642225927;4.043662160653983
504;14;6;3.3349910387212085;3.3349910387212085;3.8497779387718563
505;5;6;4.654313335801177;4.654313335801177;3.9707630741925892
506;6;5;5.654026519088282;5.654026519088282;5.585186308602276
507;9;6;5.773656198272659;5.773656198272659;5.619614963810154
508;8;6;4.735404314401956;4.735404314401956;4.3042977284837125
509;27;6;5.948911220705186;5.948911220705186;5.731044875503218
510;32;6;4.575801359707677;4.575801359707677;4.813660709509898
511;31;6;4.284428184396836;4.284428184396836;4.475885565880131
512;20;6;4.724196803861898;4.724196803861898;4.45430087878044
513;12;6;4.452921504196322;4.452921504196322;4.473829568886427
514;8;6;7.7902161998572;7.7902161998572;6.1475622653538835
515;22;6;4.489472294741539;4.489472294741539;4.619230781209022
516;31;6;4.900150602685707;4.900150602685707;5.430056274063102
517;25;6;3.1871603410254785;3.1871603410254785;3.800461535491924
518;19;6;4.8075136293130845;4.8075136293130845;5.216083268674723
519;16;6;7.510555361413236;7.510555361413236;6.656281878713611
520;37;6;3.1521552366713577;3.1521552366713577;3.703739162512966
521;13;6;4.677097184749356;4.677097184749356;4.757245046881121
522;18;6;4.764758365640142;4.764758365640142;5.349233876820677
523;23;6;5.4986981664043215;5.4986981664043215;5.731515132745399
524;26;5;6.081335149289289;6.081335149289289;5.870331982309669
525;24;6;3.813512579921974;3.813512579921974;4.064280542642712
526;35;6;3.4741400416922645;3.4741400416922645;3.850879381570254
527;29;6;5.982839980698425;5.982839980698425;6.118193764624065
528;6;6;7.51090329520543;7.51090329520543;5.722142721085784
529;28;6;5.124896128563631;5.124896128563631;5.1471699362678445
530;38;6;4.795781483441388;4.795781483441388;4.751595806497763
531;4;6;6.913169158302423;6.913169158302423;5.8970375713574015
532;40;6;3.8469569365537875;3.8469569365537875;3.8452304336501246
533;17;6;2.9895303679868146;2.9895303679868146;3.297985923782369
534;25;6;7.768530130894157;7.768530130894157;7.604830782479832
535;34;6;4.204233124514274;4.204233124514274;4.85886936985765
536;13;6;6.524007758676775;6.524007758676775;6.04598005139298
537;10;6;6.222416889024957;6.222416889024957;5.339821167289988
538;0;6;13.516261837103038;13.516261837103038;8.56203477002693
539;8;5;6.083338879388524;6.083338879388524;4.691067689613417
540;15;5;4.865689967128653;4.865689967128653;4.693824204377201
541;32;6;3.12165156749981;3.12165156749981;4.346108717296537
542;38;6;4.645839617574388;4.645839617574388;5.170492069938285
543;25;6;3.723168674260974;3.723168674260974;4.432640840592126
544;34;6;3.1619442234137205;3.1619442234137205;4.4313181770336145
545;27;6;3.399882039789444;3.399882039789444;4.1247730231641455
546;30;6;5.182738236287827;5.182738236287827;5.586679776359951
547;28;6;2.972976204595072;2.972976204595072;3.0961594879385856
548;36;6;6.9799268514580675;6.9799268514580675;6.935785647696289
549;26;6;3.2884333607359917;3.2884333607359917;3.804015478454647
550;21;6;6.040273762703427;6.040273762703427;6.295322953018385
551;14;6;6.347463223555347;6.347463223555347;5.771473317526133
552;20;6;7.924346538590723;7.924346538590723;7.955562800011115
553;1;6;9.626087133064079;9.626087133064079;4.9293083365933335
554;13;6;4.5478984301143575;4.5478984301143575;4.500388861526985
555;21;6;3.204313003240334;3.204313003240334;3.729440726974816
556;20;6;5.157336412018421;5.157336412018421;5.431066898637705
557;33;6;4.041494526488277;4.041494526488277;4.2752013804425
558;13;3;1.3312137826993944;1.3312137826993944;1.7573191562057593
559;27;6;6.289728908722979;6.289728908722979;6.072881566165358
560;13;6;3.9817432075867853;3.9817432075867853;4.390565919233331
561;32;6;3.4712936723684558;3.4712936723684558;3.9912620146229725
562;32;6;5.009163198427978;5.009163198427978;5.084164630638876
563;24;6;5.103712344514822;5.103712344514822;6.085483898595951
564;28;6;3.9540512422519307;3.9540512422519307;4.177095754395236
565;24;6;4.529169029687328;4.529169029687328;4.572647492603924
566;25;6;4.366859586667254;4.366859586667254;4.360245069592504
567;23;6;5.189664015467922;5.189664015467922;5.4998114198183
568;20;6;4.218917083880429;4.218917083880429;4.139628548845656
569;32;6;4.507980550939065;4.507980550939065;4.988419812855059
570;27;6;4.631963137485093;4.631963137485093;4.853119293967924
571;12;6;5.335514956203147;5.335514956203147;5.603264402046547
572;19;6;6.0647542890040995;6.0647542890040995;5.82463245761748
573;33;6;5.167331917943457;5.167331917943457;5.8223541167765225
574;25;6;4.773944320524718;4.773944320524718;4.999749220671499
575;2;6;10.498733132020359;10.498733132020359;6.846326419030216
576;22;6;3.497428404466759;3.497428404466759;3.801713900740869
577;19;6;6.838611528886184;6.838611528886184;7.723875392287108
578;33;6;6.810007933295308;6.810007933295308;6.478707437447751
579;24;6;6.280830000572642;6.280830000572642;5.980892111147778
580;52;6;5.552244128065787;5.552244128065787;5.468075052989571
581;18;6;4.330904760551275;4.330904760551275;4.111470139176193
582;18;6;4.686712618357415;4.686712618357415;4.906081134469002
583;14;5;6.25955751237721;6.25955751237721;6.074727686285138
584;26;6;4.946610396420043;4.946610396420043;5.452351680907117
585;24;6;4.537102541425711;4.537102541425711;4.82450290233373
586;10;6;5.450629428514945;5.450629428514945;5.549481631980661
587;9;6;3.17014099311762;3.17014099311762;3.83673039169846
588;29;5;4.235391423443512;4.235391423443512;4.38582568968555
589;7;6;5.448458226366339;5.448458226366339;4.57869409460923
590;18;6;5.562156082760984;5.562156082760984;5.5935003273488295
591;17;6;5.533996465457434;5.533996465457434;5.556298042463774
592;14;3;1.0923704240309597;1.0923704240309597;1.5650694835328605
593;5;6;6.112049784339318;6.112049784339318;5.249267847911349
594;17;6;3.8532198742300987;3.8532198742300987;3.661657578456135
595;9;6;8.274800815184067;8.274800815184067;6.618988765017041
596;15;6;8.174920406851527;8.174920406851527;7.6123213190642485
597;21;6;3.833352994972989;3.833352994972989;4.029986786949526
598;6;5;7.230722037136115;7.230722037136115;4.837904436984771
599;25;5;4.510688913313651;4.510688913313651;4.747554054552947
600;17;6;6.218015152088794;6.218015152088794;6.166142072809575
601;24;6;5.277772956587536;5.277772956587536;5.3106429625124365
602;21;6;3.6292864542590366;3.6292864542590366;4.2359038632373185
603;29;6;5.683482959643933;5.683482959643933;5.602065530050513
604;24;5;4.631954250228542;4.631954250228542;4.961759863160166
605;8;6;9.69075221887704;9.69075221887704;7.524776886057147
606;28;6;5.300058702211466;5.300058702211466;5.018888235598839
607;31;6;3.4775419582893665;3.4775419582893665;3.8270704321928
608;19;6;5.342124646339409;5.342124646339409;5.595397435936159
609;14;3;1.3927851563002496;1.3927851563002496;1.751113301096807
610;19;5;5.802716773611756;5.802716773611756;5.363269438332011
611;5;6;4.455443173568535;4.455443173568535;3.9126848718875022
612;32;6;6.198940120080594;6.198940120080594;6.144490042423693
613;3;6;10.182810307880318;10.182810307880318;8.087969485057021
614;4;6;7.5085349794876475;7.5085349794876475;6.195948849150759
615;14;6;6.856302424742622;6.856302424742622;6.477089279956571
616;9;6;8.690126340280619;8.690126340280619;7.89020932129261
617;18;5;9.78165363405964;9.78165363405964;8.588395322418066
618;24;6;3.0984981568121888;3.0984981568121888;3.6984762605033863
619;19;6;3.3111139995848533;3.3111139995848533;3.5863820222523843
620;19;6;5.327895870954825;5.327895870954825;5.161835738588639
621;22;6;3.3939540392972725;3.3939540392972725;3.77770654076563
622;24;6;4.2449604726825845;4.2449604726825845;5.024431672212648
623;21;6;3.0321828714617673;3.0321828714617673;3.4145264447704506
624;23;6;5.099442877010095;5.099442877010095;5.213483952026652
625;16;6;6.974216522419967;6.974216522419967;6.5272707231567875
626;30;6;4.922003174023263;4.922003174023263;5.235806102363406
627;23;6;4.497904250699231;4.497904250699231;4.4642089786848596
628;21;6;3.4303943399815715;3.4303943399815715;3.57768399282747
629;25;6;6.471754895031509;6.471754895031509;6.260237415739338
630;24;6;4.773736705419393;4.773736705419393;4.943651448201596
631;21;6;7.653984046465375;7.653984046465375;7.160826186318639
632;24;6;3.9361692382909577;3.9361692382909577;4.0664336748287715
633;15;6;3.9871933343035333;3.9871933343035333;4.418230520947298
634;25;5;3.3430603396476113;3.3430603396476113;3.9672670535823915
635;14;6;6.98460838452821;6.98460838452821;6.749831099749307
636;25;6;6.277550646569173;6.277550646569173;6.657486547282137
637;16;5;5.156297382617186;5.156297382617186;5.1953449294571215
638;20;6;5.619585334879202;5.619585334879202;5.8522912961921385
639;28;6;4.00747910349685;4.00747910349685;4.319604424851544
640;14;6;4.173821649786121;4.173821649786121;4.3512346133449595
641;40;6;3.941333679619912;3.941333679619912;4.519050991209187
642;38;6;4.749912822450861;4.749912822450861;5.21525224447429
643;13;5;12.410210903041756;12.410210903041756;10.174051281616192
644;9;6;9.60685553546876;9.60685553546876;8.340491246869707
645;20;6;5.796686633201279;5.796686633201279;5.755202700830266
646;30;6;3.59586956916263;3.59586956916263;3.813831515548622
647;32;6;5.520309110346929;5.520309110346929;5.747960291431926
648;17;6;4.389984009188041;4.389984009188041;4.234779076641568
649;25;6;3.624409447542118;3.624409447542118;4.597158822385076
650;22;6;4.335297802209124;4.335297802209124;4.608795959184225
651;33;5;7.843722183262287;7.843722183262287;7.370267434843336
652;23;5;4.207031370976353;4.207031370976353;4.324355924431925
653;27;6;2.2746368972994615;2.2746368972994615;3.3541232934148897
654;13;6;5.204285607822721;5.204285607822721;5.518233643944399
655;25;6;4.193463070186557;4.193463070186557;4.35228412804032
656;19;6;4.064539837843299;4.064539837843299;4.219187213915565
657;32;6;6.936566258704099;6.936566258704099;6.54598483834682
658;13;6;6.292691913569789;6.292691913569789;6.268123039713395
659;12;5;3.2749577700769312;3.2749577700769312;4.277045276275741
660;32;6;4.787465091525834;4.787465091525834;5.050929925424458
661;3;6;12.206329447034472;12.206329447034472;9.00437585049658
662;19;5;5.833812317561066;5.833812317561066;5.9571061756889385
663;33;5;3.9086432896160983;3.9086432896160983;4.2019191402055505
664;16;6;3.347941889782395;3.347941889782395;3.466404837514482
665;23;6;5.139257666718571;5.139257666718571;5.248349465706998
666;23;6;3.590705738915064;3.590705738915064;4.202849220236728
667;4;6;8.486563517949701;8.486563517949701;6.364998244813707
668;18;6;4.69957834108971;4.69957834108971;4.999557085999534
669;37;6;5.531549090596368;5.531549090596368;6.415776567846109
670;38;6;4.8362080888817625;4.8362080888817625;5.353757007416251
671;27;6;6.644776616221774;6.644776616221774;6.516382901458592
672;18;6;5.300354420651177;5.300354420651177;4.979287893443657
673;38;6;3.810964187218763;3.810964187218763;4.0539623662615485
674;11;6;7.392236343673373;7.392236343673373;6.906276142382761
675;19;6;10.058385961828094;10.058385961828094;8.689482425379955
676;16;6;4.792349087997382;4.792349087997382;4.583192664030888
677;12;6;4.245556807261431;4.245556807261431;4.740428317690259
678;15;6;6.1993714248982625;6.1993714248982625;6.08203953100539
679;29;5;8.456876306490539;8.456876306490539;7.407168390400321
680;29;6;6.517634540018454;6.517634540018454;6.016538972285139
681;19;6;4.832590881603676;4.832590881603676;5.43055131378221
682;9;6;6.049739099419249;6.049739099419249;5.620287934575922
683;14;6;8.0454130999111;8.0454130999111;6.906149348931885
684;0;6;6.338599588491053;6.338599588491053;4.159661966395029
685;21;6;5.928775122739119;5.928775122739119;5.833118328564667
686;10;5;4.468791838073341;4.468791838073341;4.318474566570089
687;19;6;6.862099071460217;6.862099071460217;7.130641997433844
688;22;6;6.5013139640196735;6.5013139640196735;6.680630591214513
689;40;6;3.02961400468741;3.02961400468741;3.3623803224326503
690;25;6;4.760502997297424;4.760502997297424;5.0012181548854695
691;13;6;7.577037540630896;7.577037540630896;7.393804163148041
692;17;6;4.2566537157496445;4.2566537157496445;4.209138998489213
693;10;6;7.2461323427324995;7.2461323427324995;6.485670792394732
694;21;6;6.680782522883117;6.680782522883117;5.877785897612386
695;1;6;9.02513438340385;9.02513438340385;5.952235135870545
696;2;6;7.456611820772179;7.456611820772179;5.6306007727685365
697;31;6;5.504439676279776;5.504439676279776;5.301528614337569
698;12;6;6.571423686534058;6.571423686534058;5.528644499570031
699;34;6;4.011751150093248;4.011751150093248;4.257175319757498
700;15;5;4.308379789716258;4.308379789716258;4.684959808898582
701;6;5;6.847191364177276;6.847191364177276;6.067616884591482
702;13;6;3.622753074386233;3.622753074386233;3.9679923643456023
703;5;6;4.794161148803239;4.794161148803239;4.402967112957323
704;6;6;8.75267600178638;8.75267600178638;7.0690397878526205
705;22;6;5.9812158353498734;5.9812158353498734;6.027516354594135
706;6;6;6.610713350660066;6.610713350660066;5.497421414538104
707;11;4;5.303801768606494;5.303801768606494;4.9629818310452585
708;4;5;11.243755670827566;11.243755670827566;8.628188746369863
709;16;6;4.515268263107578;4.515268263107578;4.61332401075245
710;14;5;6.446432463189345;6.446432463189345;5.809575548024458
711;14;6;6.5892437827212085;6.5892437827212085;5.951407401715054
712;5;5;6.526124967235447;6.526124967235447;5.32356826337779
713;30;6;4.859030940913427;4.859030940913427;5.005591260014325
714;15;6;8.58668725336794;8.58668725336794;7.547843935962738
715;25;6;6.346971276288233;6.346971276288233;6.516385584489175
716;24;6;4.714649490795573;4.714649490795573;4.962858321468152
717;29;6;5.308684351649532;5.308684351649532;5.492275678060808
718;7;6;4.770199215519601;4.770199215519601;4.237337400755545
719;35;6;4.787283308282738;4.787283308282738;4.9548153175205245
720;14;3;1.5549833103342325;1.5549833103342325;1.8803087794471096
721;23;6;5.727293533310575;5.727293533310575;5.631890746732591
722;2;6;7.018077435588044;7.018077435588044;5.460655089414721
723;25;6;8.609325658963838;8.609325658963838;8.635107432668718
724;24;6;3.9556403918248404;3.9556403918248404;4.241531101922638
725;33;6;5.897854478997914;5.897854478997914;5.825303299215104
726;18;6;4.313420531104932;4.313420531104932;4.611809070594359
727;9;6;7.331086121377165;7.331086121377165;5.717172486609467
728;33;6;4.612269047602523;4.612269047602523;4.6910811372402454
729;15;6;3.750721796142011;3.750721796142011;3.6672506082184797
730;18;6;4.9884434551715575;4.9884434551715575;5.3254301962537305
731;30;6;5.126106929701038;5.126106929701038;5.323471225705553
732;30;6;3.4321080937637416;3.4321080937637416;3.609287094041637
733;26;6;5.033244260010603;5.033244260010603;4.9181062762990395
734;31;6;4.4069709594145605;4.4069709594145605;5.463271950260358
735;18;6;7.04726751538842;7.04726751538842;6.0808382364660885
736;42;6;5.508130418692388;5.508130418692388;5.495728028921794
737;24;5;5.140645404563182;5.140645404563182;5.274391646762891
738;19;5;5.167066962026938;5.167066962026938;4.991763665103592
739;10;4;4.06656201727685;4.06656201727685;5.064613805083072
740;20;6;6.338902760271442;6.338902760271442;6.27615359001695
741;10;6;8.688321528121518;8.688321528121518;7.325899876251182
742;15;6;6.368878677548749;6.368878677548749;6.302679814435164
743;24;6;7.563312133128646;7.563312133128646;7.355353119471888
744;12;5;4.601243182676484;4.601243182676484;4.771225042982707
745;5;6;6.0543921102221585;6.0543921102221585;4.946605444055739
746;6;6;5.3930151719658355;5.3930151719658355;5.142796222268273
747;29;6;4.172637424924035;4.172637424924035;4.50370450865801
748;12;6;8.198389146678279;8.198389146678279;6.1472272027666195
749;21;6;4.5705441076043645;4.5705441076043645;4.881038122451301
750;40;6;3.00307927319564;3.00307927319564;3.3462586463827257
751;7;6;9.99147638729957;9.99147638729957;7.976487399186108
752;8;6;6.3116264068008014;6.3116264068008014;5.812098554181494
753;30;6;7.5720426619082035;7.5720426619082035;6.830399464024671
754;17;6;4.414544676100605;4.414544676100605;4.196638024969374
755;5;6;7.846326178148939;7.846326178148939;6.434240139651312
756;15;6;6.140604456810909;6.140604456810909;6.317483355459512
757;18;6;4.940959753200144;4.940959753200144;4.734347291325088
758;26;5;3.9116699004854927;3.9116699004854927;4.0667570657070105
759;14;3;3.756641438538962;3.756641438538962;3.4298247729225855
760;23;6;6.811639192318295;6.811639192318295;6.548284400890025
761;14;5;7.587254140539408;7.587254140539408;7.256754774224729
762;32;6;4.2342222947529935;4.2342222947529935;4.510004894432896
763;20;6;6.296083612625767;6.296083612625767;6.087342338789939
764;10;4;3.066662004505356;3.066662004505356;4.278263895047357
765;15;6;5.444379770736144;5.444379770736144;5.370223729794036
766;9;6;7.383398749201368;7.383398749201368;6.833074724498804
767;37;6;7.069706535542271;7.069706535542271;7.274279146484532
768;18;6;5.421283944594975;5.421283944594975;5.362700307791135
769;28;6;4.340541178871649;4.340541178871649;4.7168437615380165
770;20;6;6.6269663079763035;6.6269663079763035;6.2605882099354595
771;33;6;6.352966447541735;6.352966447541735;6.481883668421812
772;34;6;2.884039177846164;2.884039177846164;4.186319151293281
773;34;6;3.2643567443182957;3.2643567443182957;4.935423047782744
774;31;6;3.851262631095793;3.851262631095793;4.067590987034736
775;45;6;3.5197995133125892;3.5197995133125892;3.906723403890511
776;30;6;5.419785215468968;5.419785215468968;5.709173366679077
777;41;6;3.484301918832764;3.484301918832764;3.9053211144959774
778;2;5;10.798943684879665;10.798943684879665;7.5703271086508295
779;20;6;8.507493369135833;8.507493369135833;8.476723396588625
780;31;6;4.891075291891689;4.891075291891689;4.954609697837297
781;37;6;4.456096001279579;4.456096001279579;4.696131113706842
782;16;6;3.896738301183093;3.896738301183093;3.866267236111649
783;30;6;5.998496607081036;5.998496607081036;6.361945862514113
784;14;6;5.63959142141;5.63959142141;5.60652426649657
785;24;6;8.001050305065055;8.001050305065055;7.370671723748796
786;9;5;7.392068450931821;7.392068450931821;5.482288283392487
787;9;5;4.20936058645608;4.20936058645608;4.367956952821828
788;5;5;6.553885908804536;6.553885908804536;6.420795977313439
789;11;5;5.295280116079424;5.295280116079424;5.428944719223484
790;31;6;3.8743103899563214;3.8743103899563214;4.003279311534808
791;45;6;3.8383348356063496;3.8383348356063496;4.293801020386139
792;4;6;5.0194812301711975;5.0194812301711975;5.0286803490166765
793;3;6;6.383284084823823;6.383284084823823;5.167288583491153
794;27;6;4.3380170821615165;4.3380170821615165;4.7672221433222886
795;21;6;4.788863034805691;4.788863034805691;5.888174570222955
796;3;6;3.873094529903816;3.873094529903816;3.4714164763971262
797;6;6;3.739572942070147;3.739572942070147;3.5546451184726346
798;12;5;5.844435467316535;5.844435467316535;5.40552830849705
799;16;6;4.583650404962337;4.583650404962337;4.974753392420692
800;21;6;4.937031922400857;4.937031922400857;5.506024212143864
801;38;6;4.621901023624075;4.621901023624075;4.823166120064153
802;21;6;4.7820940457502505;4.7820940457502505;5.387379600745208
803;36;6;4.338475025231269;4.338475025231269;4.648371490936378
804;43;6;5.987274280525754;5.987274280525754;6.742396661797894
805;29;6;5.724121161444114;5.724121161444114;5.721895698257257
806;22;6;7.48197245920014;7.48197245920014;7.145480419824112
807;24;6;5.931518470877358;5.931518470877358;6.303556284405319
808;7;6;7.2938403484099705;7.2938403484099705;6.227798834493691
809;28;6;6.029201406353206;6.029201406353206;5.952304182166956
810;26;6;4.417560258471193;4.417560258471193;4.815600124975549
811;14;6;4.586150439618587;4.586150439618587;4.46087250776788
812;26;6;7.5223021004287265;7.5223021004287265;7.09555694368674
813;7;6;6.679407465645079;6.679407465645079;6.342709051637216
814;7;6;8.652755708108955;8.652755708108955;6.809469328354526
815;29;6;4.727937073408338;4.727937073408338;4.836354430638651
816;23;6;5.277153390034911;5.277153390034911;5.380475216749005
817;20;6;6.881439900789091;6.881439900789091;6.565892896706633
818;3;6;9.938770546748938;9.938770546748938;8.748592171157744
819;26;6;4.8755114656205;4.8755114656205;4.830833032874033
820;22;6;4.261237806085621;4.261237806085621;4.38570752591792
821;21;6;4.917685093055846;4.917685093055846;4.686598754666363
822;27;6;3.659347344832523;3.659347344832523;4.051514414648298
823;30;5;4.080095678165936;4.080095678165936;4.14617160903317
824;32;6;4.765891395690019;4.765891395690019;5.185141592564152
825;38;6;8.289559363602034;8.289559363602034;7.721995012426427
826;18;6;5.377567290841665;5.377567290841665;5.2940370159451
827;36;6;4.462365103349894;4.462365103349894;4.955026189972336
828;35;6;4.2481430760453875;4.2481430760453875;4.320874279411187
829;42;6;3.6787420671491646;3.6787420671491646;4.251478975136295
830;25;5;6.244657306486528;6.244657306486528;6.403198424904902
831;24;6;4.078436262877176;4.078436262877176;3.9714311517852545
832;14;6;7.881507258020963;7.881507258020963;6.9725383431828725
833;35;6;3.7251765861733905;3.7251765861733905;4.038536008517297
834;9;6;10.261349135323561;10.261349135323561;8.417146334763537
835;15;6;5.090763786049287;5.090763786049287;4.860298738463602
836;5;6;7.281645634192129;7.281645634192129;6.597472061525436
837;20;6;7.114777039610765;7.114777039610765;6.854796245772735
838;12;6;4.290079807783759;4.290079807783759;4.465370592321801
839;34;6;5.071201381214611;5.071201381214611;5.512235085107505
840;25;6;4.768135384519725;4.768135384519725;4.799709402625273
841;6;3;9.449215302258581;9.449215302258581;6.33901144982895
842;23;6;9.774866344868782;9.774866344868782;8.848535703486336
843;8;6;5.06554358687079;5.06554358687079;4.735212807935299
844;15;6;8.258148027715594;8.258148027715594;7.662192970907327
845;40;6;6.090756192844347;6.090756192844347;6.392884511350904
846;10;6;6.0066726897501015;6.0066726897501015;5.5850155595174265
847;26;6;5.4390717429933915;5.4390717429933915;5.582782805853788
848;29;6;4.543697068845248;4.543697068845248;4.480292084242049
849;26;6;4.882462468466884;4.882462468466884;5.119767361700722
850;7;5;4.491420793978456;4.491420793978456;4.157169997261867
851;13;5;6.8439434392136365;6.8439434392136365;6.685524563615768
852;12;6;3.8656242247389985;3.8656242247389985;3.5963632410020954
853;24;6;6.089703900847798;6.089703900847798;6.292114030828047
854;16;6;3.6689028840293676;3.6689028840293676;4.037176913432359
855;11;6;5.489927412953112;5.489927412953112;5.252648227068326
856;12;6;4.7741017276591915;4.7741017276591915;4.834030309408409
857;39;6;4.304996975799995;4.304996975799995;4.470328478624999
858;21;5;4.206594099540686;4.206594099540686;4.692826583922614
859;29;6;3.5456953417401893;3.5456953417401893;4.450062213752764
860;35;6;3.518918424854015;3.518918424854015;3.7935851091205905
861;6;5;7.661679631340567;7.661679631340567;6.628837367840295
862;14;5;4.257537226673625;4.257537226673625;4.455464779957258
863;30;6;6.19901780143469;6.19901780143469;5.938567689670682
864;29;6;6.633780951439385;6.633780951439385;6.8840610651720775
865;32;5;4.703964667832348;4.703964667832348;4.968643075642532
866;19;6;3.0779778143700627;3.0779778143700627;3.300492767600526
867;30;6;4.839166282871429;4.839166282871429;5.7258367346091985
868;13;5;5.011174336104398;5.011174336104398;4.963359175094273
869;40;6;4.390355246012057;4.390355246012057;4.706782410858817
870;27;6;5.4934581158354785;5.4934581158354785;5.321513183871711
871;19;6;5.589747476688746;5.589747476688746;5.462440969378405
872;18;6;3.847004394594973;3.847004394594973;4.168185731022569
873;12;5;7.947757356227678;7.947757356227678;6.559242355829625
874;1;5;9.747033303234907;9.747033303234907;6.411130263949147
875;10;5;5.604015735728109;5.604015735728109;5.556173820530377
876;29;6;3.6354937524166737;3.6354937524166737;4.278993407720376
877;35;6;5.993677522426483;5.993677522426483;6.101693905677759
878;31;6;6.393341128122274;6.393341128122274;6.586216293128747
879;21;6;5.270795591173823;5.270795591173823;5.634397266323495
880;40;6;5.0066571480478865;5.0066571480478865;5.26477632082416
881;7;6;4.4107402919402166;4.4107402919402166;4.0153906055633115
882;31;6;4.661585162984232;4.661585162984232;4.944293163687592
883;27;6;7.239794372233991;7.239794372233991;7.625725998153294
884;34;6;4.4447257797167845;4.4447257797167845;4.719526205848305
885;19;6;4.7321648744427245;4.7321648744427245;4.888104963926705
886;28;6;5.262027286256911;5.262027286256911;5.436500358073709
887;20;6;4.635501312298278;4.635501312298278;4.7672592206633135
888;17;6;6.0901589864611045;6.0901589864611045;6.5315769484782535
889;20;6;6.260562906088142;6.260562906088142;6.584301025315058
890;30;6;3.973044526325897;3.973044526325897;4.230059687208029
891;29;6;5.322782906446909;5.322782906446909;5.438443761204421
892;17;6;3.9171963448308516;3.9171963448308516;4.306260373841986
893;21;6;5.698141429970731;5.698141429970731;5.626943883306933
894;32;6;3.035545579372168;3.035545579372168;3.389534400259689
895;34;6;2.294135184140133;2.294135184140133;2.7771220639721372
896;18;6;3.853233588242139;3.853233588242139;4.213074407137307
897;17;6;4.325334782544999;4.325334782544999;4.536134975129176
898;28;6;6.893928373982483;6.893928373982483;6.638729275590216
899;10;5;4.964340656539643;4.964340656539643;4.697284430676119
900;6;6;6.050714868791773;6.050714868791773;6.090317476328812
901;12;6;6.510804532304749;6.510804532304749;5.5912365509940525
902;36;6;4.372673887237938;4.372673887237938;4.8526093646047395
903;19;6;8.504003218895118;8.504003218895118;8.186926201768188
904;31;6;3.0205607420173144;3.0205607420173144;3.4157926551213222
905;15;6;5.145621529800313;5.145621529800313;5.193402863514438
906;17;6;4.788271657806148;4.788271657806148;5.248658282391333
907;33;6;3.963448995570232;3.963448995570232;4.262309206613767
908;17;6;4.123506238991924;4.123506238991924;4.433200716222948
909;25;6;4.496612379753766;4.496612379753766;4.5605935924650405
910;36;6;5.322551530729999;5.322551530729999;5.1017547656781
911;17;6;5.4537774314504395;5.4537774314504395;5.480986705162506
912;39;6;4.3561046685296665;4.3561046685296665;4.687339347692632
913;17;6;4.375190817819513;4.375190817819513;4.651910830448304
914;12;6;5.0885479778728255;5.0885479778728255;5.06601900733984
915;6;6;8.653667854547429;8.653667854547429;7.449499259617712
916;17;5;5.421817149522707;5.421817149522707;5.645750183314423
917;24;6;4.4015993291864355;4.4015993291864355;4.614971785980229
918;10;6;5.762581592177259;5.762581592177259;5.2661971924929745
919;27;6;4.103216072722873;4.103216072722873;4.368948039075192
920;33;6;3.1923856325395006;3.1923856325395006;3.6389291615050863
921;29;5;4.09341454613891;4.09341454613891;4.960932559794281
922;8;5;3.721171475341449;3.721171475341449;4.064908810485776
923;3;6;8.207542889575253;8.207542889575253;5.823034214583803
924;28;5;4.301343314129687;4.301343314129687;4.53825790224879
925;24;6;4.9090788124212335;4.9090788124212335;5.1581299556359355
926;5;6;11.201294614219398;11.201294614219398;9.688114628939637
927;7;6;10.839247504503742;10.839247504503742;9.55237997641605
928;29;6;2.897689592401272;2.897689592401272;3.66644858691109
929;29;6;3.497203899247495;3.497203899247495;4.437289268352294
930;35;6;4.342421318711534;4.342421318711534;4.726965072898964
931;12;6;0.0;0.0;5.773235424639747
932;12;6;0.0;0.0;5.773235424639747
933;12;6;0.0;0.0;6.177163083645728
934;11;6;0.0;0.0;6.177163083645728
935;11;6;0.0;0.0;6.209324343279758
936;10;6;0.0;0.0;6.209324343279758
937;30;6;4.440144127979598;4.440144127979598;4.67460665273755
938;8;5;4.698579706045452;4.698579706045452;4.437315250115793
939;27;6;5.036945501602831;5.036945501602831;5.4514836218419065
940;32;6;6.743267377708528;6.743267377708528;6.4265321582796835
941;14;6;6.522561850010525;6.522561850010525;6.511006732111801
942;21;6;4.093713666263591;4.093713666263591;4.3185919561208985
943;25;5;4.571722276787674;4.571722276787674;4.685979535354755
944;27;6;4.16215694260732;4.16215694260732;4.681372474834896
945;35;6;4.109678027301793;4.109678027301793;4.351209281601426
946;21;5;6.440503659845829;6.440503659845829;6.436765604864192
947;16;6;4.801121676340188;4.801121676340188;4.568801415376526
948;22;6;4.514372308391789;4.514372308391789;4.939238927858395
949;42;6;4.324854483836087;4.324854483836087;5.3929237176715645
950;33;5;4.87877022758205;4.87877022758205;5.603923641457057
951;11;6;8.678291754088805;8.678291754088805;7.793550641349026
952;6;6;6.853266861543817;6.853266861543817;5.9620703959125265
953;20;6;6.084197083574666;6.084197083574666;6.279553920821548
954;9;6;8.345553007347386;8.345553007347386;6.247792647101989
955;2;6;10.847223289389756;10.847223289389756;7.320952545265699
956;37;6;5.456614947419991;5.456614947419991;6.054445908607231
957;25;6;6.642131618063496;6.642131618063496;6.541922590000888
958;20;6;8.750549354809282;8.750549354809282;8.50072719340176
959;30;6;4.6327820700344065;4.6327820700344065;4.879718961675977
960;16;6;5.736199482719682;5.736199482719682;5.863429401383658
961;14;6;5.943598267467433;5.943598267467433;6.1624250491250265
962;6;6;0.0;0.0;4.668385666563052
963;6;6;0.0;0.0;4.668385666563052
964;9;6;0.0;0.0;5.437195206054459
965;9;6;0.0;0.0;5.437195206054459
966;15;6;0.0;0.0;6.562336455364552
967;15;6;0.0;0.0;6.562336455364552
968;14;6;7.8132032567281;7.8132032567281;7.22549748718036
969;20;6;0.0;0.0;6.0465053250541265
970;20;6;0.0;0.0;6.0465053250541265
971;3;6;10.283493916808045;10.283493916808045;6.477586755197302
972;12;6;6.269901696682372;6.269901696682372;5.3539293369368846
973;9;6;8.883993537990342;8.883993537990342;7.609587975953031
974;4;6;0.0;0.0;5.310115745035606
975;4;6;0.0;0.0;5.310115745035606
976;8;6;7.95886177178759;7.95886177178759;7.169113769676736
977;9;6;7.14033884567404;7.14033884567404;5.921242658965529
978;15;6;0.0;0.0;5.19936168435724
979;16;6;0.0;0.0;5.19936168435724
980;12;6;3.2265988446489984;3.2265988446489984;4.013847641221631
981;11;6;3.2029132538809955;3.2029132538809955;4.04567125925824
982;23;6;5.339977088811501;5.339977088811501;5.778474237989818
983;4;5;22.96182399028095;22.96182399028095;16.510589379824218
984;20;6;0.0;0.0;4.140941159818633
985;20;6;0.0;0.0;4.140941159818633
986;14;6;0.0;0.0;4.99274107485759
987;14;6;0.0;0.0;4.99274107485759
988;2;4;5.71381400849981;5.71381400849981;3.469593881217864
989;2;5;0.0;0.0;3.2863208568550433
990;2;5;0.0;0.0;3.2863208568550433
991;9;6;5.489398869085667;5.489398869085667;6.303744634177314
992;13;6;5.25817416835566;5.25817416835566;5.224963998367972
993;31;6;6.208683046369771;6.208683046369771;6.175990081765129
994;30;6;5.398574052395518;5.398574052395518;6.062348384142733
995;27;6;7.892408102174029;7.892408102174029;7.679320703397041
996;18;5;7.597094028075961;7.597094028075961;7.006638641570392
997;3;5;5.994060878116582;5.994060878116582;4.9933375782288385
998;3;6;6.658662166774973;6.658662166774973;6.522113849944584
999;3;5;5.734892691980593;5.734892691980593;5.731875723281486
1000;1;6;9.089866694134884;9.089866694134884;5.298014174963506
1001;16;6;6.644312036690421;6.644312036690421;6.038319158314536
1002;25;6;3.5786504393958727;3.5786504393958727;4.277388664070422
1003;25;6;6.803885713490278;6.803885713490278;7.405554215002053
1004;27;6;3.2701160401369966;3.2701160401369966;3.7105336900059673
1005;10;6;8.862957725620992;8.862957725620992;8.242271203908546
1006;28;6;0.0;0.0;4.848904756652542
1007;28;6;0.0;0.0;4.848904756652542
1008;16;5;0.0;0.0;4.496224885646679
1009;16;5;0.0;0.0;4.496224885646679
1010;26;6;4.292381014411834;4.292381014411834;4.642168908710849
1011;31;6;0.0;0.0;3.79932469854389
1012;33;6;0.0;0.0;3.79932469854389
1013;14;6;6.091909333542543;6.091909333542543;5.996714457063306
1014;25;6;0.0;0.0;4.435416306502324
1015;24;6;0.0;0.0;4.435416306502324
1016;13;5;3.8124692943005773;3.8124692943005773;5.141917241088994
1017;11;6;3.6286401771374894;3.6286401771374894;4.762800495881538
1018;5;6;0.0;0.0;5.3193822088086105
1019;5;6;0.0;0.0;5.3193822088086105
1020;23;6;5.42622458153929;5.42622458153929;5.720258806535672
1021;4;6;13.800099878087329;13.800099878087329;10.20767614472429
1022;8;6;5.774207546983806;5.774207546983806;6.223685211408329
1023;8;6;6.526425358182674;6.526425358182674;5.814575646186943
1024;20;5;0.0;0.0;3.3062402234865536
1025;21;5;0.0;0.0;3.3062402234865536
1026;11;6;0.0;0.0;5.279449487813462
1027;11;6;0.0;0.0;5.279449487813462
1028;17;6;4.073748730031808;4.073748730031808;3.7583639543254828
1029;23;6;4.405874759214623;4.405874759214623;5.119629455645263
1030;9;6;10.002545119663974;10.002545119663974;8.811587375870984
1031;27;6;5.121192112284158;5.121192112284158;5.35110190508233
1032;22;6;6.779212321515703;6.779212321515703;6.465609522334687
1033;5;6;7.375110114129303;7.375110114129303;5.891246994646593
1034;22;5;5.921551656017955;5.921551656017955;5.955033513975412
1035;14;6;5.278284296038708;5.278284296038708;5.303562635408814
1036;27;6;4.530686208471962;4.530686208471962;4.9940883779259035
1037;37;5;6.666237927423054;6.666237927423054;6.607657438815667
1038;25;6;3.195372141512896;3.195372141512896;3.5471172299777023
1039;0;6;9.316108100224774;9.316108100224774;5.260124749374157
1040;31;6;6.8936115202755985;6.8936115202755985;7.494880843973696
1041;36;6;4.66309686151037;4.66309686151037;5.326759667638328
1042;32;6;4.0088165756919505;4.0088165756919505;4.643461066168756
1043;26;6;4.096487202568793;4.096487202568793;4.535372400035051
1044;19;6;6.76444130298214;6.76444130298214;6.662911472119553
1045;33;6;3.9012935436849285;3.9012935436849285;4.474256641789706
1046;16;6;5.88339026254125;5.88339026254125;5.440171123454917
1047;28;6;3.624589460219076;3.624589460219076;4.027439845569094
1048;29;6;4.650481739165206;4.650481739165206;4.750228407643763
1049;30;6;4.338079701984348;4.338079701984348;4.516685373127933
1050;17;5;3.1296402122983062;3.1296402122983062;3.4506102176973665
1051;18;6;8.335789833594848;8.335789833594848;7.480412077286439
1052;11;6;6.634871438283263;6.634871438283263;6.211459355542161
1053;20;6;6.499281155450487;6.499281155450487;6.546864029785757
1054;38;6;5.5387526670722425;5.5387526670722425;5.716938238457492
1055;30;6;3.4068157787200803;3.4068157787200803;3.7371708988780807
1056;40;6;6.93424599528122;6.93424599528122;6.927577587126544
1057;31;5;2.4257559261892707;2.4257559261892707;3.0764940234382125
1058;12;4;3.0663419211931204;3.0663419211931204;4.333041777171305
1059;17;6;5.205386209552365;5.205386209552365;5.150389868434555
1060;13;6;4.767318557986033;4.767318557986033;5.0794261966135155
1061;11;6;6.748754897500254;6.748754897500254;6.687140180592433
1062;22;6;6.424385683836176;6.424385683836176;6.018315999991421
1063;26;6;7.8795326924913685;7.8795326924913685;7.323395379081809
1064;15;6;3.682971622418521;3.682971622418521;3.9217831955670164
1065;45;6;5.529745681303255;5.529745681303255;5.950856331771255
1066;16;6;5.290240158421447;5.290240158421447;5.304947197132232
1067;19;6;3.5438731323515986;3.5438731323515986;4.1350759144217575
1068;13;6;5.778093695002132;5.778093695002132;5.66612560520208
1069;35;6;5.59689779844205;5.59689779844205;5.5153370570316
1070;11;6;3.185055573906739;3.185055573906739;3.529664491939583
1071;26;6;6.570760272813514;6.570760272813514;6.661466503464373
1072;33;6;6.141866194841196;6.141866194841196;6.090506631907196
1073;29;6;5.7648672809642;5.7648672809642;5.934641886768581
1074;9;6;5.084044082927109;5.084044082927109;4.957372378245902
1075;21;6;10.261497875245585;10.261497875245585;9.851377414254221
1076;20;5;3.894785936556876;3.894785936556876;4.493721910355832
1077;12;5;3.6587173623461027;3.6587173623461027;4.578604561937774
1078;4;6;9.464734851459076;9.464734851459076;7.743091829593273
1079;4;6;4.676018712662719;4.676018712662719;3.660591010614195
1080;15;6;5.670472801002075;5.670472801002075;5.645113785444678
1081;21;6;5.926826814950906;5.926826814950906;5.764402079751945
1082;41;6;3.077129232009918;3.077129232009918;3.2838279232686576
1083;24;5;3.1366252578789724;3.1366252578789724;3.801436899189962
1084;24;6;3.9118023140720037;3.9118023140720037;4.064982871025524
1085;20;6;4.948724493784134;4.948724493784134;4.6640370101297695
1086;26;6;2.461214935358185;2.461214935358185;3.0158909999441716
1087;33;6;5.520563908325215;5.520563908325215;5.56253314619958
1088;32;6;4.550488549206895;4.550488549206895;5.2131747238151265
1089;18;6;4.799921588414269;4.799921588414269;5.0950448239744475
1090;10;6;4.816428153413626;4.816428153413626;3.7413927458189233
1091;28;6;5.3270199958364834;5.3270199958364834;5.408678746231918
1092;24;5;6.434176199324955;6.434176199324955;6.054054732600285
1093;32;6;5.953424226735448;5.953424226735448;5.7955854524066694
1094;30;5;4.4556893134726225;4.4556893134726225;4.484966339077505
1095;30;6;5.883891640034173;5.883891640034173;5.819271624927209
1096;17;6;7.385607123094514;7.385607123094514;7.294143090287391
1097;30;5;6.084449363746272;6.084449363746272;6.264128587736744
1098;24;6;4.529115648458359;4.529115648458359;5.16674451669934
1099;25;6;3.7008130905820207;3.7008130905820207;4.086223136403
1100;17;6;5.194899029994029;5.194899029994029;5.765906322094497
1101;19;5;4.019629272285367;4.019629272285367;4.141522296309492
1102;8;6;5.430287268844662;5.430287268844662;5.340547639403437
1103;19;5;5.302912824943964;5.302912824943964;5.033010613683313
1104;26;6;4.140735077181673;4.140735077181673;4.5933120769411415
1105;8;6;4.155109424913748;4.155109424913748;3.6515971898022017
1106;4;6;10.83804380515469;10.83804380515469;8.292071132637533
1107;32;6;3.860657967828214;3.860657967828214;3.8188056209041386
1108;15;5;4.579712118759129;4.579712118759129;4.821930306216345
1109;2;6;6.343096252864138;6.343096252864138;4.9783403248480225
1110;7;6;6.362566599261115;6.362566599261115;5.930090334750706
1111;13;5;3.9740923616970574;3.9740923616970574;4.27443208585347
1112;26;6;4.714894926652325;4.714894926652325;5.054193927702794
1113;11;6;3.4584092715665897;3.4584092715665897;3.959645733650713
1114;12;6;5.641362219984402;5.641362219984402;5.582497369633296
1115;12;6;4.364485901991405;4.364485901991405;4.938453232851621
1116;13;6;4.429523392650553;4.429523392650553;4.2379934576291625
1117;33;6;4.560979273630223;4.560979273630223;4.911388266982857
1118;14;6;5.1926457321318304;5.1926457321318304;5.377546167345088
1119;11;6;4.421936636362563;4.421936636362563;4.431759498484677
1120;8;6;4.136082417367955;4.136082417367955;3.9780817515572595
1121;20;6;5.965025106625028;5.965025106625028;6.157902087013745
1122;25;6;7.77083626033741;7.77083626033741;7.327411715225498
1123;43;6;6.1606279630367;6.1606279630367;6.053082750990144
1124;23;6;5.330355691819968;5.330355691819968;6.018986411732278
1125;2;6;13.517376575325196;13.517376575325196;6.60069333968313
1126;14;6;4.5768626096320135;4.5768626096320135;4.59396667209354
1127;26;6;8.112666949512937;8.112666949512937;7.440874738113131
1128;9;5;7.733927724732243;7.733927724732243;6.684242785057446
1129;18;6;4.030623557178185;4.030623557178185;4.308858315479337
1130;14;6;7.159886669917261;7.159886669917261;7.36128779704728
1131;8;5;6.2969240378097915;6.2969240378097915;5.82851507582137
1132;24;6;6.582483683446501;6.582483683446501;6.380508442209541
1133;20;6;6.220828666371694;6.220828666371694;6.050980250437475
1134;24;6;4.6709630483312194;4.6709630483312194;4.740478361018473
1135;22;6;6.955263568102564;6.955263568102564;7.105713879875454
1136;11;6;0.0;0.0;4.836117879733468
1137;11;6;0.0;0.0;4.836117879733468
1138;40;6;2.9162231519963657;2.9162231519963657;3.238895607323465
1139;35;6;2.5073531108223093;2.5073531108223093;2.6783701668544646
1140;16;6;6.467353122561721;6.467353122561721;6.256467617433919
1141;31;6;7.20089002347994;7.20089002347994;7.460740456031952
1142;18;6;3.6548463662001622;3.6548463662001622;4.109336142515353
1143;16;5;6.457249965937748;6.457249965937748;5.886585813848578
1144;26;5;5.8861804327110985;5.8861804327110985;6.037807741506222
1145;13;3;1.6810246008549334;1.6810246008549334;1.9520289614118542
1146;15;6;4.644041373026365;4.644041373026365;4.886051409561465
1147;11;6;5.584205716984075;5.584205716984075;6.013756174535174
1148;18;6;4.098514815917334;4.098514815917334;4.461490496518282
1149;7;6;5.533798421721937;5.533798421721937;5.316547914970613
1150;35;5;5.540944122832668;5.540944122832668;5.407811750948128
1151;14;6;6.835786156028076;6.835786156028076;6.84532647484109
1152;11;6;7.566164967681616;7.566164967681616;6.873362074041177
1153;11;6;5.7073911827827954;5.7073911827827954;4.814410949695481
1154;26;6;5.93954239929169;5.93954239929169;6.1779306433874535
1155;3;5;8.522302409277408;8.522302409277408;6.3467436911651225
1156;13;6;5.1585130176609795;5.1585130176609795;4.89933831805394
1157;14;6;5.7978966347614485;5.7978966347614485;5.383598223300441
1158;44;6;3.5935341022782024;3.5935341022782024;4.078352884362431
1159;11;6;9.84725097288331;9.84725097288331;9.752149889420883
1160;23;6;4.995231558437055;4.995231558437055;5.196934051525205
1161;23;6;5.6032523816617195;5.6032523816617195;6.1174731899197585
1162;20;6;5.682812937511565;5.682812937511565;5.502760507250311
1163;9;6;8.205625606105182;8.205625606105182;7.494661800449695
1164;8;6;7.331254932508885;7.331254932508885;6.731588171746583
1165;17;6;6.196220958307297;6.196220958307297;5.564008672614798
1166;25;6;4.502978933387536;4.502978933387536;4.748325635595533
1167;10;6;5.018093684336715;5.018093684336715;4.493752012179415
1168;27;5;5.366686450734816;5.366686450734816;5.135819104537255
1169;7;6;6.487740358759684;6.487740358759684;5.712833549050323
1170;19;6;2.9618641963988366;2.9618641963988366;3.1176921763923553
1171;32;6;3.53880943882878;3.53880943882878;4.029629288694009
1172;41;6;2.680223264507763;2.680223264507763;3.3566448629057617
1173;41;6;2.8461479991991094;2.8461479991991094;3.3569986312704025
1174;29;6;10.351188594826032;10.351188594826032;9.630922370059583
1175;43;6;2.3608956036336646;2.3608956036336646;2.934655117478375
1176;17;6;0.0;0.0;5.168791636082373
1177;17;6;0.0;0.0;5.168791636082373
1178;15;6;6.072078878640387;6.072078878640387;5.989878156003722
1179;41;6;4.471147931564581;4.471147931564581;5.088720949904887
1180;31;6;3.7434749245703025;3.7434749245703025;4.218090111260915
1181;27;6;4.149001885258504;4.149001885258504;4.407716673145042
1182;1;6;12.440985028053941;12.440985028053941;5.773281933077106
1183;4;5;6.467202748875743;6.467202748875743;5.053193846590873
1184;6;6;3.9260640920412198;3.9260640920412198;3.9935392310617526
1185;12;5;4.708034873003098;4.708034873003098;4.755122609753068
1186;14;6;6.2076969927221715;6.2076969927221715;5.8966484750233485
1187;23;6;4.299656702841893;4.299656702841893;4.601018760133289
1188;21;5;4.026411274082344;4.026411274082344;4.581166031449606
1189;14;6;6.725428955194331;6.725428955194331;7.136901023270949
1190;3;5;7.435258139080738;7.435258139080738;6.219388900190951
1191;17;6;5.849334436762203;5.849334436762203;5.995175384397196
1192;7;6;11.013783138651519;11.013783138651519;8.463127182086415
1193;19;6;8.109413281927086;8.109413281927086;8.27290299411601
1194;16;6;4.612558767002504;4.612558767002504;4.934234864703215
1195;14;6;6.182827275453067;6.182827275453067;5.679181584420608
1196;32;6;3.9903485532723115;3.9903485532723115;4.590598663655657
1197;16;6;5.861402833513677;5.861402833513677;5.576884948339892
1198;14;6;11.415257189309035;11.415257189309035;10.468048444424234
1199;7;6;9.026686103279411;9.026686103279411;5.871364991766862
1200;2;5;8.34535501679877;8.34535501679877;6.515401933131206
1201;5;5;4.499841339191873;4.499841339191873;3.9290851896286436
1202;31;6;4.54020085440076;4.54020085440076;4.701633660496717
1203;24;6;7.701923898023057;7.701923898023057;7.3878317760587215
1204;22;6;5.032164495864941;5.032164495864941;5.184613341409466
1205;6;6;5.277251882402589;5.277251882402589;4.75843056210765
1206;31;5;4.090623783321749;4.090623783321749;4.2318085732458695
1207;28;5;5.932174044166018;5.932174044166018;5.074466469219382
1208;30;6;4.209223198715125;4.209223198715125;4.3360122342898775
1209;16;6;3.1320066863536113;3.1320066863536113;3.5165475902518324
1210;18;6;5.944040127847665;5.944040127847665;5.606462627939796
1211;13;6;7.908581630392994;7.908581630392994;7.04124554535772
1212;28;5;5.853212849168439;5.853212849168439;6.206877988339974
1213;11;6;5.32078308896123;5.32078308896123;5.0066193337792235
1214;11;6;6.1311181478631465;6.1311181478631465;6.041633966059523
1215;29;6;7.180068643189002;7.180068643189002;6.908927341395059
1216;2;6;10.391930003752517;10.391930003752517;7.616743916680031
1217;6;6;6.791941394465079;6.791941394465079;6.0994717567575405
1218;29;6;3.8410414606736643;3.8410414606736643;4.151001320811128
1219;23;6;4.735338379324247;4.735338379324247;4.75606521603602
1220;2;6;8.254217256235627;8.254217256235627;6.5052255988016014
1221;46;6;5.364457417871737;5.364457417871737;5.555634166243774
1222;14;6;6.645661791275671;6.645661791275671;6.074133599604211
1223;23;6;6.006914306730362;6.006914306730362;5.994670235842381
1224;22;5;4.182721748562109;4.182721748562109;4.285474889086272
1225;15;6;4.867294588699709;4.867294588699709;4.723356065637397
1226;13;6;8.449956296510443;8.449956296510443;7.425576821572129
1227;34;6;5.791691995542103;5.791691995542103;6.1826916467878315
1228;32;6;3.911145195811398;3.911145195811398;3.880375603359518
1229;15;6;9.739782224845417;9.739782224845417;9.006992460004422
1230;22;6;8.42557912150212;8.42557912150212;8.164740744103025
1231;32;6;5.793889543982512;5.793889543982512;5.5824038330166506
1232;14;6;4.7467891231313875;4.7467891231313875;5.002534784356345
1233;48;6;4.593726038127446;4.593726038127446;4.9160195079187075
1234;20;6;7.157746219464503;7.157746219464503;6.951654614569014
1235;28;6;5.372918652871153;5.372918652871153;5.265946582830729
1236;34;6;6.087714046299603;6.087714046299603;6.413521720632971
1237;25;6;3.3246723015977615;3.3246723015977615;3.7634689563586163
1238;8;5;5.920704997385442;5.920704997385442;6.754474178481817
1239;34;6;4.401748944601595;4.401748944601595;4.671892537878262
1240;22;6;6.181729678927404;6.181729678927404;5.955127152736148
1241;38;5;4.951491097619086;4.951491097619086;5.483327787111013
1242;17;6;0.0;0.0;5.419686962802397
1243;17;6;0.0;0.0;5.419686962802397
1244;29;6;3.7316300876827766;3.7316300876827766;4.2643948668322
1245;21;6;4.961493908052522;4.961493908052522;5.443966139164265
1246;10;6;6.58009801203315;6.58009801203315;6.575445482850837
1247;9;6;5.584942854564524;5.584942854564524;4.804771603698076
1248;7;5;11.423477246509716;11.423477246509716;10.096367971636557
1249;5;6;8.701005906863887;8.701005906863887;7.294460073744106
1250;8;6;8.066070848280676;8.066070848280676;6.682493093854239
1251;26;6;4.012791010677763;4.012791010677763;4.41464896644845
1252;5;5;5.453576192947644;5.453576192947644;4.62372049596391
1253;28;6;5.4863299015600235;5.4863299015600235;6.0260857316942955
1254;27;6;5.3258186565486065;5.3258186565486065;5.369618533771449
1255;27;6;4.2606447132845355;4.2606447132845355;4.486256705228541
1256;24;6;0.0;0.0;6.741923982258453
1257;17;6;6.0136259488627655;6.0136259488627655;5.227960386608579
1258;24;6;0.0;0.0;6.741923982258453
1259;22;6;4.533411873131885;4.533411873131885;5.027679701185629
1260;37;6;5.175771120759705;5.175771120759705;5.280319827501794
1261;22;6;4.969045580595254;4.969045580595254;5.127391741735596
1262;14;6;6.711240147499966;6.711240147499966;6.763390192884079
1263;15;5;2.547013436681697;2.547013436681697;3.3103548388307718
1264;11;5;2.6862936041476715;2.6862936041476715;3.3635930494073727
1265;46;6;4.246570897441599;4.246570897441599;4.8005969049147454
1266;35;6;4.686218271534491;4.686218271534491;4.891799170952494
1267;24;6;4.167947798893656;4.167947798893656;4.462451217129034
1268;23;6;3.1725441895912927;3.1725441895912927;3.672074622883691
1269;39;6;5.2442976773278795;5.2442976773278795;5.31527000327067
1270;12;6;5.382777172721407;5.382777172721407;5.002376477674374
1271;26;6;5.742505462497367;5.742505462497367;5.94900366441605
1272;5;6;5.977797620037707;5.977797620037707;5.275454358321006
1273;34;6;5.5613816318186124;5.5613816318186124;5.65739623387142
1274;41;6;4.57021419439585;4.57021419439585;4.8014615381204395
1275;24;6;4.66764242947175;4.66764242947175;4.754127217855701
1276;20;6;6.862900962539382;6.862900962539382;6.620044544686945
1277;15;6;6.285006935471508;6.285006935471508;6.208412039951636
1278;28;5;5.543469265027596;5.543469265027596;5.529690835388555
1279;12;6;4.087001502884533;4.087001502884533;4.100347434963466
1280;22;6;3.9558064901634826;3.9558064901634826;4.525380208117632
1281;43;6;3.560025183076124;3.560025183076124;3.932134468285341
1282;7;6;4.806315858405861;4.806315858405861;5.418931947371694
1283;7;6;3.9323284263093656;3.9323284263093656;4.710937717595677
1284;24;6;4.073417990700868;4.073417990700868;4.492736259361073
1285;20;6;5.465417967768976;5.465417967768976;5.597326256170054
1286;33;6;3.916409642358967;3.916409642358967;4.491795753610752
1287;5;5;6.365522866857949;6.365522866857949;5.061760674440604
1288;10;5;4.198161530051912;4.198161530051912;4.532241064462051
1289;24;6;5.09802413945094;5.09802413945094;5.218938119529377
1290;21;6;4.693075183544205;4.693075183544205;5.061771955955124
1291;31;6;5.259793734817166;5.259793734817166;5.522613974069606
1292;27;6;6.358354262221807;6.358354262221807;6.596567542433684
1293;13;6;6.240412324941169;6.240412324941169;6.223422483145437
1294;7;5;6.1173967500910535;6.1173967500910535;5.411539734272318
1295;32;6;5.931336370476442;5.931336370476442;6.288500726267998
1296;30;5;3.616053599841992;3.616053599841992;4.101032807746582
1297;11;6;7.063001368562892;7.063001368562892;6.887769903903641
1298;28;6;9.898513125060077;9.898513125060077;9.53818836525931
1299;13;6;5.6429638971666725;5.6429638971666725;5.327731186838126
1300;25;6;5.058076452439777;5.058076452439777;5.454638809529376
1301;32;6;3.100351009848617;3.100351009848617;3.6001384029475756
1302;29;6;4.7294520309190204;4.7294520309190204;4.992955953403084
1303;39;6;5.09114456077377;5.09114456077377;5.240924460708485
1304;8;6;4.720498188385648;4.720498188385648;4.64824360251294
1305;21;6;4.444856588187344;4.444856588187344;4.964626887928874
1306;9;6;7.081144304154594;7.081144304154594;6.649054698986415
1307;28;6;4.968746257394544;4.968746257394544;5.3019521245084835
1308;14;6;4.821348275987605;4.821348275987605;4.781505513112126
1309;34;6;5.307519318556464;5.307519318556464;5.531651837278758
1310;11;5;4.974012613247536;4.974012613247536;5.51910103108872
1311;7;6;4.471144701230631;4.471144701230631;4.737058938163373
1312;27;5;6.55081704088296;6.55081704088296;6.362242926324393
1313;20;6;3.8950793383123;3.8950793383123;4.2364983545454376
1314;18;6;6.32350429628011;6.32350429628011;6.140832281008595
1315;9;6;9.53903660222337;9.53903660222337;6.738786193664929
1316;10;6;3.821120525693047;3.821120525693047;4.301684563167566
1317;20;6;5.412245232944572;5.412245232944572;5.744579862189676
1318;28;6;4.254557237140391;4.254557237140391;4.491787012974941
1319;15;6;5.634145932681506;5.634145932681506;5.424908176177165
1320;24;6;4.426712825988867;4.426712825988867;4.430529228310651
1321;27;6;6.915431607056903;6.915431607056903;6.833087593798739
1322;10;6;3.855704733258321;3.855704733258321;3.601962833835071
1323;18;5;5.394379681656827;5.394379681656827;5.502493675781049
1324;15;5;5.876966581709586;5.876966581709586;5.948697537692629
1325;29;6;4.865000250536285;4.865000250536285;5.016949945818
1326;9;6;6.14677669665068;6.14677669665068;6.641962074407086
1327;23;5;4.966145635501872;4.966145635501872;5.026718211009124
1328;6;6;5.33972003388135;5.33972003388135;4.6920753584204835
1329;14;6;6.781637517703152;6.781637517703152;6.098836167971698
1330;23;6;4.05299193817848;4.05299193817848;4.56639623299897
1331;11;6;7.294380916840629;7.294380916840629;6.9984859304435085
1332;2;6;9.291566476541014;9.291566476541014;6.171558219361162
1333;8;5;3.9722495709068304;3.9722495709068304;4.580802060730801
1334;48;5;5.729302818088258;5.729302818088258;5.548072196494942
1335;10;6;5.564933402337484;5.564933402337484;5.337645461501445
1336;37;6;3.2061269371073764;3.2061269371073764;3.6750973993709297
1337;15;6;5.641475406531599;5.641475406531599;5.801773628110507
1338;17;6;6.532970827726486;6.532970827726486;5.916401479309806
1339;25;6;5.232966396376124;5.232966396376124;5.166868438249555
1340;15;5;3.6993251908183375;3.6993251908183375;4.132232254664127
1341;36;6;4.064719975627254;4.064719975627254;4.564176444528432
1342;10;6;10.346258888053997;10.346258888053997;9.68798404891839
1343;16;6;4.303671009298567;4.303671009298567;4.894542270474925
1344;32;6;4.833923944256316;4.833923944256316;5.135544893051743
1345;28;6;8.417769208719312;8.417769208719312;8.293648948185607
1346;32;6;5.432075782552698;5.432075782552698;5.660915045243998
1347;34;6;4.643602957554375;4.643602957554375;4.931132255360323
1348;17;6;7.598003612369709;7.598003612369709;7.13550444026791
1349;37;6;4.714472346033992;4.714472346033992;5.319680429361447
1350;16;6;6.317484480167994;6.317484480167994;6.218629736335712
1351;39;6;3.7463829413923375;3.7463829413923375;4.144809634419965
1352;26;6;7.07122605722714;7.07122605722714;7.0190040259789015
1353;20;5;4.463681467422363;4.463681467422363;4.657329747006229
1354;28;5;2.7660979239703045;2.7660979239703045;3.1444213318575054
1355;17;6;3.314721469710966;3.314721469710966;3.5693295576890014
1356;5;5;6.487541693398532;6.487541693398532;5.5270570228253035
1357;8;5;3.378093523932689;3.378093523932689;3.8447874788965093
1358;8;5;4.5387783759878495;4.5387783759878495;4.466455175413333
1359;30;6;4.687598567861778;4.687598567861778;5.0854178828964915
1360;30;6;4.772589625100883;4.772589625100883;4.779603572527487
1361;18;5;6.547051814319363;6.547051814319363;6.247980469719587
1362;12;6;6.228468789165542;6.228468789165542;6.756007181116925
1363;18;6;4.187853833285354;4.187853833285354;4.115652950069136
1364;20;5;4.453176670615324;4.453176670615324;4.759981818498273
1365;24;6;8.913545561935019;8.913545561935019;8.420667602632149
1366;15;6;5.09705372587446;5.09705372587446;5.009606434922942
1367;25;6;4.263838113347102;4.263838113347102;4.709683988991576
1368;18;6;5.494157168245311;5.494157168245311;5.612041325005327
1369;20;6;5.197593773113798;5.197593773113798;5.548785132700924
1370;20;6;3.759213075841351;3.759213075841351;4.329148829747999
1371;27;6;4.700658400933481;4.700658400933481;5.237706687240869
1372;16;6;4.1020707228794375;4.1020707228794375;3.9975127636666894
1373;36;6;7.152940417534377;7.152940417534377;7.307775030718769
1374;19;6;5.14147403340003;5.14147403340003;5.540843297135695
1375;13;6;5.28394567161565;5.28394567161565;5.322176766129057
1376;17;6;5.2414208946825855;5.2414208946825855;5.582589433378118
1377;28;6;5.768062710626281;5.768062710626281;5.706338364102989
1378;3;5;8.703441833736255;8.703441833736255;6.2991115766834405
1379;24;6;3.4172860608258957;3.4172860608258957;3.876785554538181
1380;15;6;6.598403732012134;6.598403732012134;6.936543996213415
1381;8;6;5.387299332329315;5.387299332329315;4.790390418896092
1382;11;6;6.144390060148294;6.144390060148294;5.226290214170361
1383;20;6;5.299057501059317;5.299057501059317;5.551391200194454
1384;34;6;5.245651096325869;5.245651096325869;5.544192933481374
1385;24;6;5.021482580872214;5.021482580872214;5.270952294789339
1386;28;6;4.136177680962233;4.136177680962233;4.412870744767233
1387;11;6;10.646244145417404;10.646244145417404;9.420860844172589
1388;14;3;1.3046405240910222;1.3046405240910222;1.7221460615555868
1389;14;3;1.4341602559307594;1.4341602559307594;1.7718105416279148
1390;19;6;7.176998201596132;7.176998201596132;6.85288509052636
1391;14;6;5.600533534413393;5.600533534413393;5.31910095296794
1392;7;5;4.6951898783083434;4.6951898783083434;4.731664656260732
1393;15;5;6.415045801409785;6.415045801409785;5.538635418333418
1394;15;6;5.075680308685388;5.075680308685388;5.27359714258042
1395;2;6;8.599141903299175;8.599141903299175;6.224816854540481
1396;4;6;10.671128932650575;10.671128932650575;8.134233080182073
1397;14;6;4.0769327662538295;4.0769327662538295;4.109606535353373
1398;16;5;5.464344077004383;5.464344077004383;5.112300457258324
1399;16;5;4.494856799921438;4.494856799921438;4.744800774500818
1400;9;6;5.016444640220457;5.016444640220457;5.201462014569254
1401;21;6;3.9124759391285333;3.9124759391285333;3.950855462094749
1402;37;6;4.582919176473133;4.582919176473133;5.231862740661081
1403;8;6;6.869500401469674;6.869500401469674;5.931202067799426
1404;31;6;3.7596703239265787;3.7596703239265787;4.010776439758203
1405;31;6;3.950499081235612;3.950499081235612;4.060945201270118
1406;13;6;6.891884508988854;6.891884508988854;6.719857592667117
1407;16;6;5.30618447915373;5.30618447915373;5.496787955620707
1408;34;6;4.687244808964461;4.687244808964461;4.821323918909479
1409;18;6;5.581052207935604;5.581052207935604;6.218971139033231
1410;20;5;3.315873551269038;3.315873551269038;3.5241193264063435
1411;17;6;6.114270994184065;6.114270994184065;5.99510370963672
1412;18;6;4.619436727986938;4.619436727986938;4.836518408632347
1413;10;6;6.759555588861305;6.759555588861305;6.260951506027899
1414;18;6;6.942960425256564;6.942960425256564;6.313585701632678
1415;18;6;2.8539917823730647;2.8539917823730647;3.232654228604784
1416;18;6;4.783575011081653;4.783575011081653;5.477374899619807
1417;32;6;4.810921264034705;4.810921264034705;4.935835619108061
1418;20;6;7.509827042591093;7.509827042591093;7.1120196204353086
1419;27;6;4.1294525815260155;4.1294525815260155;4.422621929629531
1420;37;6;4.373858336808594;4.373858336808594;4.80026130997102
1421;25;6;4.733483205922716;4.733483205922716;4.571347003685716
1422;15;6;8.172581499473138;8.172581499473138;8.058744262344874
1423;4;6;6.823576964504952;6.823576964504952;4.950731090288719
1424;2;6;10.303911759228482;10.303911759228482;8.151251465395164
1425;29;6;6.215359479548994;6.215359479548994;6.266498028310289
1426;16;6;3.7569851053257795;3.7569851053257795;4.031008442528383
1427;21;6;4.974923014306433;4.974923014306433;4.685421273533652
1428;7;6;6.39358289488995;6.39358289488995;5.879949411517565
1429;4;6;7.122993321486145;7.122993321486145;5.849991435413637
1430;15;6;5.102672648749432;5.102672648749432;5.0291579379463185
1431;14;5;7.708239527747834;7.708239527747834;6.989884906602242
1432;9;5;4.3560057357762405;4.3560057357762405;3.917423723973059
1433;33;6;5.117155945208732;5.117155945208732;5.520843090932571
1434;9;5;6.717123938156634;6.717123938156634;5.15310186116025
1435;25;6;6.015316612079116;6.015316612079116;5.95579809036871
1436;31;6;3.8421067955829984;3.8421067955829984;4.055120802257283
1437;27;5;5.042353072055818;5.042353072055818;4.81965927468545
1438;18;6;5.950464830080394;5.950464830080394;6.254507175744871
1439;10;6;4.903638689246027;4.903638689246027;4.656765774017532
1440;12;6;4.639363380703393;4.639363380703393;4.964257473901922
1441;31;6;4.37547088767448;4.37547088767448;4.788843630063872
1442;20;5;3.189918247205801;3.189918247205801;3.770023043675171
1443;5;6;8.415427692682796;8.415427692682796;7.353220434221319
1444;17;5;5.05975851718329;5.05975851718329;4.913662531849005
1445;24;6;4.302828106606866;4.302828106606866;5.009204768160188
1446;11;6;6.663178646324995;6.663178646324995;5.09683368834584
1447;13;6;5.385904401182393;5.385904401182393;5.467399962445248
1448;12;5;5.181201822725677;5.181201822725677;4.6278374119126084
1449;18;6;8.1748780282229;8.1748780282229;7.7552709207642
1450;7;6;0.0;0.0;5.098985637798485
1451;11;6;8.053248931006834;8.053248931006834;6.958917720199151
1452;9;5;5.656892633691656;5.656892633691656;5.147157425479837
1453;8;5;5.221074090056507;5.221074090056507;5.637126772369002
1454;6;6;4.881995639088348;4.881995639088348;3.7158402906350196
1455;16;6;5.0462391877798085;5.0462391877798085;4.771327690018983
1456;33;5;3.326198287601215;3.326198287601215;4.139731746359521
1457;25;6;3.881408127441239;3.881408127441239;4.180353392519159
1458;26;6;4.962494096367192;4.962494096367192;5.662581424469303
1459;30;6;3.777585624412408;3.777585624412408;4.027414311963129
1460;23;6;5.310535290952759;5.310535290952759;5.025575854178332
1461;20;6;8.255785623336074;8.255785623336074;8.132289504643127
1462;26;5;4.280572619795651;4.280572619795651;4.163462589373699
1463;27;6;4.709119854691379;4.709119854691379;5.531958545240519
1464;12;6;4.787100233862333;4.787100233862333;5.34465448763835
1465;8;5;6.6102380666437925;6.6102380666437925;6.217085855857272
1466;9;6;5.555059940651733;5.555059940651733;4.828175923583896
1467;8;6;5.770956972422509;5.770956972422509;5.514928987840322
1468;32;6;4.1635663517077415;4.1635663517077415;4.71869556236727
1469;23;6;5.798519629488679;5.798519629488679;6.136637706097716
1470;35;6;3.876297318617916;3.876297318617916;4.4419742940547975
1471;10;5;5.785476845717105;5.785476845717105;5.682011594736986
1472;10;5;4.406487705203689;4.406487705203689;4.254516635249014
1473;18;6;4.567375323059499;4.567375323059499;4.655365058661062
1474;21;6;3.2657693562546073;3.2657693562546073;3.864803108709688
1475;17;6;7.8226780380921594;7.8226780380921594;7.545103135886199
1476;25;6;5.566455482431655;5.566455482431655;5.368546784004768
1477;15;5;4.118047240872788;4.118047240872788;4.29154632462841
1478;10;6;8.732302336794671;8.732302336794671;7.166552544550674
1479;25;5;3.2741436779223507;3.2741436779223507;3.7446937568729393
1480;18;6;5.2504427784785035;5.2504427784785035;5.035166553999108
1481;24;6;4.506804288212609;4.506804288212609;4.840765601934229
1482;20;6;5.793588493709661;5.793588493709661;6.364931528211099
1483;24;6;4.1203698222835206;4.1203698222835206;4.399507396964088
